   7.6101617984747957E-004
  0.89923607271319894     
  0.99914069848235809     
   9.5349851424714828E-005
   9.9904650147835686E-002
   5.8341213228109007E-015
   2.1870805593874326E-008
   2.5475620571902265E-005
   1.5020420682533694E-019
   1.1816778501535123E-014
   4.7585283247735988E-010
   6.2301593090516529E-025
   2.1505247188928383E-014
   1.4542891356683489E-006
   7.3838675996598470E-013
   1.1615511683236591E-020
   1.1295391404758555E-016
   2.5261509674431822E-009
   2.5505558893718447E-017
   6.7959474699701782E-023
   1.3973798544868572E-017
   2.9229971794765418E-022
   1.6434188100030030E-028
   3.4090936993845179E-013
   4.0002886002262020E-021
   2.7642671665140958E-027
   2.5942566828169190E-032
