   3.5740305005902908E-241
   2.1728615792598158E-010
   3.5740305005902908E-241
   2.1728615792598158E-010
   0.0000000000000000     
   1.9524802282758576E-089
   8.0220407682694004E-008
   1.1177418802989328E-043
   4.5657725116615209E-030
   7.2653222219430634E-044
   7.2653222219430634E-044
   5.7072156395769002E-030
   3.3280700103902818E-041
   788091340.41484702     
   0.0000000000000000     
   7.0893979822464453E-043
   2.2727418232744971E-044
   8.9706920650929400E-011
   3.5740305005902908E-241
   2.1728615792598158E-010
   3.5740305005902908E-241
   2.1728615792598158E-010
   0.0000000000000000     
   1.9524802282758576E-089
   8.0220407682694004E-008
   1.1177418802989328E-043
   4.5657725116615209E-030
   7.2653222219430634E-044
   7.2653222219430634E-044
   5.7072156395769002E-030
   3.3280700103902818E-041
   788091340.41484702     
   0.0000000000000000     
   7.0893979822464453E-043
   2.2727418232744971E-044
   8.9706920650929400E-011
   3.5740305005902908E-241
   2.1728615792598158E-010
   3.5740305005902908E-241
   2.1728615792598158E-010
   0.0000000000000000     
   1.9524802282758576E-089
   8.0220407682694004E-008
   1.1177418802989328E-043
   4.5657725116615209E-030
   7.2653222219430634E-044
   7.2653222219430634E-044
   5.7072156395769002E-030
   3.3280700103902818E-041
   788091340.41484702     
   0.0000000000000000     
   7.0893979822464453E-043
   2.2727418232744971E-044
   8.9706920650929400E-011
   3.5740305005902908E-241
   2.1728615792598158E-010
   3.5740305005902908E-241
   2.1728615792598158E-010
   0.0000000000000000     
   1.9524802282758576E-089
   8.0220407682694004E-008
   1.1177418802989328E-043
   4.5657725116615209E-030
   7.2653222219430634E-044
   7.2653222219430634E-044
   5.7072156395769002E-030
   3.3280700103902818E-041
   788091340.41484702     
   0.0000000000000000     
   7.0893979822464453E-043
   2.2727418232744971E-044
   8.9706920650929400E-011
