   2.6223276502799812E-002   2.5460407309551681E-005   3.9513606714143939E-008   4.9367723285598482E-020
   2.5452053819999994E-002   2.5460623414933839E-005   3.9294448011319614E-008   4.8121525854417499E-020
   2.4696102369492174E-002   2.5460840583808339E-005   3.9073931837248788E-008   4.6907779671708364E-020
   2.3955269438953434E-002   2.5461059291882252E-005   3.8851560467066151E-008   4.5721728498203971E-020
   2.3229402316060854E-002   2.5461280073094947E-005   3.8626783099597574E-008   4.4558812800167117E-020
   2.2518348288491512E-002   2.5461503523774724E-005   3.8398992063930979E-008   4.3414666390694773E-020
   2.1821954643922493E-002   2.5461730306872860E-005   3.8167518233989774E-008   4.2285114754216700E-020
   2.1140068670030873E-002   2.5461961156689523E-005   3.7931625496522145E-008   4.1166175089555624E-020
   2.0472537654493733E-002   2.5462196884578737E-005   3.7690504084839089E-008   4.0054058108929894E-020
   1.9819208884988154E-002   2.5462438386092535E-005   3.7443262547779103E-008   3.8945171633028861E-020
   1.9179929649191213E-002   2.5462686649961450E-005   3.7188918068968933E-008   3.7836126025908565E-020
   1.8554547234779995E-002   2.5462942459143646E-005   3.6926695015077156E-008   3.6725513669792512E-020
   1.7942908929431574E-002   2.5463205397903557E-005   3.6657017866841763E-008   3.5619040418040917E-020
   1.7344862020823033E-002   2.5463474646331882E-005   3.6380716500982668E-008   3.4523869479337563E-020
   1.6760253796631455E-002   2.5463749255018675E-005   3.6098751300233410E-008   3.3446792696970462E-020
   1.6188931544533915E-002   2.5464028128306083E-005   3.5812229731299309E-008   3.2394226762210991E-020
   1.5630742552207495E-002   2.5464310008226042E-005   3.5522422259121395E-008   3.1372215104779765E-020
   1.5085534107329275E-002   2.5464593459777826E-005   3.5230776925688613E-008   3.0386435603481502E-020
   1.4553153497576335E-002   2.5464876858377180E-005   3.4938931751630158E-008   2.9442214268268669E-020
   1.4033448010625756E-002   2.5465158380486099E-005   3.4648723944535031E-008   2.8544545049805429E-020
   1.3526264934154616E-002   2.5465435998602406E-005   3.4362194735932383E-008   2.7698115933155348E-020
   1.3031451555839997E-002   2.5465708175135115E-005   3.4080895257331186E-008   2.6904783845227250E-020
   1.2548855163358977E-002   2.5465976099498562E-005   3.3803649103761430E-008   2.6156196312958457E-020
   1.2078323044388637E-002   2.5466241883346170E-005   3.3528357179940244E-008   2.5441912543073084E-020
   1.1619702486606057E-002   2.5466507909133005E-005   3.3252649330085825E-008   2.4751987208789905E-020
   1.1172840777688316E-002   2.5466776837778410E-005   3.2973876882710201E-008   2.4076941748986090E-020
   1.0737585205312497E-002   2.5467051625156541E-005   3.2689096390699651E-008   2.3407750179076875E-020
   1.0313783057155676E-002   2.5467335550074229E-005   3.2395041915897735E-008   2.2735839751519969E-020
   9.9012816208949375E-003   2.5467632256880814E-005   3.2088082723982779E-008   2.2053106821200950E-020
   9.4999281842073572E-003   2.5467945816604905E-005   3.1764162508138729E-008   2.1351948310027374E-020
   9.1095700347700176E-003   2.5468280811647072E-005   3.1418715127467140E-008   2.0625309231085115E-020
   8.7300544602599978E-003   2.5468641333499603E-005   3.1047667291126863E-008   1.9869456747446755E-020
   8.3612287483543768E-003   2.5469027437271862E-005   3.0650983905430898E-008   1.9091797354811424E-020
   8.0029401867302372E-003   2.5469437938309951E-005   3.0229871131576790E-008   1.8302077340760059E-020
   7.6550360630646573E-003   2.5469871368752855E-005   2.9785819455993075E-008   1.7509521039659177E-020
   7.3173636650347177E-003   2.5470325886612311E-005   2.9320694147374200E-008   1.6722782069092852E-020
   6.9897702803174977E-003   2.5470799178332911E-005   2.8836832148872315E-008   1.5949908090879446E-020
   6.6721031965900780E-003   2.5471288356531748E-005   2.8337143720228168E-008   1.5198319462886162E-020
   6.3642097015295385E-003   2.5471789856178662E-005   2.7825215586859298E-008   1.4474802230093472E-020
   6.0659370828129583E-003   2.5472299334419301E-005   2.7305410417812720E-008   1.3785515983448975E-020
   5.7771326281174182E-003   2.5472811581494266E-005   2.6782955205170105E-008   1.3136017190753541E-020
   5.4976436251199983E-003   2.5473321786766563E-005   2.6262674985666767E-008   1.2529581386921154E-020
   5.2273173614977783E-003   2.5473829952129471E-005   2.5744580796769339E-008   1.1962396220007549E-020
   4.9660011249278383E-003   2.5474337684266604E-005   2.5227078083985385E-008   1.1429241140408140E-020
   4.7135422030872582E-003   2.5474846996245473E-005   2.4708165421795887E-008   1.0925253684471589E-020
   4.4697878836531188E-003   2.5475360331444088E-005   2.4185410891515977E-008   1.0445905681271637E-020
   4.2345854543024983E-003   2.5475880591638290E-005   2.3655924290929353E-008   9.9869842302955661E-021
   4.0077822027124784E-003   2.5476411171601105E-005   2.3116322825056671E-008   9.5445776712637665E-021
   3.7892254165601390E-003   2.5476956002959729E-005   2.2562687534228025E-008   9.1150667881691293E-021
   3.5787623835225589E-003   2.5477519610492847E-005   2.1990507280056181E-008   8.6951215231706349E-021
   3.3762403912768191E-003   2.5478107184532960E-005   2.1394606628378973E-008   8.2817035286187284E-021
   3.1815067274999992E-003   2.5478723526026485E-005   2.0770200649802878E-008   7.8728747660469155E-021
   2.9944086798691792E-003   2.5479369319484453E-005   2.0116620381521032E-008   7.4700503603728545E-021
   2.8147935360614391E-003   2.5480043908903938E-005   1.9434536319979801E-008   7.0753234819761288E-021
   2.6425085837538591E-003   2.5480746281968023E-005   1.8724974028648787E-008   6.6906207650385986E-021
   2.4774011106235192E-003   2.5481474992230002E-005   1.7989391759189968E-008   6.3176981241776445E-021
   2.3193184043474994E-003   2.5482228075346082E-005   1.7229764016919715E-008   5.9581380950291450E-021
   2.1681077526028792E-003   2.5483002961786767E-005   1.6448668638621100E-008   5.6133486870831685E-021
   2.0236164430667393E-003   2.5483796389967058E-005   1.5649373442197510E-008   5.2845637200362478E-021
   1.8856917634161594E-003   2.5484604325517090E-005   1.4835916728387181E-008   4.9728445916303541E-021
   1.7541810013282195E-003   2.5485421894490386E-005   1.4013173841639223E-008   4.6790833957045263E-021
   1.6289314444799996E-003   2.5486244088415183E-005   1.3186152161827637E-008   4.4037537529738160E-021
   1.5097903805485796E-003   2.5487068217188925E-005   1.2357539134437100E-008   4.1462253853564534E-021
   1.3966050972110395E-003   2.5487892052137821E-005   1.1529559452771479E-008   3.9056503568207364E-021
   1.2892228821444595E-003   2.5488713124812074E-005   1.0704676245357382E-008   3.6812354331693013E-021
   1.1874910230259196E-003   2.5489528718430134E-005   9.8855996122133198E-009   3.4722438547245521E-021
   1.0912568075324997E-003   2.5490335862299128E-005   9.0752921875575185E-009   3.2779979565423416E-021
   1.0003675233412797E-003   2.5491131330305836E-005   8.2769706374041635E-009   3.0978829123650680E-021
   9.1467045812933972E-004   2.5491911644837423E-005   7.4941017365718437E-009   2.9313519872820131E-021
   8.3401289957375974E-004   2.5492673087814359E-005   6.7303913448667954E-009   2.7779338430811094E-021
   7.5824213535161979E-004   2.5493109916156260E-005   6.2935416014863388E-009   2.6372426765130939E-021
   7.5750858931863756E-004   2.5493284888447585E-005   6.1185488113995416E-009   2.6358989755742370E-021
   7.5677551654114395E-004   2.5493357643690374E-005   6.0457734397207322E-009   2.6345565173069213E-021
   7.5604291686642692E-004   2.5493390490431926E-005   6.0129067299743948E-009   2.6332153012886036E-021
   7.5531079014177387E-004   2.5493407752484807E-005   5.9956247878190044E-009   2.6318753270983717E-021
   7.5457913621447255E-004   2.5493418926341179E-005   5.9844310892218872E-009   2.6305365943169573E-021
   7.5384795493181080E-004   2.5493427720261656E-005   5.9756173610490225E-009   2.6291991025267320E-021
   7.5311724614107603E-004   2.5493435586647709E-005   5.9677311969247786E-009   2.6278628513117159E-021
   7.5238700968955621E-004   2.5493443081408296E-005   5.9602166860600071E-009   2.6265278402575776E-021
   7.5165724542453874E-004   2.5493450433089212E-005   5.9528452818822588E-009   2.6251940689516338E-021
   7.5092795319331137E-004   2.5493457727186250E-005   5.9455314882250132E-009   2.6238615369828634E-021
   7.5019913284316193E-004   2.5493464999083680E-005   5.9382399208289657E-009   2.6225302439418949E-021
   7.4947078422137796E-004   2.5493472259179477E-005   5.9309601814713826E-009   2.6212001894210232E-021
   7.4874290717524719E-004   2.5493479514820373E-005   5.9236849234979888E-009   2.6198713730142050E-021
   7.4801550155205714E-004   2.5493486764083147E-005   5.9164160700845575E-009   2.6185437943170670E-021
   7.4728856719909588E-004   2.5493494005602275E-005   5.9091549868028709E-009   2.6172174529269025E-021
   7.4656210396365061E-004   2.5493501246623995E-005   5.9018944273254259E-009   2.6158923484426794E-021
   7.4583611169300927E-004   2.5493508485777486E-005   5.8946357624597187E-009   2.6145684804650407E-021
   7.4511059023445951E-004   2.5493515722488533E-005   5.8873795664620492E-009   2.6132458485963116E-021
   7.4438553943528894E-004   2.5493522960385074E-005   5.8801222112757700E-009   2.6119244524404965E-021
   7.4366095914278531E-004   2.5493530191906076E-005   5.8728712579911721E-009   2.6106042916032891E-021
   7.4293684920423626E-004   2.5493537420586123E-005   5.8656231720265227E-009   2.6092853656920696E-021
   7.4221320946692962E-004   2.5493544648215137E-005   5.8583761634108545E-009   2.6079676743159102E-021
   7.4149003977815270E-004   2.5493551872543054E-005   5.8511324821884487E-009   2.6066512170855791E-021
   7.4076733998519357E-004   2.5493559092524113E-005   5.8438931741075097E-009   2.6053359936135414E-021
   7.4004510993533985E-004   2.5493566309632521E-005   5.8366567649547044E-009   2.6040220035139659E-021
   7.3932334947587885E-004   2.5493573525444385E-005   5.8294216786059959E-009   2.6027092464027273E-021
   7.3860205845409864E-004   2.5493580737710580E-005   5.8221901641814683E-009   2.6013977218974030E-021
   7.3788123671728685E-004   2.5493587944985417E-005   5.8149636673460646E-009   2.6000874296172863E-021
   7.3716088411273088E-004   2.5493595151019858E-005   5.8077384371144376E-009   2.5987783691833816E-021
   7.3644100048771870E-004   2.5493602355874979E-005   5.8005144124212799E-009   2.5974705402184176E-021
   7.3572158568953783E-004   2.5493609557872956E-005   5.7932932710441152E-009   2.5961639423468362E-021
   7.3500263956547600E-004   2.5493616751933532E-005   5.7860800932880989E-009   2.5948585751948083E-021
   7.3428416196282095E-004   2.5493623949413392E-005   5.7788635223293183E-009   2.5935544383902308E-021
   7.3356615272886022E-004   2.5493631138966293E-005   5.7716549045333612E-009   2.5922515315627317E-021
   7.3284861171088163E-004   2.5493638329856226E-005   5.7644449757866144E-009   2.5909498543436759E-021
   7.3213153875617283E-004   2.5493645516992379E-005   5.7572388269698259E-009   2.5896494063661626E-021
   7.3141493371202144E-004   2.5493652701231562E-005   5.7500356011757404E-009   2.5883501872650323E-021
   7.3069879642571509E-004   2.5493659880455594E-005   5.7428374166213399E-009   2.5870521966768731E-021
   7.2998312674454153E-004   2.5493667064281709E-005   5.7356346560507735E-009   2.5857554342400165E-021
   7.2926792451578838E-004   2.5493674238300690E-005   5.7284417287039906E-009   2.5844598995945510E-021
   7.2855318958674339E-004   2.5493681414316985E-005   5.7212468300608036E-009   2.5831655923823135E-021
   7.2783892180469439E-004   2.5493688579264745E-005   5.7140630259990602E-009   2.5818725122469033E-021
   7.2712512101692870E-004   2.5493695747321668E-005   5.7068761387577036E-009   2.5805806588336798E-021
   7.2641178707073416E-004   2.5493702909104458E-005   5.6996955516415973E-009   2.5792900317897686E-021
   7.2569891981339861E-004   2.5493710069583523E-005   5.6925162941829944E-009   2.5780006307640608E-021
   7.2498651909220948E-004   2.5493717227824151E-005   5.6853393011129913E-009   2.5767124554072230E-021
   7.2427458475445450E-004   2.5493724387286149E-005   5.6781611126346393E-009   2.5754255053716952E-021
   7.2356311664742152E-004   2.5493731537788995E-005   5.6709919092374442E-009   2.5741397803116969E-021
   7.2285211461839795E-004   2.5493738691196364E-005   5.6638198272010883E-009   2.5728552798832318E-021
   7.2214157851467175E-004   2.5493745835415693E-005   5.6566569591085147E-009   2.5715720037440867E-021
   7.2143150818353044E-004   2.5493752978625802E-005   5.6494951261214419E-009   2.5702899515538409E-021
   7.2072190347226164E-004   2.5493760122826029E-005   5.6423323288641724E-009   2.5690091229738653E-021
   7.2001276422815311E-004   2.5493767259369152E-005   5.6351772145593523E-009   2.5677295176673271E-021
   7.1930409029849246E-004   2.5493774396713633E-005   5.6280213247360787E-009   2.5664511352991981E-021
   7.1859588153056755E-004   2.5493781532385189E-005   5.6208671336827343E-009   2.5651739755362486E-021
   7.1788813777166590E-004   2.5493788662993091E-005   5.6137180320431597E-009   2.5638980380470600E-021
   7.1718085886907524E-004   2.5493795786374373E-005   5.6065761828910304E-009   2.5626233225020244E-021
   7.1647404467008321E-004   2.5493802911761804E-005   5.5994323533291934E-009   2.5613498285733482E-021
   7.1576769502197744E-004   2.5493810035114307E-005   5.5922905844188659E-009   2.5600775559350591E-021
   7.1506180977204555E-004   2.5493817155199390E-005   5.5851521086930302E-009   2.5588065042630054E-021
   7.1435638876757562E-004   2.5493824270591392E-005   5.5780183517881548E-009   2.5575366732348606E-021
   7.1365143185585483E-004   2.5493831384118686E-005   5.5708864852871089E-009   2.5562680625301298E-021
   7.1294693888417115E-004   2.5493838493327567E-005   5.5637589629048856E-009   2.5550006718301516E-021
   7.1224290969981231E-004   2.5493845599988737E-005   5.5566340138971336E-009   2.5537345008181014E-021
   7.1153934415006562E-004   2.5493852705204035E-005   5.5495105364080432E-009   2.5524695491789963E-021
   7.1083624208221913E-004   2.5493859805448100E-005   5.5423920558438269E-009   2.5512058165996982E-021
   7.1013360334356039E-004   2.5493866903286831E-005   5.5352760062180398E-009   2.5499433027689174E-021
   7.0943142778137700E-004   2.5493873998231252E-005   5.5281628765247984E-009   2.5486820073772190E-021
   7.0872971524295672E-004   2.5493881089173170E-005   5.5210537749218608E-009   2.5474219301170219E-021
   7.0802846557558728E-004   2.5493888175497133E-005   5.5139493168710047E-009   2.5461630706826075E-021
   7.0732767862655621E-004   2.5493895266275530E-005   5.5068404298839822E-009   2.5449054287701192E-021
   7.0662735424315123E-004   2.5493902350015165E-005   5.4997386072791106E-009   2.5436490040775695E-021
   7.0592749227266021E-004   2.5493909430716902E-005   5.4926398480878555E-009   2.5423937963048452E-021
   7.0522809256237044E-004   2.5493916508442227E-005   5.4855440908777882E-009   2.5411398051537051E-021
   7.0452915495957009E-004   2.5493923581296516E-005   5.4784532302006843E-009   2.5398870303277918E-021
   7.0383067931154637E-004   2.5493930652736947E-005   5.4713638088693837E-009   2.5386354715326288E-021
   7.0313266546558723E-004   2.5493937722382763E-005   5.4642762076506809E-009   2.5373851284756282E-021
   7.0243511326898030E-004   2.5493944790211890E-005   5.4571904485767133E-009   2.5361360008660957E-021
   7.0173802256901321E-004   2.5493951852964847E-005   5.4501097911122506E-009   2.5348880884152290E-021
   7.0104139321297370E-004   2.5493958912898817E-005   5.4430319780645497E-009   2.5336413908361317E-021
   7.0034522504814939E-004   2.5493965966087986E-005   5.4359609352302565E-009   2.5323959078438058E-021
   6.9964951792182793E-004   2.5493973020523567E-005   5.4288886713841700E-009   2.5311516391551619E-021
   6.9895427168129704E-004   2.5493980072672871E-005   5.4218187191830618E-009   2.5299085844890264E-021
   6.9825948617384447E-004   2.5493987124036813E-005   5.4147495777008564E-009   2.5286667435661381E-021
   6.9756516124675773E-004   2.5493994168805156E-005   5.4076870571953876E-009   2.5274261161091575E-021
   6.9687129674732458E-004   2.5494001210860747E-005   5.4006272747720858E-009   2.5261867018426696E-021
   6.9617789252283285E-004   2.5494008246271230E-005   5.3935741627871395E-009   2.5249485004931865E-021
   6.9548494842056996E-004   2.5494015284791160E-005   5.3865179666076723E-009   2.5237115117891557E-021
   6.9479246428782375E-004   2.5494022317839763E-005   5.3794672670407600E-009   2.5224757354609585E-021
   6.9410043997188196E-004   2.5494029349168756E-005   5.3724183123871110E-009   2.5212411712409200E-021
   6.9340887532003191E-004   2.5494036375246751E-005   5.3653746339684108E-009   2.5200078188633082E-021
   6.9271777017956165E-004   2.5494043400707280E-005   5.3583315982844247E-009   2.5187756780643421E-021
   6.9202712439775881E-004   2.5494050420760479E-005   5.3512939951738011E-009   2.5175447485821946E-021
   6.9133693782191092E-004   2.5494057436637461E-005   5.3442605934851744E-009   2.5163150301569953E-021
   6.9064721029930571E-004   2.5494064453832435E-005   5.3372258989780176E-009   2.5150865225308362E-021
   6.8995794167723092E-004   2.5494071467677866E-005   5.3301945792109995E-009   2.5138592254477769E-021
   6.8926913180297419E-004   2.5494078477080859E-005   5.3231677270351034E-009   2.5126331386538484E-021
   6.8858078052382325E-004   2.5494085480339079E-005   5.3161470447379128E-009   2.5114082618970569E-021
   6.8789288768706552E-004   2.5494092484634385E-005   5.3091253504898208E-009   2.5101845949273832E-021
   6.8720545313998905E-004   2.5494099486276283E-005   5.3021063347805849E-009   2.5089621374967996E-021
   6.8651847672988127E-004   2.5494106482944654E-005   5.2950923176724641E-009   2.5077408893592648E-021
   6.8583195830402991E-004   2.5494113477979160E-005   5.2880799595287284E-009   2.5065208502707235E-021
   6.8514589770972271E-004   2.5494120466314313E-005   5.2810743258211475E-009   2.5053020199891285E-021
   6.8446029479424730E-004   2.5494127456196364E-005   5.2740671702440383E-009   2.5040843982744269E-021
   6.8377514940489131E-004   2.5494134442604158E-005   5.2670635139611491E-009   2.5028679848885719E-021
   6.8309046138894259E-004   2.5494141423799988E-005   5.2600650946760477E-009   2.5016527795955313E-021
   6.8240623059368855E-004   2.5494148400341684E-005   5.2530713545749362E-009   2.5004387821612863E-021
   6.8172245686641704E-004   2.5494155378795483E-005   5.2460757272934327E-009   2.4992259923538368E-021
   6.8103914005441569E-004   2.5494162352683404E-005   5.2390846908780420E-009   2.4980144099432060E-021
   6.8035628000497224E-004   2.5494169322915169E-005   5.2320973355588358E-009   2.4968040347014489E-021
   6.7967387656537432E-004   2.5494176286416407E-005   5.2251167357217158E-009   2.4955948664026531E-021
   6.7899192958290955E-004   2.5494183252101150E-005   5.2181339772866458E-009   2.4943869048229417E-021
   6.7831043890486569E-004   2.5494190210318067E-005   5.2111587115925455E-009   2.4931801497404829E-021
   6.7762940437853046E-004   2.5494197170031973E-005   5.2041819738030187E-009   2.4919746009354908E-021
   6.7694882585119139E-004   2.5494204125668019E-005   5.1972093387484477E-009   2.4907702581902316E-021
   6.7626870317013632E-004   2.5494211077550068E-005   5.1902404825712493E-009   2.4895671212890297E-021
   6.7558903618265278E-004   2.5494218026083590E-005   5.1832749997339315E-009   2.4883651900182663E-021
   6.7490982473602851E-004   2.5494224970505753E-005   5.1763136531069973E-009   2.4871644641663935E-021
   6.7423106867755124E-004   2.5494231912953590E-005   5.1693543056060622E-009   2.4859649435239307E-021
   6.7355276785450850E-004   2.5494238849190203E-005   5.1624011941535369E-009   2.4847666278834759E-021
   6.7287492211418813E-004   2.5494245786973304E-005   5.1554465609560789E-009   2.4835695170397042E-021
   6.7219753130387766E-004   2.5494252720196854E-005   5.1484965120992778E-009   2.4823736107893774E-021
   6.7152059527086493E-004   2.5494259650182133E-005   5.1415497262248442E-009   2.4811789089313465E-021
   6.7084411386243747E-004   2.5494266577139330E-005   5.1346059931855913E-009   2.4799854112665582E-021
   6.7016808692588322E-004   2.5494273502985928E-005   5.1276633954825159E-009   2.4787931175980573E-021
   6.6949251430848940E-004   2.5494280422249945E-005   5.1207274050267873E-009   2.4776020277309935E-021
   6.6881739585754416E-004   2.5494287339656877E-005   5.1137932963762580E-009   2.4764121414726266E-021
   6.6814273142033482E-004   2.5494294250695292E-005   5.1068655809131895E-009   2.4752234586323299E-021
   6.6746852084414922E-004   2.5494301163790768E-005   5.0999358330279144E-009   2.4740359790215958E-021
   6.6679476397627510E-004   2.5494308069353217E-005   5.0930136428187197E-009   2.4728497024540410E-021
   6.6612146066399988E-004   2.5494314973307158E-005   5.0860930857247229E-009   2.4716646287454123E-021
   6.6544861075461140E-004   2.5494321876948638E-005   5.0791728656707374E-009   2.4704807577135877E-021
   6.6477621409539761E-004   2.5494328777272958E-005   5.0722559873599378E-009   2.4692980891785888E-021
   6.6410427053364572E-004   2.5494335675010134E-005   5.0653417207866748E-009   2.4681166229625788E-021
   6.6343277991664357E-004   2.5494342563547180E-005   5.0584366788723761E-009   2.4669363588898698E-021
   6.6276174209167901E-004   2.5494349453711950E-005   5.0515300337772538E-009   2.4657572967869278E-021
   6.6209115690603955E-004   2.5494356337673436E-005   5.0446296164855128E-009   2.4645794364823812E-021
   6.6142102420701284E-004   2.5494363219819680E-005   5.0377310389480138E-009   2.4634027778070199E-021
   6.6075134384188661E-004   2.5494370103953418E-005   5.0308304983675138E-009   2.4622273205938047E-021
   6.6008211565794870E-004   2.5494376979767007E-005   5.0239383024443603E-009   2.4610530646778730E-021
   6.5941333950248653E-004   2.5494383850725192E-005   5.0170509863782445E-009   2.4598800098965401E-021
   6.5874501522278784E-004   2.5494390720049556E-005   5.0101653285882152E-009   2.4587081560893058E-021
   6.5807714266614048E-004   2.5494397588638563E-005   5.0032804305803786E-009   2.4575375030978638E-021
   6.5740972167983185E-004   2.5494404453894421E-005   4.9963988901295609E-009   2.4563680507661037E-021
   6.5674275211114982E-004   2.5494411315656627E-005   4.9895208677145789E-009   2.4551997989401109E-021
   6.5607623380738200E-004   2.5494418173640928E-005   4.9826466475956222E-009   2.4540327474681838E-021
   6.5541016661581624E-004   2.5494425028204133E-005   4.9757758729263511E-009   2.4528668962008277E-021
   6.5474455038373985E-004   2.5494431876450479E-005   4.9689114394846307E-009   2.4517022449907696E-021
   6.5407938495844089E-004   2.5494438725298129E-005   4.9620464290458838E-009   2.4505387936929535E-021
   6.5341467018720668E-004   2.5494445571493957E-005   4.9551840947098527E-009   2.4493765421645573E-021
   6.5275040591732526E-004   2.5494452412956687E-005   4.9483265177830553E-009   2.4482154902649886E-021
   6.5208659199608395E-004   2.5494459251613138E-005   4.9414717714227702E-009   2.4470556378558930E-021
   6.5142322827077082E-004   2.5494466084430579E-005   4.9346228883222692E-009   2.4458969848011647E-021
   6.5076031458867326E-004   2.5494472919770212E-005   4.9277715072504245E-009   2.4447395309669442E-021
   6.5009785079707893E-004   2.5494479747513834E-005   4.9209277464323799E-009   2.4435832762216272E-021
   6.4943583674327565E-004   2.5494486570852081E-005   4.9140884152477704E-009   2.4424282204358710E-021
   6.4877427227455118E-004   2.5494493395263221E-005   4.9072480352935495E-009   2.4412743634826014E-021
   6.4811315723819292E-004   2.5494500212354482E-005   4.9004149994358628E-009   2.4401217052370130E-021
   6.4745249148148861E-004   2.5494507031328666E-005   4.8935801048043105E-009   2.4389702455765800E-021
   6.4679227485172621E-004   2.5494513844306508E-005   4.8867512306873265E-009   2.4378199843810586E-021
   6.4613250719619314E-004   2.5494520653905769E-005   4.8799257592755427E-009   2.4366709215324955E-021
   6.4547318836217702E-004   2.5494527460212091E-005   4.8731036049079975E-009   2.4355230569152294E-021
   6.4481431819696569E-004   2.5494534264976606E-005   4.8662830164249602E-009   2.4343763904159037E-021
   6.4415589654784691E-004   2.5494541061850000E-005   4.8594703431746971E-009   2.4332309219234624E-021
   6.4349792326210808E-004   2.5494547858075861E-005   4.8526583415230828E-009   2.4320866513291658E-021
   6.4284039818703705E-004   2.5494554651698716E-005   4.8458489669082821E-009   2.4309435785265900E-021
   6.4218332116992144E-004   2.5494561441563444E-005   4.8390433744762513E-009   2.4298017034116326E-021
   6.4152669205804890E-004   2.5494568228343983E-005   4.8322408902355412E-009   2.4286610258825266E-021
   6.4087051069870726E-004   2.5494575014309229E-005   4.8254392453025567E-009   2.4275215458398300E-021
   6.4021477693918416E-004   2.5494581791177351E-005   4.8186467214913491E-009   2.4263832631864534E-021
   6.3955949062676713E-004   2.5494588566855318E-005   4.8118554117694522E-009   2.4252461778276456E-021
   6.3890465160874399E-004   2.5494595342814262E-005   4.8050638450252948E-009   2.4241102896710119E-021
   6.3825025973240218E-004   2.5494602113844166E-005   4.7982772312508439E-009   2.4229755986265148E-021
   6.3759631484502975E-004   2.5494608881592515E-005   4.7914939229712953E-009   2.4218421046064834E-021
   6.3694281679391412E-004   2.5494615646722848E-005   4.7847132565999309E-009   2.4207098075256164E-021
   6.3628976542634303E-004   2.5494622406851282E-005   4.7779376160164929E-009   2.4195787073009911E-021
   6.3563716058960421E-004   2.5494629161300793E-005   4.7711676782214610E-009   2.4184488038520635E-021
   6.3498500213098519E-004   2.5494635916889913E-005   4.7643966246473373E-009   2.4173200971006829E-021
   6.3433328989777381E-004   2.5494642668270215E-005   4.7576298037153750E-009   2.4161925869710915E-021
   6.3368202373725771E-004   2.5494649415986336E-005   4.7508666707742287E-009   2.4150662733899331E-021
   6.3303120349672451E-004   2.5494656160254925E-005   4.7441070091863944E-009   2.4139411562862598E-021
   6.3238082902346174E-004   2.5494662900319246E-005   4.7373515756726340E-009   2.4128172355915363E-021
   6.3173090016475756E-004   2.5494669638397792E-005   4.7305981516717796E-009   2.4116945112396472E-021
   6.3108141676789908E-004   2.5494676372855531E-005   4.7238483722333314E-009   2.4105729831669032E-021
   6.3043237868017435E-004   2.5494683103054818E-005   4.7171028749937120E-009   2.4094526513120478E-021
   6.2978378574887089E-004   2.5494689828552364E-005   4.7103621032118010E-009   2.4083335156162629E-021
   6.2913563782127644E-004   2.5494696553784375E-005   4.7036216206721845E-009   2.4072155760231756E-021
   6.2848793474467874E-004   2.5494703275989081E-005   4.6968841891257018E-009   2.4060988324788637E-021
   6.2784067636636521E-004   2.5494709994794599E-005   4.6901501804108817E-009   2.4049832849318619E-021
   6.2719386253362380E-004   2.5494716706371006E-005   4.6834234244943017E-009   2.4038689333331722E-021
   6.2654749309374203E-004   2.5494723418533587E-005   4.6766961059982806E-009   2.4027557776362646E-021
   6.2590156789400786E-004   2.5494730126073848E-005   4.6699734334543277E-009   2.4016438177970854E-021
   6.2525608678170848E-004   2.5494736830341265E-005   4.6632540573678880E-009   2.4005330537740683E-021
   6.2461104960413196E-004   2.5494743529554207E-005   4.6565397593528034E-009   2.3994234855281320E-021
   6.2396645620856571E-004   2.5494750226466227E-005   4.6498277858249359E-009   2.3983151130226951E-021
   6.2332230644229769E-004   2.5494756922165107E-005   4.6431170489763457E-009   2.3972079362236803E-021
   6.2267860015261542E-004   2.5494763614453777E-005   4.6364097458779944E-009   2.3961019550995155E-021
   6.2203533718680642E-004   2.5494770300017847E-005   4.6297091909047412E-009   2.3949971696211501E-021
   6.2139251739215865E-004   2.5494776985174391E-005   4.6230090669433628E-009   2.3938935797620539E-021
   6.2075014061595984E-004   2.5494783667048948E-005   4.6163122484388803E-009   2.3927911854982273E-021
   6.2010820670549719E-004   2.5494790344142037E-005   4.6096202348593276E-009   2.3916899868082078E-021
   6.1946671550805888E-004   2.5494797016400838E-005   4.6029330790551567E-009   2.3905899836730729E-021
   6.1882566687093232E-004   2.5494803688568743E-005   4.5962460375359219E-009   2.3894911760764548E-021
   6.1818506064140535E-004   2.5494810356776623E-005   4.5895629794865856E-009   2.3883935640045405E-021
   6.1754489666676540E-004   2.5494817021000845E-005   4.5828839284898578E-009   2.3872971474460802E-021
   6.1690517479430040E-004   2.5494823681070477E-005   4.5762090554849209E-009   2.3862019263923953E-021
   6.1626589487129789E-004   2.5494830340299407E-005   4.5695350465270685E-009   2.3851079008373849E-021
   6.1562705674504572E-004   2.5494836993253721E-005   4.5628673355648860E-009   2.3840150707775326E-021
   6.1498866026283129E-004   2.5494843643279879E-005   4.5562025760867698E-009   2.3829234362119115E-021
   6.1435070527194246E-004   2.5494850287660563E-005   4.5495434853925250E-009   2.3818329971421960E-021
   6.1371319161966685E-004   2.5494856932595515E-005   4.5428838637438531E-009   2.3807437535726645E-021
   6.1307611915329221E-004   2.5494863570870422E-005   4.5362309254067227E-009   2.3796557055102078E-021
   6.1243948772010616E-004   2.5494870209253286E-005   4.5295779023884420E-009   2.3785688529643367E-021
   6.1180329716739622E-004   2.5494876842580833E-005   4.5229299579242887E-009   2.3774831959471879E-021
   6.1116754734245047E-004   2.5494883472715114E-005   4.5162852299757586E-009   2.3763987344735332E-021
   6.1053223809255620E-004   2.5494890099672652E-005   4.5096437019970168E-009   2.3753154685607842E-021
   6.0989736926500126E-004   2.5494896720532474E-005   4.5030082949387350E-009   2.3742333982290017E-021
   6.0926294070707339E-004   2.5494903339294938E-005   4.4963750084478713E-009   2.3731525235009009E-021
   6.0862895226606011E-004   2.5494909958718317E-005   4.4897410841283713E-009   2.3720728444018604E-021
   6.0799540378924906E-004   2.5494916571489937E-005   4.4831138347558192E-009   2.3709943609599288E-021
   6.0736229512392808E-004   2.5494923180234203E-005   4.4764906358615013E-009   2.3699170732058325E-021
   6.0672962611738480E-004   2.5494929786410736E-005   4.4698700277903102E-009   2.3688409811729820E-021
   6.0609739661690695E-004   2.5494936388685175E-005   4.4632533449274560E-009   2.3677660848974794E-021
   6.0546560646978207E-004   2.5494942987826293E-005   4.4566398184618358E-009   2.3666923844181280E-021
   6.0483425552329789E-004   2.5494949581134031E-005   4.4500321484548933E-009   2.3656198797764370E-021
   6.0420334362474215E-004   2.5494956172212537E-005   4.4434267306752982E-009   2.3645485710166312E-021
   6.0357287062140247E-004   2.5494962763000521E-005   4.4368216264665946E-009   2.3634784581856552E-021
   6.0294283636056661E-004   2.5494969350094412E-005   4.4302202393663663E-009   2.3624095413331862E-021
   6.0231324068952207E-004   2.5494975928860569E-005   4.4236272030052215E-009   2.3613418205116364E-021
   6.0168408345555660E-004   2.5494982506615162E-005   4.4170352011913307E-009   2.3602752957761640E-021
   6.0105536450595805E-004   2.5494989082632739E-005   4.4104449593529410E-009   2.3592099671846812E-021
   6.0042708368801382E-004   2.5494995654367479E-005   4.4038590233126097E-009   2.3581458347978560E-021
   5.9979924084901189E-004   2.5495002220012201E-005   4.3972792002049788E-009   2.3570828986791293E-021
   5.9917183583623964E-004   2.5495008785443370E-005   4.3906996135300266E-009   2.3560211588947147E-021
   5.9854486849698495E-004   2.5495015348449856E-005   4.3841224744529734E-009   2.3549606155136121E-021
   5.9791833867853532E-004   2.5495021904485931E-005   4.3775523286797754E-009   2.3539012686076075E-021
   5.9729224622817861E-004   2.5495028457021393E-005   4.3709857063766728E-009   2.3528431182512930E-021
   5.9666659099320244E-004   2.5495035008028519E-005   4.3644206352271626E-009   2.3517861645220640E-021
   5.9604137282089444E-004   2.5495041554815608E-005   4.3578598069843814E-009   2.3507304075001316E-021
   5.9541659155854226E-004   2.5495048098305082E-005   4.3513022991269034E-009   2.3496758472685291E-021
   5.9479224705343372E-004   2.5495054638107626E-005   4.3447485010173671E-009   2.3486224839131228E-021
   5.9416833915285636E-004   2.5495061174337469E-005   4.3381982983680438E-009   2.3475703175226179E-021
   5.9354486770409791E-004   2.5495067704847536E-005   4.3316538382175103E-009   2.3465193481885654E-021
   5.9292183255444612E-004   2.5495074233995821E-005   4.3251107626180029E-009   2.3454695760053724E-021
   5.9229923355118850E-004   2.5495080760990874E-005   4.3185698629815896E-009   2.3444210010703113E-021
   5.9167707054161290E-004   2.5495087283528494E-005   4.3120334434778131E-009   2.3433736234835224E-021
   5.9105534337300684E-004   2.5495093801825555E-005   4.3055012871959709E-009   2.3423274433480308E-021
   5.9043405189265796E-004   2.5495100317039993E-005   4.2989722362386192E-009   2.3412824607697438E-021
   5.8981319594785431E-004   2.5495106826577009E-005   4.2924488853746755E-009   2.3402386758574717E-021
   5.8919277538588310E-004   2.5495113333713439E-005   4.2859279576891993E-009   2.3391960887229266E-021
   5.8857279005403228E-004   2.5495119839879508E-005   4.2794080229888878E-009   2.3381546994807322E-021
   5.8795323979958947E-004   2.5495126341006202E-005   4.2728931502438589E-009   2.3371145082484358E-021
   5.8733412446984232E-004   2.5495132838802308E-005   4.2663816306929436E-009   2.3360755151465157E-021
   5.8671544391207845E-004   2.5495139331296198E-005   4.2598754358953767E-009   2.3350377202983867E-021
   5.8609719797358571E-004   2.5495145822353615E-005   4.2533707001541393E-009   2.3340011238304118E-021
   5.8547938650165172E-004   2.5495152309093728E-005   4.2468703042431048E-009   2.3329657258719101E-021
   5.8486200934356402E-004   2.5495158790315138E-005   4.2403754495301275E-009   2.3319315265551644E-021
   5.8424506634661034E-004   2.5495165268971003E-005   4.2338831829263917E-009   2.3308985260154299E-021
   5.8362855735807852E-004   2.5495171746568192E-005   4.2273919974620987E-009   2.3298667243909448E-021
   5.8301248222525598E-004   2.5495178217482481E-005   4.2209075173473899E-009   2.3288361218229353E-021
   5.8239684079543078E-004   2.5495184687644720E-005   4.2144238117328481E-009   2.3278067184556300E-021
   5.8178163291589024E-004   2.5495191153339819E-005   4.2079445956937631E-009   2.3267785144362628E-021
   5.8116685843392197E-004   2.5495197612992294E-005   4.2014714447456234E-009   2.3257515099150859E-021
   5.8055251719681404E-004   2.5495204070150192E-005   4.1950008107026781E-009   2.3247257050453755E-021
   5.7993860905185377E-004   2.5495210524126675E-005   4.1885333804592465E-009   2.3237010999834431E-021
   5.7932513384632899E-004   2.5495216976749294E-005   4.1820673264503001E-009   2.3226776948886451E-021
   5.7871209142752733E-004   2.5495223424597941E-005   4.1756060687694393E-009   2.3216554899233869E-021
   5.7809948164273676E-004   2.5495229866419829E-005   4.1691508601928273E-009   2.3206344852531391E-021
   5.7748730433924446E-004   2.5495236306346614E-005   4.1626975689838573E-009   2.3196146810464413E-021
   5.7687555936433840E-004   2.5495242743817582E-005   4.1562467558781863E-009   2.3185960774749125E-021
   5.7626424656530620E-004   2.5495249174952324E-005   4.1498023012651758E-009   2.3175786747132607E-021
   5.7565336578943550E-004   2.5495255605229933E-005   4.1433587260534882E-009   2.3165624729392920E-021
   5.7504291688401403E-004   2.5495262031176175E-005   4.1369195044483607E-009   2.3155474723339193E-021
   5.7443289969632953E-004   2.5495268452774508E-005   4.1304846529730404E-009   2.3145336730811750E-021
   5.7382331407366952E-004   2.5495274871156976E-005   4.1240530395664051E-009   2.3135210753682129E-021
   5.7321415986332186E-004   2.5495281283744942E-005   4.1176272428797256E-009   2.3125096793853254E-021
   5.7260543691257406E-004   2.5495287695832593E-005   4.1112019686450334E-009   2.3114994853259484E-021
   5.7199714506871386E-004   2.5495294103217483E-005   4.1047814193441811E-009   2.3104904933866713E-021
   5.7138928417902900E-004   2.5495300506662840E-005   4.0983648316972974E-009   2.3094827037672483E-021
   5.7078185409080700E-004   2.5495306906811247E-005   4.0919515631177972E-009   2.3084761166706066E-021
   5.7017485465133571E-004   2.5495313301150464E-005   4.0855441258499504E-009   2.3074707323028557E-021
   5.6956828570790276E-004   2.5495319694866790E-005   4.0791373335323689E-009   2.3064665508732972E-021
   5.6896214710779568E-004   2.5495326083865675E-005   4.0727352807276334E-009   2.3054635725944356E-021
   5.6835643869830230E-004   2.5495332470067867E-005   4.0663360466578704E-009   2.3044617976819875E-021
   5.6775116032671026E-004   2.5495338849586552E-005   4.0599435181472737E-009   2.3034612263548890E-021
   5.6714631184030741E-004   2.5495345226415321E-005   4.0535537015547334E-009   2.3024618588353085E-021
   5.6654189308638105E-004   2.5495351600146163E-005   4.0471670048893861E-009   2.3014636953486566E-021
   5.6593790391221914E-004   2.5495357972363949E-005   4.0407818432683359E-009   2.3004667361235938E-021
   5.6533434416510930E-004   2.5495364339544261E-005   4.0344017410653019E-009   2.2994709813920427E-021
   5.6473121369233917E-004   2.5495370702774235E-005   4.0280256111571614E-009   2.2984764313891943E-021
   5.6412851234119627E-004   2.5495377062317004E-005   4.0216531903727971E-009   2.2974830863535247E-021
   5.6352623995896867E-004   2.5495383417961022E-005   4.0152846902611829E-009   2.2964909465267968E-021
   5.6292439639294388E-004   2.5495389770208871E-005   4.0089196082009363E-009   2.2955000121540756E-021
   5.6232298149040943E-004   2.5495396118496727E-005   4.0025585079766774E-009   2.2945102834837416E-021
   5.6172199509865294E-004   2.5495402462961902E-005   3.9962012522955531E-009   2.2935217607674900E-021
   5.6112143706496249E-004   2.5495408803931969E-005   3.9898475135550325E-009   2.2925344442603534E-021
   5.6052130723662538E-004   2.5495415141006914E-005   3.9834976917678703E-009   2.2915483342207041E-021
   5.5992160546092956E-004   2.5495421474197735E-005   3.9771517758961110E-009   2.2905634309102664E-021
   5.5932233158516233E-004   2.5495427802201750E-005   3.9708110686419972E-009   2.2895797345941292E-021
   5.5872348545661177E-004   2.5495434127438373E-005   3.9644731505555273E-009   2.2885972455407525E-021
   5.5812506692256539E-004   2.5495440451210097E-005   3.9581367190811984E-009   2.2876159640219817E-021
   5.5752707583031082E-004   2.5495446770079729E-005   3.9518052114668694E-009   2.2866358903130559E-021
   5.5692951202713560E-004   2.5495453083931067E-005   3.9454787438286870E-009   2.2856570246926183E-021
   5.5633237536032777E-004   2.5495459395814296E-005   3.9391542659959427E-009   2.2846793674427297E-021
   5.5573566567717497E-004   2.5495465703410377E-005   3.9328340970302401E-009   2.2837029188488754E-021
   5.5513938282496450E-004   2.5495472006819015E-005   3.9265181371410584E-009   2.2827276791999771E-021
   5.5454352665098433E-004   2.5495478305004523E-005   3.9202074220499729E-009   2.2817536487884058E-021
   5.5394809700252208E-004   2.5495484602065465E-005   3.9138978530961131E-009   2.2807808279099903E-021
   5.5335309372686538E-004   2.5495490894645959E-005   3.9075927862256960E-009   2.2798092168640283E-021
   5.5275851667130197E-004   2.5495497181497221E-005   3.9012934702041856E-009   2.2788388159533006E-021
   5.5216436568311959E-004   2.5495503467275756E-005   3.8949952484696443E-009   2.2778696254840743E-021
   5.5157064060960576E-004   2.5495509746918919E-005   3.8887031836973337E-009   2.2769016457661229E-021
   5.5097734129804822E-004   2.5495516024977152E-005   3.8824127253480727E-009   2.2759348771127331E-021
   5.5038446759573471E-004   2.5495522297145155E-005   3.8761281787900648E-009   2.2749693198407129E-021
   5.4979201934995286E-004   2.5495528567744792E-005   3.8698452220987169E-009   2.2740049742704102E-021
   5.4919999640799029E-004   2.5495534834833968E-005   3.8635657973205383E-009   2.2730418407257179E-021
   5.4860839861713476E-004   2.5495541096433697E-005   3.8572918834808332E-009   2.2720799195340867E-021
   5.4801722582467399E-004   2.5495547354447061E-005   3.8510215774299836E-009   2.2711192110265387E-021
   5.4742647787789540E-004   2.5495553607274886E-005   3.8447564783699276E-009   2.2701597155376735E-021
   5.4683615462408695E-004   2.5495559857121470E-005   3.8384943819727779E-009   2.2692014334056881E-021
   5.4624625591053627E-004   2.5495566105093848E-005   3.8322341811233623E-009   2.2682443649723797E-021
   5.4565678158453087E-004   2.5495572347349747E-005   3.8259797181524669E-009   2.2672885105831628E-021
   5.4506773149335861E-004   2.5495578587551763E-005   3.8197273304295002E-009   2.2663338705870776E-021
   5.4447910548430711E-004   2.5495584821630480E-005   3.8134810873279399E-009   2.2653804453368039E-021
   5.4389090340466401E-004   2.5495591054246181E-005   3.8072363286059998E-009   2.2644282351886723E-021
   5.4330312510171704E-004   2.5495597280619182E-005   3.8009978338819885E-009   2.2634772405026749E-021
   5.4271577042275384E-004   2.5495603505631014E-005   3.7947607216036101E-009   2.2625274616424790E-021
   5.4212883921506215E-004   2.5495609726092755E-005   3.7885281807100449E-009   2.2615788989754360E-021
   5.4154233132592947E-004   2.5495615942420924E-005   3.7822997946426059E-009   2.2606315528725980E-021
   5.4095624660264368E-004   2.5495622154610456E-005   3.7760755684708044E-009   2.2596854237087235E-021
   5.4037058489249227E-004   2.5495628363180193E-005   3.7698549832822084E-009   2.2587405118622947E-021
   5.3978534604276322E-004   2.5495634567737121E-005   3.7636384320994413E-009   2.2577968177155285E-021
   5.3920052990074382E-004   2.5495640768535731E-005   3.7574256604030504E-009   2.2568543416543865E-021
   5.3861613631372215E-004   2.5495646964131755E-005   3.7512181124615595E-009   2.2559130840685901E-021
   5.3803216512898560E-004   2.5495653157755209E-005   3.7450125582375721E-009   2.2549730453516294E-021
   5.3744861619382182E-004   2.5495659347171949E-005   3.7388112318809733E-009   2.2540342259007795E-021
   5.3686548935551865E-004   2.5495665532630477E-005   3.7326138848339127E-009   2.2530966261171100E-021
   5.3628278446136372E-004   2.5495671714173988E-005   3.7264204738918181E-009   2.2521602464054977E-021
   5.3570050135864466E-004   2.5495677890443671E-005   3.7202323578985835E-009   2.2512250871746402E-021
   5.3511863989464921E-004   2.5495684063312077E-005   3.7140476642130616E-009   2.2502911488370675E-021
   5.3453719991666511E-004   2.5495690232646696E-005   3.7078665253588389E-009   2.2493584318091562E-021
   5.3395618127197978E-004   2.5495696398348587E-005   3.7016890402289873E-009   2.2484269365111401E-021
   5.3337558380788116E-004   2.5495702561917299E-005   3.6955137093092289E-009   2.2474966633671240E-021
   5.3279540737165689E-004   2.5495708719072275E-005   3.6893448131089589E-009   2.2465676128050959E-021
   5.3221565181059448E-004   2.5495714873212085E-005   3.6831789530261916E-009   2.2456397852569413E-021
   5.3163631697198169E-004   2.5495721024608545E-005   3.6770158572165860E-009   2.2447131811584543E-021
   5.3105740270310625E-004   2.5495727171424565E-005   3.6708573627752494E-009   2.2437878009493513E-021
   5.3047890885125578E-004   2.5495733314185500E-005   3.6647029443467363E-009   2.2428636450732850E-021
   5.2990083526371814E-004   2.5495739452832542E-005   3.6585526606978491E-009   2.2419407139778561E-021
   5.2932318178778074E-004   2.5495745587393463E-005   3.6524064840605041E-009   2.2410190081146264E-021
   5.2874594827073131E-004   2.5495751718074932E-005   3.6462642077293670E-009   2.2400985279391337E-021
   5.2816913455985771E-004   2.5495757844959776E-005   3.6401257488644847E-009   2.2391792739109028E-021
   5.2759274050244746E-004   2.5495763966266055E-005   3.6339928894275112E-009   2.2382612464934608E-021
   5.2701676594578829E-004   2.5495770086123635E-005   3.6278614994697863E-009   2.2373444461543502E-021
   5.2644121073716784E-004   2.5495776201485016E-005   3.6217346265164705E-009   2.2364288733651404E-021
   5.2586607472387373E-004   2.5495782312546228E-005   3.6156120744777487E-009   2.2355145286014445E-021
   5.2529135775319382E-004   2.5495788418297573E-005   3.6094948530905486E-009   2.2346014123429291E-021
   5.2471705967241562E-004   2.5495794522295688E-005   3.6033794056596974E-009   2.2336895250733319E-021
   5.2414318032882688E-004   2.5495800621891794E-005   3.5972683809292850E-009   2.2327788672804720E-021
   5.2356971956971532E-004   2.5495806715734628E-005   3.5911631301684292E-009   2.2318694394562667E-021
   5.2299667724236838E-004   2.5495812807976536E-005   3.5850595010446884E-009   2.2309612420967429E-021
   5.2242405319407410E-004   2.5495818894116527E-005   3.5789619945162231E-009   2.2300542757020514E-021
   5.2185184727211991E-004   2.5495824977004478E-005   3.5728677606496696E-009   2.2291485407764831E-021
   5.2128005932379365E-004   2.5495831056187526E-005   3.5667772523010282E-009   2.2282440378284809E-021
   5.2070868919638273E-004   2.5495837133007333E-005   3.5606891278009760E-009   2.2273407673706521E-021
   5.2013773673717501E-004   2.5495843204977408E-005   3.5546058736588510E-009   2.2264387299197896E-021
   5.1956720179345832E-004   2.5495849271155987E-005   3.5485284315522439E-009   2.2255379259968753E-021
   5.1899708421252009E-004   2.5495855334043622E-005   3.5424543009599253E-009   2.2246383561271064E-021
   5.1842738384164793E-004   2.5495861395029523E-005   3.5363820926283347E-009   2.2237400208399005E-021
   5.1785810052812993E-004   2.5495867451925783E-005   3.5303139944394045E-009   2.2228429206689141E-021
   5.1728923411925338E-004   2.5495873502837108E-005   3.5242519016907004E-009   2.2219470561520576E-021
   5.1672078446230590E-004   2.5495879550120984E-005   3.5181934568584796E-009   2.2210524278315058E-021
   5.1615275140457558E-004   2.5495885593486049E-005   3.5121389513130519E-009   2.2201590362537184E-021
   5.1558513479334981E-004   2.5495891631366487E-005   3.5060899508775789E-009   2.2192668819694530E-021
   5.1501793447591624E-004   2.5495897667585900E-005   3.5000426318464286E-009   2.2183759655337744E-021
   5.1445115029956270E-004   2.5495903697853206E-005   3.4940012853303205E-009   2.2174862875060778E-021
   5.1388478211157683E-004   2.5495909726258706E-005   3.4879618209987448E-009   2.2165978484500984E-021
   5.1331882975924625E-004   2.5495915749958535E-005   3.4819270827211372E-009   2.2157106489339277E-021
   5.1275329308985860E-004   2.5495921770261345E-005   3.4758957618273790E-009   2.2148246895300294E-021
   5.1218817195070163E-004   2.5495927785139201E-005   3.4698698862264672E-009   2.2139399708152523E-021
   5.1162346618906305E-004   2.5495933796233144E-005   3.4638478148720791E-009   2.2130564933708489E-021
   5.1105917565223051E-004   2.5495939803827620E-005   3.4578292632732147E-009   2.2121742577824892E-021
   5.1049530018749153E-004   2.5495945805159630E-005   3.4518169944085197E-009   2.2112932646402759E-021
   5.0993183964213396E-004   2.5495951805014012E-005   3.4458062234435982E-009   2.2104135145387566E-021
   5.0936879386344564E-004   2.5495957801604453E-005   3.4397987366475092E-009   2.2095350080769465E-021
   5.0880616269871387E-004   2.5495963791995640E-005   3.4337974693704382E-009   2.2086577458583386E-021
   5.0824394599522651E-004   2.5495969778612261E-005   3.4277999968450625E-009   2.2077817284909205E-021
   5.0768214360027118E-004   2.5495975761395747E-005   3.4218063776375918E-009   2.2069069565871901E-021
   5.0712075536113574E-004   2.5495981738674349E-005   3.4158182834686612E-009   2.2060334307641740E-021
   5.0655978112510770E-004   2.5495987712783726E-005   3.4098333787157990E-009   2.2051611516434387E-021
   5.0599922073947469E-004   2.5495993684664455E-005   3.4038507227337958E-009   2.2042901198511104E-021
   5.0543907405152457E-004   2.5495999651648422E-005   3.3978729836427599E-009   2.2034203360178894E-021
   5.0487934090854495E-004   2.5496005614336681E-005   3.3918995603454343E-009   2.2025518007790673E-021
   5.0432002115782337E-004   2.5496011572815359E-005   3.3859303667113316E-009   2.2016845147745428E-021
   5.0376111464664757E-004   2.5496017527167066E-005   3.3799653201167637E-009   2.2008184786488349E-021
   5.0320262122230538E-004   2.5496023477566860E-005   3.3740042454759133E-009   2.1999536930511067E-021
   5.0264454073208444E-004   2.5496029422077765E-005   3.3680490797521165E-009   2.1990901586351728E-021
   5.0208687302327217E-004   2.5496035364853696E-005   3.3620956689885109E-009   2.1982278760595247E-021
   5.0152961794315651E-004   2.5496041303017580E-005   3.3561468902502724E-009   2.1973668459873378E-021
   5.0097277533902500E-004   2.5496047236956508E-005   3.3502023564401348E-009   2.1965070690864988E-021
   5.0041634505816547E-004   2.5496053166656361E-005   3.3442620816530178E-009   2.1956485460296133E-021
   4.9986032694786546E-004   2.5496059090765621E-005   3.3383274173862963E-009   2.1947912774940291E-021
   4.9930472085541269E-004   2.5496065011593573E-005   3.3323960543567468E-009   2.1939352641618471E-021
   4.9874952662809480E-004   2.5496070928698073E-005   3.3264684346820799E-009   2.1930805067199445E-021
   4.9819474411319953E-004   2.5496076843130594E-005   3.3205435068590901E-009   2.1922270058599873E-021
   4.9764037315801451E-004   2.5496082752676447E-005   3.3146234855680750E-009   2.1913747622784511E-021
   4.9708641360982748E-004   2.5496088657763688E-005   3.3087079427166507E-009   2.1905237766766345E-021
   4.9653286531592606E-004   2.5496094559610184E-005   3.3027956604770457E-009   2.1896740497606805E-021
   4.9597972812359789E-004   2.5496100454244076E-005   3.2968906106344858E-009   2.1888255822415895E-021
   4.9542700188013082E-004   2.5496106345891726E-005   3.2909885667745937E-009   2.1879783748352408E-021
   4.9487468643281225E-004   2.5496112235159901E-005   3.2850889221769636E-009   2.1871324282624092E-021
   4.9432278162893015E-004   2.5496118119716266E-005   3.2791940091479701E-009   2.1862877432487807E-021
   4.9377128731577203E-004   2.5496123999956053E-005   3.2733034324371235E-009   2.1854443205249729E-021
   4.9322020334062553E-004   2.5496129875752271E-005   3.2674173190015222E-009   2.1846021608265511E-021
   4.9266952955077839E-004   2.5496135745983693E-005   3.2615367900684048E-009   2.1837612648940475E-021
   4.9211926579351833E-004   2.5496141613021248E-005   3.2556594746681336E-009   2.1829216334729778E-021
   4.9156941191613312E-004   2.5496147475899292E-005   3.2497863384303020E-009   2.1820832673138600E-021
   4.9101996776591014E-004   2.5496153336225036E-005   3.2439157741141508E-009   2.1812461671722350E-021
   4.9047093319013726E-004   2.5496159190299399E-005   3.2380514808331884E-009   2.1804103338086788E-021
   4.8992230803610200E-004   2.5496165040623794E-005   3.2321909570771481E-009   2.1795757679888290E-021
   4.8937409215109241E-004   2.5496170888337204E-005   3.2263330639108652E-009   2.1787424704833966E-021
   4.8882628538239581E-004   2.5496176731346189E-005   3.2204798947465333E-009   2.1779104420681875E-021
   4.8827888757729994E-004   2.5496182568251669E-005   3.2146328486051015E-009   2.1770796835241230E-021
   4.8773189858309257E-004   2.5496188402921500E-005   3.2087880576443953E-009   2.1762501956372512E-021
   4.8718531824706136E-004   2.5496194232939582E-005   3.2029479379280899E-009   2.1754219791987768E-021
   4.8663914641649392E-004   2.5496200058547207E-005   3.1971122481579339E-009   2.1745950350050710E-021
   4.8609338293867800E-004   2.5496205879914863E-005   3.1912808178278073E-009   2.1737693638576943E-021
   4.8554802766090122E-004   2.5496211696929929E-005   3.1854537595653656E-009   2.1729449665634156E-021
   4.8500308043045133E-004   2.5496217508503844E-005   3.1796321618940035E-009   2.1721218439342309E-021
   4.8445854109461584E-004   2.5496223317819519E-005   3.1738128418855388E-009   2.1712999967873831E-021
   4.8391440950068277E-004   2.5496229122437685E-005   3.1679982387632469E-009   2.1704794259453810E-021
   4.8337068549593937E-004   2.5496234922699865E-005   3.1621880110000918E-009   2.1696601322360178E-021
   4.8282736892767358E-004   2.5496240718565829E-005   3.1563821988205700E-009   2.1688421164923933E-021
   4.8228445964317306E-004   2.5496246510274969E-005   3.1505805627915180E-009   2.1680253795529314E-021
   4.8174195748972536E-004   2.5496252297636465E-005   3.1447832937477783E-009   2.1672099222614015E-021
   4.8119986231461834E-004   2.5496258080786567E-005   3.1389902554034980E-009   2.1663957454669356E-021
   4.8065817396513951E-004   2.5496263859539901E-005   3.1332016331127290E-009   2.1655828500240522E-021
   4.8011689228857663E-004   2.5496269634187232E-005   3.1274171360663956E-009   2.1647712367926762E-021
   4.7957601713221736E-004   2.5496275404437294E-005   3.1216370555629992E-009   2.1639609066381529E-021
   4.7903554834334946E-004   2.5496281170682024E-005   3.1158609996198683E-009   2.1631518604312748E-021
   4.7849548576926049E-004   2.5496286932304801E-005   3.1100895848367845E-009   2.1623440990483027E-021
   4.7795582925723809E-004   2.5496292689758350E-005   3.1043223584640320E-009   2.1615376233709807E-021
   4.7741657865456999E-004   2.5496298443172605E-005   3.0985591905679480E-009   2.1607324342865607E-021
   4.7687773380854399E-004   2.5496304192174486E-005   3.0928004541944439E-009   2.1599285326878214E-021
   4.7633929456644762E-004   2.5496309936620444E-005   3.0870462928706970E-009   2.1591259194730911E-021
   4.7580126077556860E-004   2.5496315675528863E-005   3.0812976882337534E-009   2.1583245955462658E-021
   4.7526363228319463E-004   2.5496321412819263E-005   3.0755507206741333E-009   2.1575245618168351E-021
   4.7472640893661343E-004   2.5496327144688039E-005   3.0698091938508617E-009   2.1567258191998963E-021
   4.7418959058311244E-004   2.5496332872079460E-005   3.0640721634257584E-009   2.1559283686161817E-021
   4.7365317706997965E-004   2.5496338595305068E-005   3.0583393178727978E-009   2.1551322109920770E-021
   4.7311716824450248E-004   2.5496344314046324E-005   3.0526109757003144E-009   2.1543373472596437E-021
   4.7258156395396883E-004   2.5496350028641462E-005   3.0468867986398237E-009   2.1535437783566399E-021
   4.7204636404566628E-004   2.5496355738727766E-005   3.0411671493832199E-009   2.1527515052265441E-021
   4.7151156836688240E-004   2.5496361444823278E-005   3.0354515099097490E-009   2.1519605288185741E-021
   4.7097717676490515E-004   2.5496367144833183E-005   3.0297419749957985E-009   2.1511708500877100E-021
   4.7044318908702183E-004   2.5496372842731066E-005   3.0240345710115900E-009   2.1503824699947172E-021
   4.6990960518052041E-004   2.5496378534612355E-005   3.0183332024832525E-009   2.1495953895061682E-021
   4.6937642489268844E-004   2.5496384223956153E-005   3.0126343904088602E-009   2.1488096095944637E-021
   4.6884364807081363E-004   2.5496389908771138E-005   3.0069401260010209E-009   2.1480251312378551E-021
   4.6831127456218365E-004   2.5496395588590756E-005   3.0012508758018883E-009   2.1472419554204692E-021
   4.6777930421408619E-004   2.5496401262757347E-005   2.9955672974826650E-009   2.1464600831323267E-021
   4.6724773687380889E-004   2.5496406934568265E-005   2.9898860936375512E-009   2.1456795153693694E-021
   4.6671657238863941E-004   2.5496412600412771E-005   2.9842108750455502E-009   2.1449002531334816E-021
   4.6618581060586562E-004   2.5496418263667178E-005   2.9785382652864625E-009   2.1441222974325073E-021
   4.6565545137277492E-004   2.5496423922132083E-005   2.9728704637986895E-009   2.1433456492802854E-021
   4.6512549453665516E-004   2.5496429575793754E-005   2.9672074842839532E-009   2.1425703096966597E-021
   4.6459593994479403E-004   2.5496435225126163E-005   2.9615488527655138E-009   2.1417962797075114E-021
   4.6406678744447905E-004   2.5496440868663748E-005   2.9558960347782026E-009   2.1410235603447783E-021
   4.6353803688299800E-004   2.5496446509877511E-005   2.9502455592867924E-009   2.1402521526464785E-021
   4.6300968810763859E-004   2.5496452146277383E-005   2.9445999163596625E-009   2.1394820576567364E-021
   4.6248174096568854E-004   2.5496457776826043E-005   2.9389601432877424E-009   2.1387132764258035E-021
   4.6195419530443526E-004   2.5496463404917423E-005   2.9333228461426844E-009   2.1379458100100836E-021
   4.6142705097116678E-004   2.5496469026854188E-005   2.9276917222094768E-009   2.1371796594721579E-021
   4.6090030781317050E-004   2.5496474646232889E-005   2.9220631749343640E-009   2.1364148258808065E-021
   4.6037396567773421E-004   2.5496480259395245E-005   2.9164408626056839E-009   2.1356513103110358E-021
   4.5984802441214565E-004   2.5496485870142792E-005   2.9108209835976338E-009   2.1348891138440988E-021
   4.5932248386369235E-004   2.5496491475702693E-005   2.9052063107968748E-009   2.1341282375675253E-021
   4.5879734387966220E-004   2.5496497076628056E-005   2.8995962910190658E-009   2.1333686825751395E-021
   4.5827260430734258E-004   2.5496502671790847E-005   2.8939920523489730E-009   2.1326104499670906E-021
   4.5774826499402153E-004   2.5496508264721500E-005   2.8883900642678996E-009   2.1318535408498745E-021
   4.5722432578698636E-004   2.5496513852460448E-005   2.8827932863285925E-009   2.1310979563363615E-021
   4.5670078653352498E-004   2.5496519435651167E-005   2.8772010750511920E-009   2.1303436975458171E-021
   4.5617764708092502E-004   2.5496525014554602E-005   2.8716131695101875E-009   2.1295907656039323E-021
   4.5565490727647416E-004   2.5496530588796936E-005   2.8660299434595373E-009   2.1288391616428436E-021
   4.5513256696746003E-004   2.5496536158727609E-005   2.8604510474477139E-009   2.1280888868011637E-021
   4.5461062600117032E-004   2.5496541724133438E-005   2.8548766946582754E-009   2.1273399422240051E-021
   4.5408908422489265E-004   2.5496547283403103E-005   2.8493084963691878E-009   2.1265923290630028E-021
   4.5356794148591493E-004   2.5496552840421704E-005   2.8437425674811995E-009   2.1258460484763464E-021
   4.5304719763152458E-004   2.5496558392579250E-005   2.8381815179408682E-009   2.1251011016288006E-021
   4.5252685250900943E-004   2.5496563940200945E-005   2.8326250225279555E-009   2.1243574896917346E-021
   4.5200690596565706E-004   2.5496569483170406E-005   2.8270731976327638E-009   2.1236152138431456E-021
   4.5148735784875522E-004   2.5496575022163448E-005   2.8215253674001802E-009   2.1228742752676890E-021
   4.5096820800559148E-004   2.5496580556291834E-005   2.8159824200624253E-009   2.1221346751567016E-021
   4.5044945628345368E-004   2.5496586085453231E-005   2.8104444579035319E-009   2.1213964147082305E-021
   4.4993110252962941E-004   2.5496591610330482E-005   2.8049107981188236E-009   2.1206594951270592E-021
   4.4941314659140624E-004   2.5496597130800394E-005   2.7993815638226703E-009   2.1199239176247327E-021
   4.4889558831607212E-004   2.5496602646808451E-005   2.7938568095437149E-009   2.1191896834195885E-021
   4.4837842755091447E-004   2.5496608158896877E-005   2.7883359930277607E-009   2.1184567937367811E-021
   4.4786166414322102E-004   2.5496613665590458E-005   2.7828205894877842E-009   2.1177252498083099E-021
   4.4734529794027958E-004   2.5496619166700317E-005   2.7773107877840640E-009   2.1169950528730475E-021
   4.4682932878937766E-004   2.5496624664113782E-005   2.7718047005260647E-009   2.1162662041767662E-021
   4.4631375653780299E-004   2.5496630158596665E-005   2.7663015619130402E-009   2.1155387049721670E-021
   4.4579858103284322E-004   2.5496635646745954E-005   2.7608047749432878E-009   2.1148125565189075E-021
   4.4528380212178619E-004   2.5496641132064432E-005   2.7553108367874787E-009   2.1140877600836284E-021
   4.4476941965191936E-004   2.5496646612339496E-005   2.7498219600611696E-009   2.1133643169399846E-021
   4.4425543347053064E-004   2.5496652086608968E-005   2.7443391069089857E-009   2.1126422283686717E-021
   4.4374184342490749E-004   2.5496657556961468E-005   2.7388601886933421E-009   2.1119214956574533E-021
   4.4322864936233776E-004   2.5496663024297159E-005   2.7333843052263600E-009   2.1112021201011945E-021
   4.4271585113010893E-004   2.5496668486704676E-005   2.7279133678404277E-009   2.1104841030018846E-021
   4.4220344857550878E-004   2.5496673943943209E-005   2.7224476173137049E-009   2.1097674456686707E-021
   4.4169144154582499E-004   2.5496679395448701E-005   2.7169876177483278E-009   2.1090521494178867E-021
   4.4117982988834531E-004   2.5496684842945392E-005   2.7115316448498347E-009   2.1083382155730788E-021
   4.4066861345035731E-004   2.5496690286178923E-005   2.7060799529482332E-009   2.1076256454650390E-021
   4.4015779207914879E-004   2.5496695726268687E-005   2.7006314226595049E-009   2.1069144404318342E-021
   4.3964736562200721E-004   2.5496701159931749E-005   2.6951893369016582E-009   2.1062046018188321E-021
   4.3913733392622042E-004   2.5496706591108623E-005   2.6897497550757883E-009   2.1054961309787368E-021
   4.3862769683907611E-004   2.5496712015133503E-005   2.6843173430740429E-009   2.1047890292716166E-021
   4.3811845420786190E-004   2.5496717436499821E-005   2.6788876073484344E-009   2.1040832980649325E-021
   4.3760960587986537E-004   2.5496722853019745E-005   2.6734627357591875E-009   2.1033789387335699E-021
   4.3710115170237436E-004   2.5496728264495283E-005   2.6680429262661463E-009   2.1026759526598703E-021
   4.3659309152267658E-004   2.5496733671333031E-005   2.6626277722780117E-009   2.1019743412336610E-021
   4.3608542518805941E-004   2.5496739073584831E-005   2.6572172219010985E-009   2.1012741058522877E-021
   4.3557815254581083E-004   2.5496744471223561E-005   2.6518113022315676E-009   2.1005752479206407E-021
   4.3507127344321841E-004   2.5496749864310986E-005   2.6464099515291415E-009   2.0998777688511918E-021
   4.3456478772756988E-004   2.5496755252687658E-005   2.6410133291922117E-009   2.0991816700640243E-021
   4.3405869524615288E-004   2.5496760636466652E-005   2.6356213221424012E-009   2.0984869529868612E-021
   4.3355299584625493E-004   2.5496766015632691E-005   2.6302339456203855E-009   2.0977936190551023E-021
   4.3304768937516393E-004   2.5496771390176911E-005   2.6248512084591820E-009   2.0971016697118511E-021
   4.3254277568016757E-004   2.5496776760487577E-005   2.6194727224239589E-009   2.0964111064079501E-021
   4.3203825460855330E-004   2.5496782124734885E-005   2.6141003172784762E-009   2.0957219306020124E-021
   4.3153412600760899E-004   2.5496787484745721E-005   2.6087321660791100E-009   2.0950341437604524E-021
   4.3103038972462231E-004   2.5496792841481918E-005   2.6033673070077152E-009   2.0943477473575229E-021
   4.3052704560688090E-004   2.5496798193153111E-005   2.5980075304166998E-009   2.0936627428753405E-021
   4.3002409350167232E-004   2.5496803540076763E-005   2.5926525188023779E-009   2.0929791318039276E-021
   4.2952153325628444E-004   2.5496808880911637E-005   2.5873036134171076E-009   2.0922969156412361E-021
   4.2901936471800476E-004   2.5496814217802658E-005   2.5819586692973226E-009   2.0916160958931886E-021
   4.2851758773412119E-004   2.5496819551324291E-005   2.5766171119250684E-009   2.0909366740737093E-021
   4.2801620215192121E-004   2.5496824878706638E-005   2.5712817111955885E-009   2.0902586517047539E-021
   4.2751520781869243E-004   2.5496830201814251E-005   2.5659506025583609E-009   2.0895820303163487E-021
   4.2701460458172277E-004   2.5496835521826602E-005   2.5606226064849473E-009   2.0889068114466231E-021
   4.2651439228829973E-004   2.5496840836332565E-005   2.5553001341225917E-009   2.0882329966418415E-021
   4.2601457078571113E-004   2.5496846146242714E-005   2.5499822748655735E-009   2.0875605874564416E-021
   4.2551513992124441E-004   2.5496851449480875E-005   2.5446711048624588E-009   2.0868895854530646E-021
   4.2501609954218755E-004   2.5496856750078920E-005   2.5393625922200741E-009   2.0862199922025934E-021
   4.2451744949582794E-004   2.5496862044436391E-005   2.5340603374098027E-009   2.0855518092841874E-021
   4.2401918962945345E-004   2.5496867336273780E-005   2.5287606198733869E-009   2.0848850382853151E-021
   4.2352131979035170E-004   2.5496872622243346E-005   2.5234667873509931E-009   2.0842196808017912E-021
   4.2302383982581031E-004   2.5496877902237049E-005   2.5181789478938093E-009   2.0835557384378129E-021
   4.2252674958311709E-004   2.5496883179510408E-005   2.5128938459116354E-009   2.0828932128059927E-021
   4.2203004890955967E-004   2.5496888451516530E-005   2.5076140283046927E-009   2.0822321055273982E-021
   4.2153373765242572E-004   2.5496893718721321E-005   2.5023390291643547E-009   2.0815724182315854E-021
   4.2103781565900277E-004   4.9625130881112436E-008   2.5449702178710965E-005   2.0809141525566360E-021
   4.2054228277657867E-004   4.9590823367231727E-008   2.5449663512294820E-005   2.0802573101491934E-021
   4.2004713885244099E-004   4.9557539345915042E-008   2.5449623842689424E-005   2.0796018926645007E-021
   4.1955238373387758E-004   4.9524269195430344E-008   2.5449584179517087E-005   2.0789479017664346E-021
   4.1905801726817591E-004   4.9491012924009263E-008   2.5449544522769885E-005   2.0782953391275464E-021
   4.1856403930262378E-004   4.9457770539810277E-008   2.5449504872439956E-005   2.0776442064290973E-021
   4.1807044968450885E-004   4.9424542050948046E-008   2.5449465228519557E-005   2.0769945053610954E-021
   4.1757724826111878E-004   4.9391327465252802E-008   2.5449425591001158E-005   2.0763462376223331E-021
   4.1708443487974123E-004   4.9358126785969043E-008   2.5449385959881872E-005   2.0756994049204283E-021
   4.1659200938766390E-004   4.9324939987824577E-008   2.5449346335187291E-005   2.0750540089718583E-021
   4.1609997163217453E-004   4.9291767163204857E-008   2.5449306716825386E-005   2.0744100515020014E-021
   4.1560832146056057E-004   4.9258608274697482E-008   2.5449267104833877E-005   2.0737675342451710E-021
   4.1511705872011000E-004   4.9225463330463450E-008   2.5449227499204933E-005   2.0731264589446611E-021
   4.1462618325811037E-004   4.9192332338666624E-008   2.5449187899930712E-005   2.0724868273527798E-021
   4.1413569492184922E-004   4.9159215307474107E-008   2.5449148307003451E-005   2.0718486412308899E-021
   4.1364559355861440E-004   4.9126112425400257E-008   2.5449108720234997E-005   2.0712119023494486E-021
   4.1315587901569363E-004   4.9093023337609035E-008   2.5449069139980463E-005   2.0705766124880484E-021
   4.1266655114037434E-004   4.9059948234937830E-008   2.5449029566049404E-005   2.0699427734354535E-021
   4.1217760977994443E-004   4.9026887125567784E-008   2.5448989998433957E-005   2.0693103869896439E-021
   4.1168905478169157E-004   4.8993840017682439E-008   2.5448950437126351E-005   2.0686794549578529E-021
   4.1120088599290325E-004   4.8960806919468447E-008   2.5448910882118706E-005   2.0680499791566068E-021
   4.1071310326086741E-004   4.8927787839116036E-008   2.5448871333403237E-005   2.0674219614117706E-021
   4.1022570643287157E-004   4.8894782784818608E-008   2.5448831790972062E-005   2.0667954035585814E-021
   4.0973869535620332E-004   4.8861791764773184E-008   2.5448792254817395E-005   2.0661703074416979E-021
   4.0925206987815044E-004   4.8828814787180177E-008   2.5448752724931343E-005   2.0655466749152335E-021
   4.0876582984600068E-004   4.8795851860243635E-008   2.5448713201306150E-005   2.0649245078428050E-021
   4.0827997510704166E-004   4.8762902992170838E-008   2.5448673683933896E-005   2.0643038080975700E-021
   4.0779450550856101E-004   4.8729968191172712E-008   2.5448634172806785E-005   2.0636845775622697E-021
   4.0730942089784643E-004   4.8697047465463862E-008   2.5448594667916984E-005   2.0630668181292748E-021
   4.0682472112218564E-004   4.8664140823262658E-008   2.5448555169256674E-005   2.0624505317006202E-021
   4.0634040602886633E-004   4.8631248272790660E-008   2.5448515676817963E-005   2.0618357201880569E-021
   4.0585647546517603E-004   4.8598369822273431E-008   2.5448476190593082E-005   2.0612223855130901E-021
   4.0537292927840258E-004   4.8565505479940227E-008   2.5448436710574100E-005   2.0606105296070209E-021
   4.0488976731583361E-004   4.8532655254023905E-008   2.5448397236753204E-005   2.0600001544109938E-021
   4.0440698942475676E-004   4.8499819152761217E-008   2.5448357769122526E-005   2.0593912618760370E-021
   4.0392459545245975E-004   4.8466997184392669E-008   2.5448318307674236E-005   2.0587838539631129E-021
   4.0344258524623017E-004   4.8434189357162665E-008   2.5448278852400536E-005   2.0581779326431501E-021
   4.0296095865335581E-004   4.8401395679319386E-008   2.5448239403293489E-005   2.0575734998971011E-021
   4.0247971552112436E-004   4.8368616159115025E-008   2.5448199960345287E-005   2.0569705577159787E-021
   4.0199885569682333E-004   4.8335850804805591E-008   2.5448160523548051E-005   2.0563691081009031E-021
   4.0151837902774058E-004   4.8303099624651158E-008   2.5448121092893966E-005   2.0557691530631483E-021
   4.0103828536116367E-004   4.8270362626915671E-008   2.5448081668375077E-005   2.0551706946241867E-021
   4.0055857454438041E-004   4.8237639819867422E-008   2.5448042249983650E-005   2.0545737348157337E-021
   4.0007924642467831E-004   4.8204931211778382E-008   2.5448002837711753E-005   2.0539782756797974E-021
   3.9960030084934512E-004   4.8172236810924825E-008   2.5447963431551513E-005   2.0533843192687181E-021
   3.9912173766566851E-004   4.8139556625587119E-008   2.5447924031495063E-005   2.0527918676452241E-021
   3.9864355672093618E-004   4.8106890664049809E-008   2.5447884637534540E-005   2.0522009228824686E-021
   3.9816575786243586E-004   4.8074238934601656E-008   2.5447845249662087E-005   2.0516114870640846E-021
   3.9768834093745518E-004   4.8041601445535766E-008   2.5447805867869830E-005   2.0510235622842262E-021
   3.9721130579328166E-004   4.8008978205149305E-008   2.5447766492149867E-005   2.0504371506476230E-021
   3.9673465227720316E-004   4.7976369221743843E-008   2.5447727122494341E-005   2.0498522542696194E-021
   3.9625838023650740E-004   4.7943774503625405E-008   2.5447687758895386E-005   2.0492688752762308E-021
   3.9578248951848192E-004   4.7911194059104239E-008   2.5447648401345117E-005   2.0486870158041872E-021
   2.6223276502799812E-002   2.5460407309551681E-005   3.9513606714143939E-008   4.9367723285598482E-020
   2.5452053819999994E-002   2.5460623414933839E-005   3.9294448011319614E-008   4.8121525854417499E-020
   2.4696102369492174E-002   2.5460840583808339E-005   3.9073931837248788E-008   4.6907779671708364E-020
   2.3955269438953434E-002   2.5461059291882252E-005   3.8851560467066151E-008   4.5721728498203971E-020
   2.3229402316060854E-002   2.5461280073094947E-005   3.8626783099597574E-008   4.4558812800167117E-020
   2.2518348288491512E-002   2.5461503523774724E-005   3.8398992063930979E-008   4.3414666390694773E-020
   2.1821954643922493E-002   2.5461730306872860E-005   3.8167518233989774E-008   4.2285114754216700E-020
   2.1140068670030873E-002   2.5461961156689523E-005   3.7931625496522145E-008   4.1166175089555624E-020
   2.0472537654493733E-002   2.5462196884578737E-005   3.7690504084839089E-008   4.0054058108929894E-020
   1.9819208884988154E-002   2.5462438386092535E-005   3.7443262547779103E-008   3.8945171633028861E-020
   1.9179929649191213E-002   2.5462686649961450E-005   3.7188918068968933E-008   3.7836126025908565E-020
   1.8554547234779995E-002   2.5462942459143646E-005   3.6926695015077156E-008   3.6725513669792512E-020
   1.7942908929431574E-002   2.5463205397903557E-005   3.6657017866841763E-008   3.5619040418040917E-020
   1.7344862020823033E-002   2.5463474646331882E-005   3.6380716500982668E-008   3.4523869479337563E-020
   1.6760253796631455E-002   2.5463749255018675E-005   3.6098751300233410E-008   3.3446792696970462E-020
   1.6188931544533915E-002   2.5464028128306083E-005   3.5812229731299309E-008   3.2394226762210991E-020
   1.5630742552207495E-002   2.5464310008226042E-005   3.5522422259121395E-008   3.1372215104779765E-020
   1.5085534107329275E-002   2.5464593459777826E-005   3.5230776925688613E-008   3.0386435603481502E-020
   1.4553153497576335E-002   2.5464876858377180E-005   3.4938931751630158E-008   2.9442214268268669E-020
   1.4033448010625756E-002   2.5465158380486099E-005   3.4648723944535031E-008   2.8544545049805429E-020
   1.3526264934154616E-002   2.5465435998602406E-005   3.4362194735932383E-008   2.7698115933155348E-020
   1.3031451555839997E-002   2.5465708175135115E-005   3.4080895257331186E-008   2.6904783845227250E-020
   1.2548855163358977E-002   2.5465976099498562E-005   3.3803649103761430E-008   2.6156196312958457E-020
   1.2078323044388637E-002   2.5466241883346170E-005   3.3528357179940244E-008   2.5441912543073084E-020
   1.1619702486606057E-002   2.5466507909133005E-005   3.3252649330085825E-008   2.4751987208789905E-020
   1.1172840777688316E-002   2.5466776837778410E-005   3.2973876882710201E-008   2.4076941748986090E-020
   1.0737585205312497E-002   2.5467051625156541E-005   3.2689096390699651E-008   2.3407750179076875E-020
   1.0313783057155676E-002   2.5467335550074229E-005   3.2395041915897735E-008   2.2735839751519969E-020
   9.9012816208949375E-003   2.5467632256880814E-005   3.2088082723982779E-008   2.2053106821200950E-020
   9.4999281842073572E-003   2.5467945816604905E-005   3.1764162508138729E-008   2.1351948310027374E-020
   9.1095700347700176E-003   2.5468280811647072E-005   3.1418715127467140E-008   2.0625309231085115E-020
   8.7300544602599978E-003   2.5468641333499603E-005   3.1047667291126863E-008   1.9869456747446755E-020
   8.3612287483543768E-003   2.5469027437271862E-005   3.0650983905430898E-008   1.9091797354811424E-020
   8.0029401867302372E-003   2.5469437938309951E-005   3.0229871131576790E-008   1.8302077340760059E-020
   7.6550360630646573E-003   2.5469871368752855E-005   2.9785819455993075E-008   1.7509521039659177E-020
   7.3173636650347177E-003   2.5470325886612311E-005   2.9320694147374200E-008   1.6722782069092852E-020
   6.9897702803174977E-003   2.5470799178332911E-005   2.8836832148872315E-008   1.5949908090879446E-020
   6.6721031965900780E-003   2.5471288356531748E-005   2.8337143720228168E-008   1.5198319462886162E-020
   6.3642097015295385E-003   2.5471789856178662E-005   2.7825215586859298E-008   1.4474802230093472E-020
   6.0659370828129583E-003   2.5472299334419301E-005   2.7305410417812720E-008   1.3785515983448975E-020
   5.7771326281174182E-003   2.5472811581494266E-005   2.6782955205170105E-008   1.3136017190753541E-020
   5.4976436251199983E-003   2.5473321786766563E-005   2.6262674985666767E-008   1.2529581386921154E-020
   5.2273173614977783E-003   2.5473829952129471E-005   2.5744580796769339E-008   1.1962396220007549E-020
   4.9660011249278383E-003   2.5474337684266604E-005   2.5227078083985385E-008   1.1429241140408140E-020
   4.7135422030872582E-003   2.5474846996245473E-005   2.4708165421795887E-008   1.0925253684471589E-020
   4.4697878836531188E-003   2.5475360331444088E-005   2.4185410891515977E-008   1.0445905681271637E-020
   4.2345854543024983E-003   2.5475880591638290E-005   2.3655924290929353E-008   9.9869842302955661E-021
   4.0077822027124784E-003   2.5476411171601105E-005   2.3116322825056671E-008   9.5445776712637665E-021
   3.7892254165601390E-003   2.5476956002959729E-005   2.2562687534228025E-008   9.1150667881691293E-021
   3.5787623835225589E-003   2.5477519610492847E-005   2.1990507280056181E-008   8.6951215231706349E-021
   3.3762403912768191E-003   2.5478107184532960E-005   2.1394606628378973E-008   8.2817035286187284E-021
   3.1815067274999992E-003   2.5478723526026485E-005   2.0770200649802878E-008   7.8728747660469155E-021
   2.9944086798691792E-003   2.5479369319484453E-005   2.0116620381521032E-008   7.4700503603728545E-021
   2.8147935360614391E-003   2.5480043908903938E-005   1.9434536319979801E-008   7.0753234819761288E-021
   2.6425085837538591E-003   2.5480746281968023E-005   1.8724974028648787E-008   6.6906207650385986E-021
   2.4774011106235192E-003   2.5481474992230002E-005   1.7989391759189968E-008   6.3176981241776445E-021
   2.3193184043474994E-003   2.5482228075346082E-005   1.7229764016919715E-008   5.9581380950291450E-021
   2.1681077526028792E-003   2.5483002961786767E-005   1.6448668638621100E-008   5.6133486870831685E-021
   2.0236164430667393E-003   2.5483796389967058E-005   1.5649373442197510E-008   5.2845637200362478E-021
   1.8856917634161594E-003   2.5484604325517090E-005   1.4835916728387181E-008   4.9728445916303541E-021
   1.7541810013282195E-003   2.5485421894490386E-005   1.4013173841639223E-008   4.6790833957045263E-021
   1.6289314444799996E-003   2.5486244088415183E-005   1.3186152161827637E-008   4.4037537529738160E-021
   1.5097903805485796E-003   2.5487068217188925E-005   1.2357539134437100E-008   4.1462253853564534E-021
   1.3966050972110395E-003   2.5487892052137821E-005   1.1529559452771479E-008   3.9056503568207364E-021
   1.2892228821444595E-003   2.5488713124812074E-005   1.0704676245357382E-008   3.6812354331693013E-021
   1.1874910230259196E-003   2.5489528718430134E-005   9.8855996122133198E-009   3.4722438547245521E-021
   1.0912568075324997E-003   2.5490335862299128E-005   9.0752921875575185E-009   3.2779979565423416E-021
   1.0003675233412797E-003   2.5491131330305836E-005   8.2769706374041635E-009   3.0978829123650680E-021
   9.1467045812933972E-004   2.5491911644837423E-005   7.4941017365718437E-009   2.9313519872820131E-021
   8.3401289957375974E-004   2.5492673087814359E-005   6.7303913448667954E-009   2.7779338430811094E-021
   7.5824213535161979E-004   2.5493109916156260E-005   6.2935416014863388E-009   2.6372426765130939E-021
   7.5750858931863756E-004   2.5493284888447585E-005   6.1185488113995416E-009   2.6358989755742370E-021
   7.5677551654114395E-004   2.5493357643690374E-005   6.0457734397207322E-009   2.6345565173069213E-021
   7.5604291686642692E-004   2.5493390490431926E-005   6.0129067299743948E-009   2.6332153012886036E-021
   7.5531079014177387E-004   2.5493407752484807E-005   5.9956247878190044E-009   2.6318753270983717E-021
   7.5457913621447255E-004   2.5493418926341179E-005   5.9844310892218872E-009   2.6305365943169573E-021
   7.5384795493181080E-004   2.5493427720261656E-005   5.9756173610490225E-009   2.6291991025267320E-021
   7.5311724614107603E-004   2.5493435586647709E-005   5.9677311969247786E-009   2.6278628513117159E-021
   7.5238700968955621E-004   2.5493443081408296E-005   5.9602166860600071E-009   2.6265278402575776E-021
   7.5165724542453874E-004   2.5493450433089212E-005   5.9528452818822588E-009   2.6251940689516338E-021
   7.5092795319331137E-004   2.5493457727186250E-005   5.9455314882250132E-009   2.6238615369828634E-021
   7.5019913284316193E-004   2.5493464999083680E-005   5.9382399208289657E-009   2.6225302439418949E-021
   7.4947078422137796E-004   2.5493472259179477E-005   5.9309601814713826E-009   2.6212001894210232E-021
   7.4874290717524719E-004   2.5493479514820373E-005   5.9236849234979888E-009   2.6198713730142050E-021
   7.4801550155205714E-004   2.5493486764083147E-005   5.9164160700845575E-009   2.6185437943170670E-021
   7.4728856719909588E-004   2.5493494005602275E-005   5.9091549868028709E-009   2.6172174529269025E-021
   7.4656210396365061E-004   2.5493501246623995E-005   5.9018944273254259E-009   2.6158923484426794E-021
   7.4583611169300927E-004   2.5493508485777486E-005   5.8946357624597187E-009   2.6145684804650407E-021
   7.4511059023445951E-004   2.5493515722488533E-005   5.8873795664620492E-009   2.6132458485963116E-021
   7.4438553943528894E-004   2.5493522960385074E-005   5.8801222112757700E-009   2.6119244524404965E-021
   7.4366095914278531E-004   2.5493530191906076E-005   5.8728712579911721E-009   2.6106042916032891E-021
   7.4293684920423626E-004   2.5493537420586123E-005   5.8656231720265227E-009   2.6092853656920696E-021
   7.4221320946692962E-004   2.5493544648215137E-005   5.8583761634108545E-009   2.6079676743159102E-021
   7.4149003977815270E-004   2.5493551872543054E-005   5.8511324821884487E-009   2.6066512170855791E-021
   7.4076733998519357E-004   2.5493559092524113E-005   5.8438931741075097E-009   2.6053359936135414E-021
   7.4004510993533985E-004   2.5493566309632521E-005   5.8366567649547044E-009   2.6040220035139659E-021
   7.3932334947587885E-004   2.5493573525444385E-005   5.8294216786059959E-009   2.6027092464027273E-021
   7.3860205845409864E-004   2.5493580737710580E-005   5.8221901641814683E-009   2.6013977218974030E-021
   7.3788123671728685E-004   2.5493587944985417E-005   5.8149636673460646E-009   2.6000874296172863E-021
   7.3716088411273088E-004   2.5493595151019858E-005   5.8077384371144376E-009   2.5987783691833816E-021
   7.3644100048771870E-004   2.5493602355874979E-005   5.8005144124212799E-009   2.5974705402184176E-021
   7.3572158568953783E-004   2.5493609557872956E-005   5.7932932710441152E-009   2.5961639423468362E-021
   7.3500263956547600E-004   2.5493616751933532E-005   5.7860800932880989E-009   2.5948585751948083E-021
   7.3428416196282095E-004   2.5493623949413392E-005   5.7788635223293183E-009   2.5935544383902308E-021
   7.3356615272886022E-004   2.5493631138966293E-005   5.7716549045333612E-009   2.5922515315627317E-021
   7.3284861171088163E-004   2.5493638329856226E-005   5.7644449757866144E-009   2.5909498543436759E-021
   7.3213153875617283E-004   2.5493645516992379E-005   5.7572388269698259E-009   2.5896494063661626E-021
   7.3141493371202144E-004   2.5493652701231562E-005   5.7500356011757404E-009   2.5883501872650323E-021
   7.3069879642571509E-004   2.5493659880455594E-005   5.7428374166213399E-009   2.5870521966768731E-021
   7.2998312674454153E-004   2.5493667064281709E-005   5.7356346560507735E-009   2.5857554342400165E-021
   7.2926792451578838E-004   2.5493674238300690E-005   5.7284417287039906E-009   2.5844598995945510E-021
   7.2855318958674339E-004   2.5493681414316985E-005   5.7212468300608036E-009   2.5831655923823135E-021
   7.2783892180469439E-004   2.5493688579264745E-005   5.7140630259990602E-009   2.5818725122469033E-021
   7.2712512101692870E-004   2.5493695747321668E-005   5.7068761387577036E-009   2.5805806588336798E-021
   7.2641178707073416E-004   2.5493702909104458E-005   5.6996955516415973E-009   2.5792900317897686E-021
   7.2569891981339861E-004   2.5493710069583523E-005   5.6925162941829944E-009   2.5780006307640608E-021
   7.2498651909220948E-004   2.5493717227824151E-005   5.6853393011129913E-009   2.5767124554072230E-021
   7.2427458475445450E-004   2.5493724387286149E-005   5.6781611126346393E-009   2.5754255053716952E-021
   7.2356311664742152E-004   2.5493731537788995E-005   5.6709919092374442E-009   2.5741397803116969E-021
   7.2285211461839795E-004   2.5493738691196364E-005   5.6638198272010883E-009   2.5728552798832318E-021
   7.2214157851467175E-004   2.5493745835415693E-005   5.6566569591085147E-009   2.5715720037440867E-021
   7.2143150818353044E-004   2.5493752978625802E-005   5.6494951261214419E-009   2.5702899515538409E-021
   7.2072190347226164E-004   2.5493760122826029E-005   5.6423323288641724E-009   2.5690091229738653E-021
   7.2001276422815311E-004   4.8004110968830885E-008   2.5451323812442189E-005   2.5677295176673271E-021
   7.1930409029849246E-004   4.7970309399053257E-008   2.5451277887649663E-005   2.5664511352991981E-021
   7.1859588153056755E-004   4.7943149014179648E-008   2.5451225341397547E-005   2.5651739755362486E-021
   7.1788813777166590E-004   4.7915994895808964E-008   2.5451172808605019E-005   2.5638980380470600E-021
   7.1718085886907524E-004   4.7888847047455908E-008   2.5451120289268042E-005   2.5626233225020244E-021
   7.1647404467008321E-004   4.7861705475044423E-008   2.5451067783380106E-005   2.5613498285733482E-021
   7.1576769502197744E-004   4.7834570184692099E-008   2.5451015290934511E-005   2.5600775559350591E-021
   7.1506180977204555E-004   4.7807441188256835E-008   2.5450962811918939E-005   2.5588065042630054E-021
   7.1435638876757562E-004   4.7780319326408356E-008   2.5450910345492042E-005   2.5575366732348606E-021
   7.1365143185585483E-004   4.7753191837158689E-008   2.5450857904415289E-005   2.5562680625301298E-021
   7.1294693888417115E-004   4.7726081717494143E-008   2.5450805465691082E-005   2.5550006718301516E-021
   7.1224290969981231E-004   4.7698977905237046E-008   2.5450753040381068E-005   2.5537345008181014E-021
   7.1153934415006562E-004   4.7671880410472232E-008   2.5450700628474601E-005   2.5524695491789963E-021
   7.1083624208221913E-004   4.7644789239125504E-008   2.5450648229965191E-005   2.5512058165996982E-021
   7.1013360334356039E-004   4.7617704397123471E-008   2.5450595844846362E-005   2.5499433027689174E-021
   7.0943142778137700E-004   4.7590625890392308E-008   2.5450543473111636E-005   2.5486820073772190E-021
   7.0872971524295672E-004   4.7563553724857413E-008   2.5450491114754531E-005   2.5474219301170219E-021
   7.0802846557558728E-004   4.7536487906443755E-008   2.5450438769768577E-005   2.5461630706826075E-021
   7.0732767862655621E-004   4.7509428441075648E-008   2.5450386438147275E-005   2.5449054287701192E-021
   7.0662735424315123E-004   4.7482375334676751E-008   2.5450334119884133E-005   2.5436490040775695E-021
   7.0592749227266021E-004   4.7455328593170406E-008   2.5450281814972727E-005   2.5423937963048452E-021
   7.0522809256237044E-004   4.7428288222479118E-008   2.5450229523406566E-005   2.5411398051537051E-021
   7.0452915495957009E-004   4.7401254228524887E-008   2.5450177245179182E-005   2.5398870303277918E-021
   7.0383067931154637E-004   4.7374226617229054E-008   2.5450124980284123E-005   2.5386354715326288E-021
   7.0313266546558723E-004   4.7347205394512480E-008   2.5450072728714898E-005   2.5373851284756282E-021
   7.0243511326898030E-004   4.7320190566295382E-008   2.5450020490465053E-005   2.5361360008660957E-021
   7.0173802256901321E-004   4.7293182138497507E-008   2.5449968265528157E-005   2.5348880884152290E-021
   7.0104139321297370E-004   4.7266180117037890E-008   2.5449916053897698E-005   2.5336413908361317E-021
   7.0034522504814939E-004   4.7239184507835033E-008   2.5449863855567272E-005   2.5323959078438058E-021
   6.9964951792182793E-004   4.7212195316806865E-008   2.5449811670530395E-005   2.5311516391551619E-021
   6.9895427168129704E-004   4.7185212549870711E-008   2.5449759498780656E-005   2.5299085844890264E-021
   6.9825948617384447E-004   4.7158236212943382E-008   2.5449707340311560E-005   2.5286667435661381E-021
   6.9756516124675773E-004   4.7131266311941084E-008   2.5449655195116687E-005   2.5274261161091575E-021
   6.9687129674732458E-004   4.7104302852779377E-008   2.5449603063189565E-005   2.5261867018426696E-021
   6.9617789252283285E-004   4.7077345841373397E-008   2.5449550944523771E-005   2.5249485004931865E-021
   6.9548494842056996E-004   4.7050395283637583E-008   2.5449498839112842E-005   2.5237115117891557E-021
   6.9479246428782375E-004   4.7023451185485847E-008   2.5449446746950373E-005   2.5224757354609585E-021
   6.9410043997188196E-004   4.6996513552831625E-008   2.5449394668029943E-005   2.5212411712409200E-021
   6.9340887532003191E-004   4.6969582391587609E-008   2.5449342602345053E-005   2.5200078188633082E-021
   6.9271777017956165E-004   4.6942657707666069E-008   2.5449290549889307E-005   2.5187756780643421E-021
   6.9202712439775881E-004   4.6915739506978535E-008   2.5449238510656243E-005   2.5175447485821946E-021
   6.9133693782191092E-004   4.6888827795436086E-008   2.5449186484639437E-005   2.5163150301569953E-021
   6.9064721029930571E-004   4.6861922578949449E-008   2.5449134471832500E-005   2.5150865225308362E-021
   6.8995794167723092E-004   4.6835023863428361E-008   2.5449082472228960E-005   2.5138592254477769E-021
   6.8926913180297419E-004   4.6808131654782419E-008   2.5449030485822427E-005   2.5126331386538484E-021
   6.8858078052382325E-004   4.6781245958920298E-008   2.5448978512606491E-005   2.5114082618970569E-021
   6.8789288768706552E-004   4.6754366781750352E-008   2.5448926552574720E-005   2.5101845949273832E-021
   6.8720545313998905E-004   4.6727494129180304E-008   2.5448874605720669E-005   2.5089621374967996E-021
   6.8651847672988127E-004   4.6700628007117211E-008   2.5448822672037939E-005   2.5077408893592648E-021
   6.8583195830402991E-004   4.6673768421467802E-008   2.5448770751520144E-005   2.5065208502707235E-021
   6.8514589770972271E-004   4.6646915378138063E-008   2.5448718844160820E-005   2.5053020199891285E-021
   6.8446029479424730E-004   4.6620068883033560E-008   2.5448666949953592E-005   2.5040843982744269E-021
   6.8377514940489131E-004   4.6593228942059230E-008   2.5448615068892066E-005   2.5028679848885719E-021
   6.8309046138894259E-004   4.6566395561119482E-008   2.5448563200969806E-005   2.5016527795955313E-021
   6.8240623059368855E-004   4.6539568746118110E-008   2.5448511346180423E-005   2.5004387821612863E-021
   6.8172245686641704E-004   4.6512748502958489E-008   2.5448459504517519E-005   2.4992259923538368E-021
   6.8103914005441569E-004   4.6485934837543408E-008   2.5448407675974702E-005   2.4980144099432060E-021
   6.8035628000497224E-004   4.6459127755774984E-008   2.5448355860545527E-005   2.4968040347014489E-021
   6.7967387656537432E-004   4.6432327263554973E-008   2.5448304058223648E-005   2.4955948664026531E-021
   6.7899192958290955E-004   4.6405533366784522E-008   2.5448252269002645E-005   2.4943869048229417E-021
   6.7831043890486569E-004   4.6378746071364180E-008   2.5448200492876147E-005   2.4931801497404829E-021
   6.7762940437853046E-004   4.6351965383194128E-008   2.5448148729837800E-005   2.4919746009354908E-021
   6.7694882585119139E-004   4.6325191308173745E-008   2.5448096979881165E-005   2.4907702581902316E-021
   6.7626870317013632E-004   4.6298423852202126E-008   2.5448045242999876E-005   2.4895671212890297E-021
   6.7558903618265278E-004   4.6271663021177677E-008   2.5447993519187556E-005   2.4883651900182663E-021
   6.7490982473602851E-004   4.6244908820998257E-008   2.5447941808437755E-005   2.4871644641663935E-021
   6.7423106867755124E-004   4.6218161257561370E-008   2.5447890110744178E-005   2.4859649435239307E-021
   6.7355276785450850E-004   4.6191420336763784E-008   2.5447838426100420E-005   2.4847666278834759E-021
   6.7287492211418813E-004   4.6164686064501919E-008   2.5447786754500102E-005   2.4835695170397042E-021
   6.7219753130387766E-004   4.6137958446671508E-008   2.5447735095936859E-005   2.4823736107893774E-021
   6.7152059527086493E-004   4.6111237489168000E-008   2.5447683450404325E-005   2.4811789089313465E-021
   6.7084411386243747E-004   4.6084523197886016E-008   2.5447631817896120E-005   2.4799854112665582E-021
   6.7016808692588322E-004   4.6057815578719768E-008   2.5447580198405866E-005   2.4787931175980573E-021
   6.6949251430848940E-004   4.6031114637563043E-008   2.5447528591927227E-005   2.4776020277309935E-021
