0.1000E+003 0.2755E+003 0.1700E+003 0.2622E-001 0.9855E+013
0.9900E+002 0.2728E+003 0.1674E+003 0.2545E-001 0.1740E+014
0.9800E+002 0.2701E+003 0.1649E+003 0.2470E-001 0.2514E+014
0.9700E+002 0.2673E+003 0.1624E+003 0.2396E-001 0.3307E+014
0.9600E+002 0.2646E+003 0.1599E+003 0.2323E-001 0.4121E+014
0.9500E+002 0.2619E+003 0.1575E+003 0.2252E-001 0.4957E+014
0.9400E+002 0.2592E+003 0.1550E+003 0.2182E-001 0.5814E+014
0.9300E+002 0.2564E+003 0.1525E+003 0.2114E-001 0.6695E+014
0.9200E+002 0.2537E+003 0.1500E+003 0.2047E-001 0.7599E+014
0.9100E+002 0.2510E+003 0.1475E+003 0.1982E-001 0.8527E+014
0.9000E+002 0.2482E+003 0.1450E+003 0.1918E-001 0.9482E+014
0.8900E+002 0.2455E+003 0.1424E+003 0.1855E-001 0.1046E+015
0.8800E+002 0.2428E+003 0.1398E+003 0.1794E-001 0.1147E+015
0.8700E+002 0.2401E+003 0.1372E+003 0.1734E-001 0.1251E+015
0.8600E+002 0.2373E+003 0.1346E+003 0.1676E-001 0.1358E+015
0.8500E+002 0.2346E+003 0.1320E+003 0.1619E-001 0.1467E+015
0.8400E+002 0.2319E+003 0.1295E+003 0.1563E-001 0.1581E+015
0.8300E+002 0.2292E+003 0.1270E+003 0.1509E-001 0.1697E+015
0.8200E+002 0.2264E+003 0.1246E+003 0.1455E-001 0.1817E+015
0.8100E+002 0.2237E+003 0.1222E+003 0.1403E-001 0.1941E+015
0.8000E+002 0.2210E+003 0.1200E+003 0.1353E-001 0.2068E+015
0.7900E+002 0.2182E+003 0.1179E+003 0.1303E-001 0.2200E+015
0.7800E+002 0.2155E+003 0.1159E+003 0.1255E-001 0.2335E+015
0.7700E+002 0.2128E+003 0.1139E+003 0.1208E-001 0.2475E+015
0.7600E+002 0.2101E+003 0.1120E+003 0.1162E-001 0.2620E+015
0.7500E+002 0.2073E+003 0.1101E+003 0.1117E-001 0.2769E+015
0.7400E+002 0.2046E+003 0.1082E+003 0.1074E-001 0.2924E+015
0.7300E+002 0.2019E+003 0.1063E+003 0.1031E-001 0.3083E+015
0.7200E+002 0.1991E+003 0.1043E+003 0.9901E-002 0.3249E+015
0.7100E+002 0.1964E+003 0.1022E+003 0.9500E-002 0.3419E+015
0.7000E+002 0.1937E+003 0.1000E+003 0.9110E-002 0.3596E+015
0.6900E+002 0.1910E+003 0.9769E+002 0.8730E-002 0.3780E+015
0.6800E+002 0.1882E+003 0.9527E+002 0.8361E-002 0.3970E+015
0.6700E+002 0.1855E+003 0.9277E+002 0.8003E-002 0.4167E+015
0.6600E+002 0.1828E+003 0.9021E+002 0.7655E-002 0.4371E+015
0.6500E+002 0.1800E+003 0.8761E+002 0.7317E-002 0.4583E+015
0.6400E+002 0.1773E+003 0.8501E+002 0.6990E-002 0.4803E+015
0.6300E+002 0.1746E+003 0.8242E+002 0.6672E-002 0.5032E+015
0.6200E+002 0.1719E+003 0.7987E+002 0.6364E-002 0.5271E+015
0.6100E+002 0.1691E+003 0.7739E+002 0.6066E-002 0.5518E+015
0.6000E+002 0.1664E+003 0.7500E+002 0.5777E-002 0.5776E+015
0.5900E+002 0.1637E+003 0.7272E+002 0.5498E-002 0.6045E+015
0.5800E+002 0.1610E+003 0.7054E+002 0.5227E-002 0.6326E+015
0.5700E+002 0.1582E+003 0.6844E+002 0.4966E-002 0.6618E+015
0.5600E+002 0.1555E+003 0.6642E+002 0.4714E-002 0.6923E+015
0.5500E+002 0.1528E+003 0.6445E+002 0.4470E-002 0.7242E+015
0.5400E+002 0.1500E+003 0.6253E+002 0.4235E-002 0.7576E+015
0.5300E+002 0.1473E+003 0.6064E+002 0.4008E-002 0.7925E+015
0.5200E+002 0.1446E+003 0.5876E+002 0.3789E-002 0.8291E+015
0.5100E+002 0.1419E+003 0.5689E+002 0.3579E-002 0.8675E+015
0.5000E+002 0.1391E+003 0.5500E+002 0.3376E-002 0.9077E+015
0.4900E+002 0.1364E+003 0.5309E+002 0.3182E-002 0.9500E+015
0.4800E+002 0.1337E+003 0.5115E+002 0.2994E-002 0.9944E+015
0.4700E+002 0.1309E+003 0.4921E+002 0.2815E-002 0.1041E+016
0.4600E+002 0.1282E+003 0.4726E+002 0.2643E-002 0.1090E+016
0.4500E+002 0.1255E+003 0.4532E+002 0.2477E-002 0.1142E+016
0.4400E+002 0.1228E+003 0.4340E+002 0.2319E-002 0.1197E+016
0.4300E+002 0.1200E+003 0.4149E+002 0.2168E-002 0.1255E+016
0.4200E+002 0.1173E+003 0.3962E+002 0.2024E-002 0.1317E+016
0.4100E+002 0.1146E+003 0.3779E+002 0.1886E-002 0.1382E+016
0.4000E+002 0.1118E+003 0.3600E+002 0.1754E-002 0.1451E+016
0.3900E+002 0.1091E+003 0.3427E+002 0.1629E-002 0.1525E+016
0.3800E+002 0.1064E+003 0.3259E+002 0.1510E-002 0.1603E+016
0.3700E+002 0.1037E+003 0.3097E+002 0.1397E-002 0.1686E+016
0.3600E+002 0.1009E+003 0.2940E+002 0.1289E-002 0.1775E+016
0.3500E+002 0.9821E+002 0.2788E+002 0.1187E-002 0.1871E+016
0.3400E+002 0.9548E+002 0.2641E+002 0.1091E-002 0.1973E+016
0.3300E+002 0.9275E+002 0.2499E+002 0.1000E-002 0.2083E+016
0.3200E+002 0.9002E+002 0.2361E+002 0.9147E-003 0.2201E+016
0.3100E+002 0.8730E+002 0.2228E+002 0.8340E-003 0.2329E+016
0.3000E+002 0.8457E+002 0.2100E+002 0.7582E-003 0.2330E+016
0.2999E+002 0.8454E+002 0.2099E+002 0.7575E-003 0.2331E+016
0.2998E+002 0.8451E+002 0.2097E+002 0.7568E-003 0.2333E+016
0.2997E+002 0.8449E+002 0.2096E+002 0.7560E-003 0.2334E+016
0.2996E+002 0.8446E+002 0.2095E+002 0.7553E-003 0.2336E+016
0.2995E+002 0.8443E+002 0.2094E+002 0.7546E-003 0.2337E+016
0.2994E+002 0.8440E+002 0.2092E+002 0.7538E-003 0.2338E+016
0.2993E+002 0.8438E+002 0.2091E+002 0.7531E-003 0.2340E+016
0.2992E+002 0.8435E+002 0.2090E+002 0.7524E-003 0.2341E+016
0.2991E+002 0.8432E+002 0.2089E+002 0.7517E-003 0.2343E+016
0.2990E+002 0.8430E+002 0.2087E+002 0.7509E-003 0.2344E+016
0.2989E+002 0.8427E+002 0.2086E+002 0.7502E-003 0.2345E+016
0.2988E+002 0.8424E+002 0.2085E+002 0.7495E-003 0.2347E+016
0.2987E+002 0.8421E+002 0.2084E+002 0.7487E-003 0.2348E+016
0.2986E+002 0.8770E+005 0.2082E+002 0.7480E-003 0.2349E+016
0.2985E+002 0.8770E+005 0.2081E+002 0.7473E-003 0.2351E+016
0.2984E+002 0.8770E+005 0.2080E+002 0.7466E-003 0.2352E+016
0.2983E+002 0.8770E+005 0.2079E+002 0.7458E-003 0.2354E+016
0.2982E+002 0.8770E+005 0.2077E+002 0.7451E-003 0.2355E+016
0.2981E+002 0.8770E+005 0.2076E+002 0.7444E-003 0.2356E+016
0.2980E+002 0.8770E+005 0.2075E+002 0.7437E-003 0.2358E+016
0.2979E+002 0.8770E+005 0.2074E+002 0.7429E-003 0.2359E+016
0.2978E+002 0.8770E+005 0.2072E+002 0.7422E-003 0.2361E+016
0.2977E+002 0.8770E+005 0.2071E+002 0.7415E-003 0.2362E+016
0.2976E+002 0.8770E+005 0.2070E+002 0.7408E-003 0.2363E+016
0.2975E+002 0.8770E+005 0.2069E+002 0.7400E-003 0.2365E+016
0.2974E+002 0.8770E+005 0.2067E+002 0.7393E-003 0.2366E+016
0.2973E+002 0.8770E+005 0.2066E+002 0.7386E-003 0.2368E+016
0.2972E+002 0.8770E+005 0.2065E+002 0.7379E-003 0.2369E+016
0.2971E+002 0.8770E+005 0.2064E+002 0.7372E-003 0.2371E+016
0.2970E+002 0.8770E+005 0.2062E+002 0.7364E-003 0.2372E+016
0.2969E+002 0.8770E+005 0.2061E+002 0.7357E-003 0.2373E+016
0.2968E+002 0.8770E+005 0.2060E+002 0.7350E-003 0.2375E+016
0.2967E+002 0.8770E+005 0.2059E+002 0.7343E-003 0.2376E+016
0.2966E+002 0.8770E+005 0.2057E+002 0.7336E-003 0.2378E+016
0.2965E+002 0.8770E+005 0.2056E+002 0.7328E-003 0.2379E+016
0.2964E+002 0.8770E+005 0.2055E+002 0.7321E-003 0.2380E+016
0.2963E+002 0.8770E+005 0.2054E+002 0.7314E-003 0.2382E+016
0.2962E+002 0.8770E+005 0.2052E+002 0.7307E-003 0.2383E+016
0.2961E+002 0.8770E+005 0.2051E+002 0.7300E-003 0.2385E+016
0.2960E+002 0.8770E+005 0.2050E+002 0.7293E-003 0.2386E+016
0.2959E+002 0.8770E+005 0.2049E+002 0.7286E-003 0.2388E+016
0.2958E+002 0.8770E+005 0.2047E+002 0.7278E-003 0.2389E+016
0.2957E+002 0.8770E+005 0.2046E+002 0.7271E-003 0.2390E+016
0.2956E+002 0.8770E+005 0.2045E+002 0.7264E-003 0.2392E+016
0.2955E+002 0.8770E+005 0.2044E+002 0.7257E-003 0.2393E+016
0.2954E+002 0.8770E+005 0.2042E+002 0.7250E-003 0.2395E+016
0.2953E+002 0.8770E+005 0.2041E+002 0.7243E-003 0.2396E+016
0.2952E+002 0.8770E+005 0.2040E+002 0.7236E-003 0.2398E+016
0.2951E+002 0.8770E+005 0.2039E+002 0.7229E-003 0.2399E+016
0.2950E+002 0.8770E+005 0.2037E+002 0.7221E-003 0.2400E+016
0.2949E+002 0.8770E+005 0.2036E+002 0.7214E-003 0.2402E+016
0.2948E+002 0.8770E+005 0.2035E+002 0.7207E-003 0.2403E+016
0.2947E+002 0.8770E+005 0.2034E+002 0.7200E-003 0.2405E+016
0.2946E+002 0.8770E+005 0.2032E+002 0.7193E-003 0.2406E+016
0.2945E+002 0.8770E+005 0.2031E+002 0.7186E-003 0.2408E+016
0.2944E+002 0.8770E+005 0.2030E+002 0.7179E-003 0.2409E+016
0.2943E+002 0.8770E+005 0.2029E+002 0.7172E-003 0.2411E+016
0.2942E+002 0.8770E+005 0.2027E+002 0.7165E-003 0.2412E+016
0.2941E+002 0.8770E+005 0.2026E+002 0.7158E-003 0.2413E+016
0.2940E+002 0.8770E+005 0.2025E+002 0.7151E-003 0.2415E+016
0.2939E+002 0.8770E+005 0.2024E+002 0.7144E-003 0.2416E+016
0.2938E+002 0.8770E+005 0.2023E+002 0.7137E-003 0.2418E+016
0.2937E+002 0.8770E+005 0.2021E+002 0.7129E-003 0.2419E+016
0.2936E+002 0.8770E+005 0.2020E+002 0.7122E-003 0.2421E+016
0.2935E+002 0.8770E+005 0.2019E+002 0.7115E-003 0.2422E+016
0.2934E+002 0.8770E+005 0.2018E+002 0.7108E-003 0.2424E+016
0.2933E+002 0.8770E+005 0.2016E+002 0.7101E-003 0.2425E+016
0.2932E+002 0.8770E+005 0.2015E+002 0.7094E-003 0.2427E+016
0.2931E+002 0.8770E+005 0.2014E+002 0.7087E-003 0.2428E+016
0.2930E+002 0.8770E+005 0.2013E+002 0.7080E-003 0.2429E+016
0.2929E+002 0.8770E+005 0.2011E+002 0.7073E-003 0.2431E+016
0.2928E+002 0.8770E+005 0.2010E+002 0.7066E-003 0.2432E+016
0.2927E+002 0.8770E+005 0.2009E+002 0.7059E-003 0.2434E+016
0.2926E+002 0.8770E+005 0.2008E+002 0.7052E-003 0.2435E+016
0.2925E+002 0.8770E+005 0.2006E+002 0.7045E-003 0.2437E+016
0.2924E+002 0.8770E+005 0.2005E+002 0.7038E-003 0.2438E+016
0.2923E+002 0.8770E+005 0.2004E+002 0.7031E-003 0.2440E+016
0.2922E+002 0.8770E+005 0.2003E+002 0.7024E-003 0.2441E+016
0.2921E+002 0.8770E+005 0.2002E+002 0.7017E-003 0.2443E+016
0.2920E+002 0.8770E+005 0.2000E+002 0.7010E-003 0.2444E+016
0.2919E+002 0.8770E+005 0.1999E+002 0.7003E-003 0.2446E+016
0.2918E+002 0.8770E+005 0.1998E+002 0.6996E-003 0.2447E+016
0.2917E+002 0.8770E+005 0.1997E+002 0.6990E-003 0.2449E+016
0.2916E+002 0.8770E+005 0.1995E+002 0.6983E-003 0.2450E+016
0.2915E+002 0.8770E+005 0.1994E+002 0.6976E-003 0.2451E+016
0.2914E+002 0.8770E+005 0.1993E+002 0.6969E-003 0.2453E+016
0.2913E+002 0.8770E+005 0.1992E+002 0.6962E-003 0.2454E+016
0.2912E+002 0.8770E+005 0.1990E+002 0.6955E-003 0.2456E+016
0.2911E+002 0.8770E+005 0.1989E+002 0.6948E-003 0.2457E+016
0.1000E+003 0.2755E+003 0.1700E+003 0.2622E-001 0.9855E+013
0.9900E+002 0.2728E+003 0.1674E+003 0.2545E-001 0.1740E+014
0.9800E+002 0.2701E+003 0.1649E+003 0.2470E-001 0.2514E+014
0.9700E+002 0.2673E+003 0.1624E+003 0.2396E-001 0.3307E+014
0.9600E+002 0.2646E+003 0.1599E+003 0.2323E-001 0.4121E+014
0.9500E+002 0.2619E+003 0.1575E+003 0.2252E-001 0.4957E+014
0.9400E+002 0.2592E+003 0.1550E+003 0.2182E-001 0.5814E+014
0.9300E+002 0.2564E+003 0.1525E+003 0.2114E-001 0.6695E+014
0.9200E+002 0.2537E+003 0.1500E+003 0.2047E-001 0.7599E+014
0.9100E+002 0.2510E+003 0.1475E+003 0.1982E-001 0.8527E+014
0.9000E+002 0.2482E+003 0.1450E+003 0.1918E-001 0.9482E+014
0.8900E+002 0.2455E+003 0.1424E+003 0.1855E-001 0.1046E+015
0.8800E+002 0.2428E+003 0.1398E+003 0.1794E-001 0.1147E+015
0.8700E+002 0.2401E+003 0.1372E+003 0.1734E-001 0.1251E+015
0.8600E+002 0.2373E+003 0.1346E+003 0.1676E-001 0.1358E+015
0.8500E+002 0.2346E+003 0.1320E+003 0.1619E-001 0.1467E+015
0.8400E+002 0.2319E+003 0.1295E+003 0.1563E-001 0.1581E+015
0.8300E+002 0.2292E+003 0.1270E+003 0.1509E-001 0.1697E+015
0.8200E+002 0.2264E+003 0.1246E+003 0.1455E-001 0.1817E+015
0.8100E+002 0.2237E+003 0.1222E+003 0.1403E-001 0.1941E+015
0.8000E+002 0.2210E+003 0.1200E+003 0.1353E-001 0.2068E+015
0.7900E+002 0.2182E+003 0.1179E+003 0.1303E-001 0.2200E+015
0.7800E+002 0.2155E+003 0.1159E+003 0.1255E-001 0.2335E+015
0.7700E+002 0.2128E+003 0.1139E+003 0.1208E-001 0.2475E+015
0.7600E+002 0.2101E+003 0.1120E+003 0.1162E-001 0.2620E+015
0.7500E+002 0.2073E+003 0.1101E+003 0.1117E-001 0.2769E+015
0.7400E+002 0.2046E+003 0.1082E+003 0.1074E-001 0.2924E+015
0.7300E+002 0.2019E+003 0.1063E+003 0.1031E-001 0.3083E+015
0.7200E+002 0.1991E+003 0.1043E+003 0.9901E-002 0.3249E+015
0.7100E+002 0.1964E+003 0.1022E+003 0.9500E-002 0.3419E+015
0.7000E+002 0.1937E+003 0.1000E+003 0.9110E-002 0.3596E+015
0.6900E+002 0.1910E+003 0.9769E+002 0.8730E-002 0.3780E+015
0.6800E+002 0.1882E+003 0.9527E+002 0.8361E-002 0.3970E+015
0.6700E+002 0.1855E+003 0.9277E+002 0.8003E-002 0.4167E+015
0.6600E+002 0.1828E+003 0.9021E+002 0.7655E-002 0.4371E+015
0.6500E+002 0.1800E+003 0.8761E+002 0.7317E-002 0.4583E+015
0.6400E+002 0.1773E+003 0.8501E+002 0.6990E-002 0.4803E+015
0.6300E+002 0.1746E+003 0.8242E+002 0.6672E-002 0.5032E+015
0.6200E+002 0.1719E+003 0.7987E+002 0.6364E-002 0.5271E+015
0.6100E+002 0.1691E+003 0.7739E+002 0.6066E-002 0.5518E+015
0.6000E+002 0.1664E+003 0.7500E+002 0.5777E-002 0.5776E+015
0.5900E+002 0.1637E+003 0.7272E+002 0.5498E-002 0.6045E+015
0.5800E+002 0.1610E+003 0.7054E+002 0.5227E-002 0.6326E+015
0.5700E+002 0.1582E+003 0.6844E+002 0.4966E-002 0.6618E+015
0.5600E+002 0.1555E+003 0.6642E+002 0.4714E-002 0.6923E+015
0.5500E+002 0.1528E+003 0.6445E+002 0.4470E-002 0.7242E+015
0.5400E+002 0.1500E+003 0.6253E+002 0.4235E-002 0.7576E+015
0.5300E+002 0.1473E+003 0.6064E+002 0.4008E-002 0.7925E+015
0.5200E+002 0.1446E+003 0.5876E+002 0.3789E-002 0.8291E+015
0.5100E+002 0.1419E+003 0.5689E+002 0.3579E-002 0.8675E+015
0.5000E+002 0.1391E+003 0.5500E+002 0.3376E-002 0.9077E+015
0.4900E+002 0.1364E+003 0.5309E+002 0.3182E-002 0.9500E+015
0.4800E+002 0.1337E+003 0.5115E+002 0.2994E-002 0.9944E+015
0.4700E+002 0.1309E+003 0.4921E+002 0.2815E-002 0.1041E+016
0.4600E+002 0.1282E+003 0.4726E+002 0.2643E-002 0.1090E+016
0.4500E+002 0.1255E+003 0.4532E+002 0.2477E-002 0.1142E+016
0.4400E+002 0.1228E+003 0.4340E+002 0.2319E-002 0.1197E+016
0.4300E+002 0.1200E+003 0.4149E+002 0.2168E-002 0.1255E+016
0.4200E+002 0.1173E+003 0.3962E+002 0.2024E-002 0.1317E+016
0.4100E+002 0.1146E+003 0.3779E+002 0.1886E-002 0.1382E+016
0.4000E+002 0.1118E+003 0.3600E+002 0.1754E-002 0.1451E+016
0.3900E+002 0.1091E+003 0.3427E+002 0.1629E-002 0.1525E+016
0.3800E+002 0.1064E+003 0.3259E+002 0.1510E-002 0.1603E+016
0.3700E+002 0.1037E+003 0.3097E+002 0.1397E-002 0.1686E+016
0.3600E+002 0.1009E+003 0.2940E+002 0.1289E-002 0.1775E+016
0.3500E+002 0.9821E+002 0.2788E+002 0.1187E-002 0.1871E+016
0.3400E+002 0.9548E+002 0.2641E+002 0.1091E-002 0.1973E+016
0.3300E+002 0.9275E+002 0.2499E+002 0.1000E-002 0.2083E+016
0.3200E+002 0.9002E+002 0.2361E+002 0.9147E-003 0.2201E+016
0.3100E+002 0.8730E+002 0.2228E+002 0.8340E-003 0.2329E+016
0.3000E+002 0.8457E+002 0.2100E+002 0.7582E-003 0.2330E+016
0.2999E+002 0.8454E+002 0.2099E+002 0.7575E-003 0.2331E+016
0.2998E+002 0.8451E+002 0.2097E+002 0.7568E-003 0.2333E+016
0.2997E+002 0.8449E+002 0.2096E+002 0.7560E-003 0.2334E+016
0.2996E+002 0.8446E+002 0.2095E+002 0.7553E-003 0.2336E+016
0.2995E+002 0.8443E+002 0.2094E+002 0.7546E-003 0.2337E+016
0.2994E+002 0.8440E+002 0.2092E+002 0.7538E-003 0.2338E+016
0.2993E+002 0.8438E+002 0.2091E+002 0.7531E-003 0.2340E+016
0.2992E+002 0.8435E+002 0.2090E+002 0.7524E-003 0.2341E+016
0.2991E+002 0.8432E+002 0.2089E+002 0.7517E-003 0.2343E+016
0.2990E+002 0.8430E+002 0.2087E+002 0.7509E-003 0.2344E+016
0.2989E+002 0.8427E+002 0.2086E+002 0.7502E-003 0.2345E+016
0.2988E+002 0.8424E+002 0.2085E+002 0.7495E-003 0.2347E+016
0.2987E+002 0.8421E+002 0.2084E+002 0.7487E-003 0.2348E+016
0.2986E+002 0.8419E+002 0.2082E+002 0.7480E-003 0.2349E+016
0.2985E+002 0.8416E+002 0.2081E+002 0.7473E-003 0.2351E+016
0.2984E+002 0.8413E+002 0.2080E+002 0.7466E-003 0.2352E+016
0.2983E+002 0.8410E+002 0.2079E+002 0.7458E-003 0.2354E+016
0.2982E+002 0.8408E+002 0.2077E+002 0.7451E-003 0.2355E+016
0.2981E+002 0.8405E+002 0.2076E+002 0.7444E-003 0.2356E+016
0.2980E+002 0.8402E+002 0.2075E+002 0.7437E-003 0.2358E+016
0.2979E+002 0.8400E+002 0.2074E+002 0.7429E-003 0.2359E+016
0.2978E+002 0.8397E+002 0.2072E+002 0.7422E-003 0.2361E+016
0.2977E+002 0.8394E+002 0.2071E+002 0.7415E-003 0.2362E+016
0.2976E+002 0.8391E+002 0.2070E+002 0.7408E-003 0.2363E+016
0.2975E+002 0.8389E+002 0.2069E+002 0.7400E-003 0.2365E+016
0.2974E+002 0.8386E+002 0.2067E+002 0.7393E-003 0.2366E+016
0.2973E+002 0.8383E+002 0.2066E+002 0.7386E-003 0.2368E+016
0.2972E+002 0.8380E+002 0.2065E+002 0.7379E-003 0.2369E+016
0.2971E+002 0.8378E+002 0.2064E+002 0.7372E-003 0.2371E+016
0.2970E+002 0.8375E+002 0.2062E+002 0.7364E-003 0.2372E+016
0.2969E+002 0.8372E+002 0.2061E+002 0.7357E-003 0.2373E+016
0.2968E+002 0.8370E+002 0.2060E+002 0.7350E-003 0.2375E+016
0.2967E+002 0.8367E+002 0.2059E+002 0.7343E-003 0.2376E+016
0.2966E+002 0.8364E+002 0.2057E+002 0.7336E-003 0.2378E+016
0.2965E+002 0.8361E+002 0.2056E+002 0.7328E-003 0.2379E+016
0.2964E+002 0.8359E+002 0.2055E+002 0.7321E-003 0.2380E+016
0.2963E+002 0.8356E+002 0.2054E+002 0.7314E-003 0.2382E+016
0.2962E+002 0.8353E+002 0.2052E+002 0.7307E-003 0.2383E+016
0.2961E+002 0.8350E+002 0.2051E+002 0.7300E-003 0.2385E+016
0.2960E+002 0.8348E+002 0.2050E+002 0.7293E-003 0.2386E+016
0.2959E+002 0.8345E+002 0.2049E+002 0.7286E-003 0.2388E+016
0.2958E+002 0.8342E+002 0.2047E+002 0.7278E-003 0.2389E+016
0.2957E+002 0.8339E+002 0.2046E+002 0.7271E-003 0.2390E+016
0.2956E+002 0.8337E+002 0.2045E+002 0.7264E-003 0.2392E+016
0.2955E+002 0.8334E+002 0.2044E+002 0.7257E-003 0.2393E+016
0.2954E+002 0.8331E+002 0.2042E+002 0.7250E-003 0.2395E+016
0.2953E+002 0.8329E+002 0.2041E+002 0.7243E-003 0.2396E+016
0.2952E+002 0.8326E+002 0.2040E+002 0.7236E-003 0.2398E+016
0.2951E+002 0.8323E+002 0.2039E+002 0.7229E-003 0.2399E+016
0.2950E+002 0.8320E+002 0.2037E+002 0.7221E-003 0.2400E+016
0.2949E+002 0.8318E+002 0.2036E+002 0.7214E-003 0.2402E+016
0.2948E+002 0.8315E+002 0.2035E+002 0.7207E-003 0.2403E+016
0.2947E+002 0.8312E+002 0.2034E+002 0.7200E-003 0.2405E+016
0.2946E+002 0.8309E+002 0.2032E+002 0.7193E-003 0.2406E+016
0.2945E+002 0.8307E+002 0.2031E+002 0.7186E-003 0.2408E+016
0.2944E+002 0.8304E+002 0.2030E+002 0.7179E-003 0.2409E+016
0.2943E+002 0.8301E+002 0.2029E+002 0.7172E-003 0.2411E+016
0.2942E+002 0.8299E+002 0.2027E+002 0.7165E-003 0.2412E+016
0.2941E+002 0.8296E+002 0.2026E+002 0.7158E-003 0.2413E+016
0.2940E+002 0.8293E+002 0.2025E+002 0.7151E-003 0.2415E+016
0.2939E+002 0.8290E+002 0.2024E+002 0.7144E-003 0.2416E+016
0.2938E+002 0.8288E+002 0.2023E+002 0.7137E-003 0.2418E+016
0.2937E+002 0.8285E+002 0.2021E+002 0.7129E-003 0.2419E+016
0.2936E+002 0.8282E+002 0.2020E+002 0.7122E-003 0.2421E+016
0.2935E+002 0.8279E+002 0.2019E+002 0.7115E-003 0.2422E+016
0.2934E+002 0.8277E+002 0.2018E+002 0.7108E-003 0.2424E+016
0.2933E+002 0.8274E+002 0.2016E+002 0.7101E-003 0.2425E+016
0.2932E+002 0.8271E+002 0.2015E+002 0.7094E-003 0.2427E+016
0.2931E+002 0.8269E+002 0.2014E+002 0.7087E-003 0.2428E+016
0.2930E+002 0.8266E+002 0.2013E+002 0.7080E-003 0.2429E+016
0.2929E+002 0.8263E+002 0.2011E+002 0.7073E-003 0.2431E+016
0.2928E+002 0.8260E+002 0.2010E+002 0.7066E-003 0.2432E+016
0.2927E+002 0.8258E+002 0.2009E+002 0.7059E-003 0.2434E+016
0.2926E+002 0.8255E+002 0.2008E+002 0.7052E-003 0.2435E+016
0.2925E+002 0.8252E+002 0.2006E+002 0.7045E-003 0.2437E+016
0.2924E+002 0.8249E+002 0.2005E+002 0.7038E-003 0.2438E+016
0.2923E+002 0.8247E+002 0.2004E+002 0.7031E-003 0.2440E+016
0.2922E+002 0.8244E+002 0.2003E+002 0.7024E-003 0.2441E+016
0.2921E+002 0.8241E+002 0.2002E+002 0.7017E-003 0.2443E+016
0.2920E+002 0.8239E+002 0.2000E+002 0.7010E-003 0.2444E+016
0.2919E+002 0.8236E+002 0.1999E+002 0.7003E-003 0.2446E+016
0.2918E+002 0.8233E+002 0.1998E+002 0.6996E-003 0.2447E+016
0.2917E+002 0.8230E+002 0.1997E+002 0.6990E-003 0.2449E+016
0.2916E+002 0.8228E+002 0.1995E+002 0.6983E-003 0.2450E+016
0.2915E+002 0.8225E+002 0.1994E+002 0.6976E-003 0.2451E+016
0.2914E+002 0.8222E+002 0.1993E+002 0.6969E-003 0.2453E+016
0.2913E+002 0.8219E+002 0.1992E+002 0.6962E-003 0.2454E+016
0.2912E+002 0.8217E+002 0.1990E+002 0.6955E-003 0.2456E+016
0.2911E+002 0.8214E+002 0.1989E+002 0.6948E-003 0.2457E+016
0.2910E+002 0.8211E+002 0.1988E+002 0.6941E-003 0.2459E+016
0.2909E+002 0.8209E+002 0.1987E+002 0.6934E-003 0.2460E+016
0.2908E+002 0.8206E+002 0.1986E+002 0.6927E-003 0.2462E+016
0.2907E+002 0.8203E+002 0.1984E+002 0.6920E-003 0.2463E+016
0.2906E+002 0.8200E+002 0.1983E+002 0.6913E-003 0.2465E+016
0.2905E+002 0.8198E+002 0.1982E+002 0.6906E-003 0.2466E+016
0.2904E+002 0.8195E+002 0.1981E+002 0.6900E-003 0.2468E+016
0.2903E+002 0.8192E+002 0.1979E+002 0.6893E-003 0.2469E+016
0.2902E+002 0.8189E+002 0.1978E+002 0.6886E-003 0.2471E+016
0.2901E+002 0.8187E+002 0.1977E+002 0.6879E-003 0.2472E+016
0.2900E+002 0.8184E+002 0.1976E+002 0.6872E-003 0.2474E+016
0.2899E+002 0.8181E+002 0.1975E+002 0.6865E-003 0.2475E+016
0.2898E+002 0.8179E+002 0.1973E+002 0.6858E-003 0.2477E+016
0.2897E+002 0.8176E+002 0.1972E+002 0.6851E-003 0.2478E+016
0.2896E+002 0.8173E+002 0.1971E+002 0.6845E-003 0.2480E+016
0.2895E+002 0.8170E+002 0.1970E+002 0.6838E-003 0.2481E+016
0.2894E+002 0.8168E+002 0.1968E+002 0.6831E-003 0.2483E+016
0.2893E+002 0.8165E+002 0.1967E+002 0.6824E-003 0.2484E+016
0.2892E+002 0.8162E+002 0.1966E+002 0.6817E-003 0.2486E+016
0.2891E+002 0.8159E+002 0.1965E+002 0.6810E-003 0.2487E+016
0.2890E+002 0.8157E+002 0.1964E+002 0.6804E-003 0.2489E+016
0.2889E+002 0.8154E+002 0.1962E+002 0.6797E-003 0.2490E+016
0.2888E+002 0.8151E+002 0.1961E+002 0.6790E-003 0.2492E+016
0.2887E+002 0.8149E+002 0.1960E+002 0.6783E-003 0.2493E+016
0.2886E+002 0.8146E+002 0.1959E+002 0.6776E-003 0.2495E+016
0.2885E+002 0.8143E+002 0.1958E+002 0.6769E-003 0.2496E+016
0.2884E+002 0.8140E+002 0.1956E+002 0.6763E-003 0.2498E+016
0.2883E+002 0.8138E+002 0.1955E+002 0.6756E-003 0.2499E+016
0.2882E+002 0.8135E+002 0.1954E+002 0.6749E-003 0.2501E+016
0.2881E+002 0.8132E+002 0.1953E+002 0.6742E-003 0.2502E+016
0.2880E+002 0.8129E+002 0.1951E+002 0.6736E-003 0.2504E+016
0.2879E+002 0.8127E+002 0.1950E+002 0.6729E-003 0.2506E+016
0.2878E+002 0.8124E+002 0.1949E+002 0.6722E-003 0.2507E+016
0.2877E+002 0.8121E+002 0.1948E+002 0.6715E-003 0.2509E+016
0.2876E+002 0.8119E+002 0.1947E+002 0.6708E-003 0.2510E+016
0.2875E+002 0.8116E+002 0.1945E+002 0.6702E-003 0.2512E+016
0.2874E+002 0.8113E+002 0.1944E+002 0.6695E-003 0.2513E+016
0.2873E+002 0.8110E+002 0.1943E+002 0.6688E-003 0.2515E+016
0.2872E+002 0.8108E+002 0.1942E+002 0.6681E-003 0.2516E+016
0.2871E+002 0.8105E+002 0.1941E+002 0.6675E-003 0.2518E+016
0.2870E+002 0.8102E+002 0.1939E+002 0.6668E-003 0.2519E+016
0.2869E+002 0.8099E+002 0.1938E+002 0.6661E-003 0.2521E+016
0.2868E+002 0.8097E+002 0.1937E+002 0.6654E-003 0.2522E+016
0.2867E+002 0.8094E+002 0.1936E+002 0.6648E-003 0.2524E+016
0.2866E+002 0.8091E+002 0.1935E+002 0.6641E-003 0.2525E+016
0.2865E+002 0.8089E+002 0.1933E+002 0.6634E-003 0.2527E+016
0.2864E+002 0.8086E+002 0.1932E+002 0.6628E-003 0.2529E+016
0.2863E+002 0.8083E+002 0.1931E+002 0.6621E-003 0.2530E+016
0.2862E+002 0.8080E+002 0.1930E+002 0.6614E-003 0.2532E+016
0.2861E+002 0.8078E+002 0.1928E+002 0.6608E-003 0.2533E+016
0.2860E+002 0.8075E+002 0.1927E+002 0.6601E-003 0.2535E+016
0.2859E+002 0.8072E+002 0.1926E+002 0.6594E-003 0.2536E+016
0.2858E+002 0.8069E+002 0.1925E+002 0.6587E-003 0.2538E+016
0.2857E+002 0.8067E+002 0.1924E+002 0.6581E-003 0.2539E+016
0.2856E+002 0.8064E+002 0.1922E+002 0.6574E-003 0.2541E+016
0.2855E+002 0.8061E+002 0.1921E+002 0.6567E-003 0.2542E+016
0.2854E+002 0.8059E+002 0.1920E+002 0.6561E-003 0.2544E+016
0.2853E+002 0.8056E+002 0.1919E+002 0.6554E-003 0.2546E+016
0.2852E+002 0.8053E+002 0.1918E+002 0.6547E-003 0.2547E+016
0.2851E+002 0.8050E+002 0.1916E+002 0.6541E-003 0.2549E+016
0.2850E+002 0.8048E+002 0.1915E+002 0.6534E-003 0.2550E+016
0.2849E+002 0.8045E+002 0.1914E+002 0.6528E-003 0.2552E+016
0.2848E+002 0.8042E+002 0.1913E+002 0.6521E-003 0.2553E+016
0.2847E+002 0.8039E+002 0.1912E+002 0.6514E-003 0.2555E+016
0.2846E+002 0.8037E+002 0.1910E+002 0.6508E-003 0.2556E+016
0.2845E+002 0.8034E+002 0.1909E+002 0.6501E-003 0.2558E+016
0.2844E+002 0.8031E+002 0.1908E+002 0.6494E-003 0.2560E+016
0.2843E+002 0.8029E+002 0.1907E+002 0.6488E-003 0.2561E+016
0.2842E+002 0.8026E+002 0.1906E+002 0.6481E-003 0.2563E+016
0.2841E+002 0.8023E+002 0.1904E+002 0.6475E-003 0.2564E+016
0.2840E+002 0.8020E+002 0.1903E+002 0.6468E-003 0.2566E+016
0.2839E+002 0.8018E+002 0.1902E+002 0.6461E-003 0.2567E+016
0.2838E+002 0.8015E+002 0.1901E+002 0.6455E-003 0.2569E+016
0.2837E+002 0.8012E+002 0.1900E+002 0.6448E-003 0.2571E+016
0.2836E+002 0.8009E+002 0.1898E+002 0.6442E-003 0.2572E+016
0.2835E+002 0.8007E+002 0.1897E+002 0.6435E-003 0.2574E+016
0.2834E+002 0.8004E+002 0.1896E+002 0.6428E-003 0.2575E+016
0.2833E+002 0.8001E+002 0.1895E+002 0.6422E-003 0.2577E+016
0.2832E+002 0.7998E+002 0.1894E+002 0.6415E-003 0.2579E+016
0.2831E+002 0.7996E+002 0.1892E+002 0.6409E-003 0.2580E+016
0.2830E+002 0.7993E+002 0.1891E+002 0.6402E-003 0.2582E+016
0.2829E+002 0.7990E+002 0.1890E+002 0.6396E-003 0.2583E+016
0.2828E+002 0.7988E+002 0.1889E+002 0.6389E-003 0.2585E+016
0.2827E+002 0.7985E+002 0.1888E+002 0.6383E-003 0.2586E+016
0.2826E+002 0.7982E+002 0.1886E+002 0.6376E-003 0.2588E+016
0.2825E+002 0.7979E+002 0.1885E+002 0.6369E-003 0.2590E+016
0.2824E+002 0.7977E+002 0.1884E+002 0.6363E-003 0.2591E+016
0.2823E+002 0.7974E+002 0.1883E+002 0.6356E-003 0.2593E+016
0.2822E+002 0.7971E+002 0.1882E+002 0.6350E-003 0.2594E+016
0.2821E+002 0.7968E+002 0.1881E+002 0.6343E-003 0.2596E+016
0.2820E+002 0.7966E+002 0.1879E+002 0.6337E-003 0.2598E+016
0.2819E+002 0.7963E+002 0.1878E+002 0.6330E-003 0.2599E+016
0.2818E+002 0.7960E+002 0.1877E+002 0.6324E-003 0.2601E+016
0.2817E+002 0.7958E+002 0.1876E+002 0.6317E-003 0.2602E+016
0.2816E+002 0.7955E+002 0.1875E+002 0.6311E-003 0.2604E+016
0.2815E+002 0.7952E+002 0.1873E+002 0.6304E-003 0.2606E+016
0.2814E+002 0.7949E+002 0.1872E+002 0.6298E-003 0.2607E+016
0.2813E+002 0.7947E+002 0.1871E+002 0.6291E-003 0.2609E+016
0.2812E+002 0.7944E+002 0.1870E+002 0.6285E-003 0.2610E+016
0.2811E+002 0.7941E+002 0.1869E+002 0.6278E-003 0.2612E+016
0.2810E+002 0.7938E+002 0.1867E+002 0.6272E-003 0.2614E+016
0.2809E+002 0.7936E+002 0.1866E+002 0.6265E-003 0.2615E+016
0.2808E+002 0.7933E+002 0.1865E+002 0.6259E-003 0.2617E+016
0.2807E+002 0.7930E+002 0.1864E+002 0.6253E-003 0.2619E+016
0.2806E+002 0.7928E+002 0.1863E+002 0.6246E-003 0.2620E+016
0.2805E+002 0.7925E+002 0.1862E+002 0.6240E-003 0.2622E+016
0.2804E+002 0.7922E+002 0.1860E+002 0.6233E-003 0.2623E+016
0.2803E+002 0.7919E+002 0.1859E+002 0.6227E-003 0.2625E+016
0.2802E+002 0.7917E+002 0.1858E+002 0.6220E-003 0.2627E+016
0.2801E+002 0.7914E+002 0.1857E+002 0.6214E-003 0.2628E+016
0.2800E+002 0.7911E+002 0.1856E+002 0.6208E-003 0.2630E+016
0.2799E+002 0.7908E+002 0.1854E+002 0.6201E-003 0.2632E+016
0.2798E+002 0.7906E+002 0.1853E+002 0.6195E-003 0.2633E+016
0.2797E+002 0.7903E+002 0.1852E+002 0.6188E-003 0.2635E+016
0.2796E+002 0.7900E+002 0.1851E+002 0.6182E-003 0.2636E+016
0.2795E+002 0.7898E+002 0.1850E+002 0.6175E-003 0.2638E+016
0.2794E+002 0.7895E+002 0.1849E+002 0.6169E-003 0.2640E+016
0.2793E+002 0.7892E+002 0.1847E+002 0.6163E-003 0.2641E+016
0.2792E+002 0.7889E+002 0.1846E+002 0.6156E-003 0.2643E+016
0.2791E+002 0.7887E+002 0.1845E+002 0.6150E-003 0.2645E+016
0.2790E+002 0.7884E+002 0.1844E+002 0.6144E-003 0.2646E+016
0.2789E+002 0.7881E+002 0.1843E+002 0.6137E-003 0.2648E+016
0.2788E+002 0.7878E+002 0.1841E+002 0.6131E-003 0.2650E+016
0.2787E+002 0.7876E+002 0.1840E+002 0.6124E-003 0.2651E+016
0.2786E+002 0.7873E+002 0.1839E+002 0.6118E-003 0.2653E+016
0.2785E+002 0.7870E+002 0.1838E+002 0.6112E-003 0.2654E+016
0.2784E+002 0.7868E+002 0.1837E+002 0.6105E-003 0.2656E+016
0.2783E+002 0.7865E+002 0.1836E+002 0.6099E-003 0.2658E+016
0.2782E+002 0.7862E+002 0.1834E+002 0.6093E-003 0.2659E+016
0.2781E+002 0.7859E+002 0.1833E+002 0.6086E-003 0.2661E+016
0.2780E+002 0.7857E+002 0.1832E+002 0.6080E-003 0.2663E+016
0.2779E+002 0.7854E+002 0.1831E+002 0.6074E-003 0.2664E+016
0.2778E+002 0.7851E+002 0.1830E+002 0.6067E-003 0.2666E+016
0.2777E+002 0.7848E+002 0.1828E+002 0.6061E-003 0.2668E+016
0.2776E+002 0.7846E+002 0.1827E+002 0.6055E-003 0.2669E+016
0.2775E+002 0.7843E+002 0.1826E+002 0.6048E-003 0.2671E+016
0.2774E+002 0.7840E+002 0.1825E+002 0.6042E-003 0.2673E+016
0.2773E+002 0.7838E+002 0.1824E+002 0.6036E-003 0.2674E+016
0.2772E+002 0.7835E+002 0.1823E+002 0.6029E-003 0.2676E+016
0.2771E+002 0.7832E+002 0.1821E+002 0.6023E-003 0.2678E+016
0.2770E+002 0.7829E+002 0.1820E+002 0.6017E-003 0.2679E+016
0.2769E+002 0.7827E+002 0.1819E+002 0.6011E-003 0.2681E+016
0.2768E+002 0.7824E+002 0.1818E+002 0.6004E-003 0.2683E+016
0.2767E+002 0.7821E+002 0.1817E+002 0.5998E-003 0.2684E+016
0.2766E+002 0.7818E+002 0.1816E+002 0.5992E-003 0.2686E+016
0.2765E+002 0.7816E+002 0.1814E+002 0.5985E-003 0.2688E+016
0.2764E+002 0.7813E+002 0.1813E+002 0.5979E-003 0.2689E+016
0.2763E+002 0.7810E+002 0.1812E+002 0.5973E-003 0.2691E+016
0.2762E+002 0.7808E+002 0.1811E+002 0.5967E-003 0.2693E+016
0.2761E+002 0.7805E+002 0.1810E+002 0.5960E-003 0.2694E+016
0.2760E+002 0.7802E+002 0.1809E+002 0.5954E-003 0.2696E+016
0.2759E+002 0.7799E+002 0.1807E+002 0.5948E-003 0.2698E+016
0.2758E+002 0.7797E+002 0.1806E+002 0.5942E-003 0.2700E+016
0.2757E+002 0.7794E+002 0.1805E+002 0.5935E-003 0.2701E+016
0.2756E+002 0.7791E+002 0.1804E+002 0.5929E-003 0.2703E+016
0.2755E+002 0.7788E+002 0.1803E+002 0.5923E-003 0.2705E+016
0.2754E+002 0.7786E+002 0.1802E+002 0.5917E-003 0.2706E+016
0.2753E+002 0.7783E+002 0.1800E+002 0.5911E-003 0.2708E+016
0.2752E+002 0.7780E+002 0.1799E+002 0.5904E-003 0.2710E+016
0.2751E+002 0.7778E+002 0.1798E+002 0.5898E-003 0.2711E+016
0.2750E+002 0.7775E+002 0.1797E+002 0.5892E-003 0.2713E+016
0.2749E+002 0.7772E+002 0.1796E+002 0.5886E-003 0.2715E+016
0.2748E+002 0.7769E+002 0.1795E+002 0.5880E-003 0.2716E+016
0.2747E+002 0.7767E+002 0.1793E+002 0.5873E-003 0.2718E+016
0.2746E+002 0.7764E+002 0.1792E+002 0.5867E-003 0.2720E+016
0.2745E+002 0.7761E+002 0.1791E+002 0.5861E-003 0.2722E+016
0.2744E+002 0.7758E+002 0.1790E+002 0.5855E-003 0.2723E+016
0.2743E+002 0.7756E+002 0.1789E+002 0.5849E-003 0.2725E+016
0.2742E+002 0.7753E+002 0.1788E+002 0.5842E-003 0.2727E+016
0.2741E+002 0.7750E+002 0.1786E+002 0.5836E-003 0.2728E+016
0.2740E+002 0.7748E+002 0.1785E+002 0.5830E-003 0.2730E+016
0.2739E+002 0.7745E+002 0.1784E+002 0.5824E-003 0.2732E+016
0.2738E+002 0.7742E+002 0.1783E+002 0.5818E-003 0.2734E+016
0.2737E+002 0.7739E+002 0.1782E+002 0.5812E-003 0.2735E+016
0.2736E+002 0.7737E+002 0.1781E+002 0.5806E-003 0.2737E+016
0.2735E+002 0.7734E+002 0.1779E+002 0.5799E-003 0.2739E+016
0.2734E+002 0.7731E+002 0.1778E+002 0.5793E-003 0.2740E+016
0.2733E+002 0.7728E+002 0.1777E+002 0.5787E-003 0.2742E+016
0.2732E+002 0.7726E+002 0.1776E+002 0.5781E-003 0.2744E+016
0.2731E+002 0.7723E+002 0.1775E+002 0.5775E-003 0.2746E+016
0.2730E+002 0.7720E+002 0.1774E+002 0.5769E-003 0.2747E+016
0.2729E+002 0.7718E+002 0.1773E+002 0.5763E-003 0.2749E+016
0.2728E+002 0.7715E+002 0.1771E+002 0.5757E-003 0.2751E+016
0.2727E+002 0.7712E+002 0.1770E+002 0.5750E-003 0.2753E+016
0.2726E+002 0.7709E+002 0.1769E+002 0.5744E-003 0.2754E+016
0.2725E+002 0.7707E+002 0.1768E+002 0.5738E-003 0.2756E+016
0.2724E+002 0.7704E+002 0.1767E+002 0.5732E-003 0.2758E+016
0.2723E+002 0.7701E+002 0.1766E+002 0.5726E-003 0.2759E+016
0.2722E+002 0.7698E+002 0.1764E+002 0.5720E-003 0.2761E+016
0.2721E+002 0.7696E+002 0.1763E+002 0.5714E-003 0.2763E+016
0.2720E+002 0.7693E+002 0.1762E+002 0.5708E-003 0.2765E+016
0.2719E+002 0.7690E+002 0.1761E+002 0.5702E-003 0.2766E+016
0.2718E+002 0.7688E+002 0.1760E+002 0.5696E-003 0.2768E+016
0.2717E+002 0.7685E+002 0.1759E+002 0.5690E-003 0.2770E+016
0.2716E+002 0.7682E+002 0.1757E+002 0.5684E-003 0.2772E+016
0.2715E+002 0.7679E+002 0.1756E+002 0.5678E-003 0.2773E+016
0.2714E+002 0.7677E+002 0.1755E+002 0.5671E-003 0.2775E+016
0.2713E+002 0.7674E+002 0.1754E+002 0.5665E-003 0.2777E+016
0.2712E+002 0.7671E+002 0.1753E+002 0.5659E-003 0.2779E+016
0.2711E+002 0.7668E+002 0.1752E+002 0.5653E-003 0.2780E+016
0.2710E+002 0.7666E+002 0.1751E+002 0.5647E-003 0.2782E+016
0.2709E+002 0.7663E+002 0.1749E+002 0.5641E-003 0.2784E+016
0.2708E+002 0.7660E+002 0.1748E+002 0.5635E-003 0.2786E+016
0.2707E+002 0.7657E+002 0.1747E+002 0.5629E-003 0.2788E+016
0.2706E+002 0.7655E+002 0.1746E+002 0.5623E-003 0.2789E+016
0.2705E+002 0.7652E+002 0.1745E+002 0.5617E-003 0.2791E+016
0.2704E+002 0.7649E+002 0.1744E+002 0.5611E-003 0.2793E+016
0.2703E+002 0.7647E+002 0.1743E+002 0.5605E-003 0.2795E+016
0.2702E+002 0.7644E+002 0.1741E+002 0.5599E-003 0.2796E+016
0.2701E+002 0.7641E+002 0.1740E+002 0.5593E-003 0.2798E+016
0.2700E+002 0.7638E+002 0.1739E+002 0.5587E-003 0.2800E+016
0.2699E+002 0.7636E+002 0.1738E+002 0.5581E-003 0.2802E+016
0.2698E+002 0.7633E+002 0.1737E+002 0.5575E-003 0.2803E+016
0.2697E+002 0.7630E+002 0.1736E+002 0.5569E-003 0.2805E+016
0.2696E+002 0.7627E+002 0.1734E+002 0.5563E-003 0.2807E+016
0.2695E+002 0.7625E+002 0.1733E+002 0.5557E-003 0.2809E+016
0.2694E+002 0.7622E+002 0.1732E+002 0.5551E-003 0.2811E+016
0.2693E+002 0.7619E+002 0.1731E+002 0.5545E-003 0.2812E+016
0.2692E+002 0.7617E+002 0.1730E+002 0.5539E-003 0.2814E+016
0.2691E+002 0.7614E+002 0.1729E+002 0.5534E-003 0.2816E+016
0.2690E+002 0.7611E+002 0.1728E+002 0.5528E-003 0.2818E+016
0.2689E+002 0.7608E+002 0.1726E+002 0.5522E-003 0.2820E+016
0.2688E+002 0.7606E+002 0.1725E+002 0.5516E-003 0.2821E+016
0.2687E+002 0.7603E+002 0.1724E+002 0.5510E-003 0.2823E+016
0.2686E+002 0.7600E+002 0.1723E+002 0.5504E-003 0.2825E+016
0.2685E+002 0.7597E+002 0.1722E+002 0.5498E-003 0.2827E+016
0.2684E+002 0.7595E+002 0.1721E+002 0.5492E-003 0.2829E+016
0.2683E+002 0.7592E+002 0.1720E+002 0.5486E-003 0.2830E+016
0.2682E+002 0.7589E+002 0.1718E+002 0.5480E-003 0.2832E+016
0.2681E+002 0.7587E+002 0.1717E+002 0.5474E-003 0.2834E+016
0.2680E+002 0.7584E+002 0.1716E+002 0.5468E-003 0.2836E+016
0.2679E+002 0.7581E+002 0.1715E+002 0.5462E-003 0.2838E+016
0.2678E+002 0.7578E+002 0.1714E+002 0.5457E-003 0.2839E+016
0.2677E+002 0.7576E+002 0.1713E+002 0.5451E-003 0.2841E+016
0.2676E+002 0.7573E+002 0.1712E+002 0.5445E-003 0.2843E+016
0.2675E+002 0.7570E+002 0.1710E+002 0.5439E-003 0.2845E+016
0.2674E+002 0.7567E+002 0.1709E+002 0.5433E-003 0.2847E+016
0.2673E+002 0.7565E+002 0.1708E+002 0.5427E-003 0.2848E+016
0.2672E+002 0.7562E+002 0.1707E+002 0.5421E-003 0.2850E+016
0.2671E+002 0.7559E+002 0.1706E+002 0.5415E-003 0.2852E+016
0.2670E+002 0.7557E+002 0.1705E+002 0.5410E-003 0.2854E+016
0.2669E+002 0.7554E+002 0.1704E+002 0.5404E-003 0.2856E+016
0.2668E+002 0.7551E+002 0.1703E+002 0.5398E-003 0.2858E+016
0.2667E+002 0.7548E+002 0.1701E+002 0.5392E-003 0.2859E+016
0.2666E+002 0.7546E+002 0.1700E+002 0.5386E-003 0.2861E+016
0.2665E+002 0.7543E+002 0.1699E+002 0.5380E-003 0.2863E+016
0.2664E+002 0.7540E+002 0.1698E+002 0.5374E-003 0.2865E+016
0.2663E+002 0.7537E+002 0.1697E+002 0.5369E-003 0.2867E+016
0.2662E+002 0.7535E+002 0.1696E+002 0.5363E-003 0.2869E+016
0.2661E+002 0.7532E+002 0.1695E+002 0.5357E-003 0.2870E+016
0.2660E+002 0.7529E+002 0.1693E+002 0.5351E-003 0.2872E+016
0.2659E+002 0.7527E+002 0.1692E+002 0.5345E-003 0.2874E+016
0.2658E+002 0.7524E+002 0.1691E+002 0.5340E-003 0.2876E+016
0.2657E+002 0.7521E+002 0.1690E+002 0.5334E-003 0.2878E+016
0.2656E+002 0.7518E+002 0.1689E+002 0.5328E-003 0.2880E+016
0.2655E+002 0.7516E+002 0.1688E+002 0.5322E-003 0.2881E+016
0.2654E+002 0.7513E+002 0.1687E+002 0.5316E-003 0.2883E+016
0.2653E+002 0.7510E+002 0.1685E+002 0.5311E-003 0.2885E+016
0.2652E+002 0.7507E+002 0.1684E+002 0.5305E-003 0.2887E+016
0.2651E+002 0.7505E+002 0.1683E+002 0.5299E-003 0.2889E+016
0.2650E+002 0.7502E+002 0.1682E+002 0.5293E-003 0.2891E+016
0.2649E+002 0.7499E+002 0.1681E+002 0.5287E-003 0.2893E+016
0.2648E+002 0.7497E+002 0.1680E+002 0.5282E-003 0.2894E+016
0.2647E+002 0.7494E+002 0.1679E+002 0.5276E-003 0.2896E+016
0.2646E+002 0.7491E+002 0.1678E+002 0.5270E-003 0.2898E+016
0.2645E+002 0.7488E+002 0.1676E+002 0.5264E-003 0.2900E+016
0.2644E+002 0.7486E+002 0.1675E+002 0.5259E-003 0.2902E+016
0.2643E+002 0.7483E+002 0.1674E+002 0.5253E-003 0.2904E+016
0.2642E+002 0.7480E+002 0.1673E+002 0.5247E-003 0.2906E+016
0.2641E+002 0.7477E+002 0.1672E+002 0.5241E-003 0.2907E+016
0.2640E+002 0.7475E+002 0.1671E+002 0.5236E-003 0.2909E+016
0.2639E+002 0.7472E+002 0.1670E+002 0.5230E-003 0.2911E+016
0.2638E+002 0.7469E+002 0.1669E+002 0.5224E-003 0.2913E+016
0.2637E+002 0.7467E+002 0.1667E+002 0.5219E-003 0.2915E+016
0.2636E+002 0.7464E+002 0.1666E+002 0.5213E-003 0.2917E+016
0.2635E+002 0.7461E+002 0.1665E+002 0.5207E-003 0.2919E+016
0.2634E+002 0.7458E+002 0.1664E+002 0.5201E-003 0.2921E+016
0.2633E+002 0.7456E+002 0.1663E+002 0.5196E-003 0.2922E+016
0.2632E+002 0.7453E+002 0.1662E+002 0.5190E-003 0.2924E+016
0.2631E+002 0.7450E+002 0.1661E+002 0.5184E-003 0.2926E+016
0.2630E+002 0.7447E+002 0.1660E+002 0.5179E-003 0.2928E+016
0.2629E+002 0.7445E+002 0.1658E+002 0.5173E-003 0.2930E+016
0.2628E+002 0.7442E+002 0.1657E+002 0.5167E-003 0.2932E+016
0.2627E+002 0.7439E+002 0.1656E+002 0.5162E-003 0.2934E+016
0.2626E+002 0.7437E+002 0.1655E+002 0.5156E-003 0.2936E+016
0.2625E+002 0.7434E+002 0.1654E+002 0.5150E-003 0.2938E+016
0.2624E+002 0.7431E+002 0.1653E+002 0.5145E-003 0.2939E+016
0.2623E+002 0.7428E+002 0.1652E+002 0.5139E-003 0.2941E+016
0.2622E+002 0.7426E+002 0.1651E+002 0.5133E-003 0.2943E+016
0.2621E+002 0.7423E+002 0.1649E+002 0.5128E-003 0.2945E+016
0.2620E+002 0.7420E+002 0.1648E+002 0.5122E-003 0.2947E+016
0.2619E+002 0.7417E+002 0.1647E+002 0.5116E-003 0.2949E+016
0.2618E+002 0.7415E+002 0.1646E+002 0.5111E-003 0.2951E+016
0.2617E+002 0.7412E+002 0.1645E+002 0.5105E-003 0.2953E+016
0.2616E+002 0.7409E+002 0.1644E+002 0.5099E-003 0.2955E+016
0.2615E+002 0.7407E+002 0.1643E+002 0.5094E-003 0.2957E+016
0.2614E+002 0.7404E+002 0.1642E+002 0.5088E-003 0.2959E+016
0.2613E+002 0.7401E+002 0.1640E+002 0.5082E-003 0.2960E+016
0.2612E+002 0.7398E+002 0.1639E+002 0.5077E-003 0.2962E+016
0.2611E+002 0.7396E+002 0.1638E+002 0.5071E-003 0.2964E+016
0.2610E+002 0.7393E+002 0.1637E+002 0.5066E-003 0.2966E+016
0.2609E+002 0.7390E+002 0.1636E+002 0.5060E-003 0.2968E+016
0.2608E+002 0.7387E+002 0.1635E+002 0.5054E-003 0.2970E+016
0.2607E+002 0.7385E+002 0.1634E+002 0.5049E-003 0.2972E+016
0.2606E+002 0.7382E+002 0.1633E+002 0.5043E-003 0.2974E+016
0.2605E+002 0.7379E+002 0.1631E+002 0.5038E-003 0.2976E+016
0.2604E+002 0.7377E+002 0.1630E+002 0.5032E-003 0.2978E+016
0.2603E+002 0.7374E+002 0.1629E+002 0.5026E-003 0.2980E+016
0.2602E+002 0.7371E+002 0.1628E+002 0.5021E-003 0.2982E+016
0.2601E+002 0.7368E+002 0.1627E+002 0.5015E-003 0.2984E+016
0.2600E+002 0.7366E+002 0.1626E+002 0.5010E-003 0.2986E+016
0.2599E+002 0.7363E+002 0.1625E+002 0.5004E-003 0.2988E+016
0.2598E+002 0.7360E+002 0.1624E+002 0.4999E-003 0.2989E+016
0.2597E+002 0.7357E+002 0.1623E+002 0.4993E-003 0.2991E+016
0.2596E+002 0.7355E+002 0.1621E+002 0.4987E-003 0.2993E+016
0.2595E+002 0.7352E+002 0.1620E+002 0.4982E-003 0.2995E+016
0.2594E+002 0.7349E+002 0.1619E+002 0.4976E-003 0.2997E+016
0.2593E+002 0.7347E+002 0.1618E+002 0.4971E-003 0.2999E+016
0.2592E+002 0.7344E+002 0.1617E+002 0.4965E-003 0.3001E+016
0.2591E+002 0.7341E+002 0.1616E+002 0.4960E-003 0.3003E+016
0.2590E+002 0.7338E+002 0.1615E+002 0.4954E-003 0.3005E+016
0.2589E+002 0.7336E+002 0.1614E+002 0.4949E-003 0.3007E+016
0.2588E+002 0.7333E+002 0.1613E+002 0.4943E-003 0.3009E+016
0.2587E+002 0.7330E+002 0.1611E+002 0.4938E-003 0.3011E+016
0.2586E+002 0.7327E+002 0.1610E+002 0.4932E-003 0.3013E+016
0.2585E+002 0.7325E+002 0.1609E+002 0.4927E-003 0.3015E+016
0.2584E+002 0.7322E+002 0.1608E+002 0.4921E-003 0.3017E+016
0.2583E+002 0.7319E+002 0.1607E+002 0.4916E-003 0.3019E+016
0.2582E+002 0.7316E+002 0.1606E+002 0.4910E-003 0.3021E+016
0.2581E+002 0.7314E+002 0.1605E+002 0.4905E-003 0.3023E+016
0.2580E+002 0.7311E+002 0.1604E+002 0.4899E-003 0.3025E+016
0.2579E+002 0.7308E+002 0.1603E+002 0.4894E-003 0.3027E+016
0.2578E+002 0.7306E+002 0.1601E+002 0.4888E-003 0.3029E+016
0.2577E+002 0.7303E+002 0.1600E+002 0.4883E-003 0.3031E+016
0.2576E+002 0.7300E+002 0.1599E+002 0.4877E-003 0.3033E+016
0.2575E+002 0.7297E+002 0.1598E+002 0.4872E-003 0.3035E+016
0.2574E+002 0.7295E+002 0.1597E+002 0.4866E-003 0.3037E+016
0.2573E+002 0.7292E+002 0.1596E+002 0.4861E-003 0.3039E+016
0.2572E+002 0.7289E+002 0.1595E+002 0.4855E-003 0.3041E+016
0.2571E+002 0.7286E+002 0.1594E+002 0.4850E-003 0.3043E+016
0.2570E+002 0.7284E+002 0.1593E+002 0.4845E-003 0.3045E+016
0.2569E+002 0.7281E+002 0.1591E+002 0.4839E-003 0.3047E+016
0.2568E+002 0.7278E+002 0.1590E+002 0.4834E-003 0.3049E+016
0.2567E+002 0.7276E+002 0.1589E+002 0.4828E-003 0.3051E+016
0.2566E+002 0.7273E+002 0.1588E+002 0.4823E-003 0.3053E+016
0.2565E+002 0.7270E+002 0.1587E+002 0.4817E-003 0.3055E+016
0.2564E+002 0.7267E+002 0.1586E+002 0.4812E-003 0.3057E+016
0.2563E+002 0.7265E+002 0.1585E+002 0.4807E-003 0.3059E+016
0.2562E+002 0.7262E+002 0.1584E+002 0.4801E-003 0.3061E+016
0.2561E+002 0.7259E+002 0.1583E+002 0.4796E-003 0.3063E+016
0.2560E+002 0.7256E+002 0.1582E+002 0.4790E-003 0.3065E+016
0.2559E+002 0.7254E+002 0.1580E+002 0.4785E-003 0.3067E+016
0.2558E+002 0.7251E+002 0.1579E+002 0.4780E-003 0.3069E+016
0.2557E+002 0.7248E+002 0.1578E+002 0.4774E-003 0.3071E+016
0.2556E+002 0.7246E+002 0.1577E+002 0.4769E-003 0.3073E+016
0.2555E+002 0.7243E+002 0.1576E+002 0.4763E-003 0.3075E+016
0.2554E+002 0.7240E+002 0.1575E+002 0.4758E-003 0.3077E+016
0.2553E+002 0.7237E+002 0.1574E+002 0.4753E-003 0.3079E+016
0.2552E+002 0.7235E+002 0.1573E+002 0.4747E-003 0.3081E+016
0.2551E+002 0.7232E+002 0.1572E+002 0.4742E-003 0.3083E+016
0.2550E+002 0.7229E+002 0.1570E+002 0.4737E-003 0.3085E+016
0.2549E+002 0.7226E+002 0.1569E+002 0.4731E-003 0.3087E+016
0.2548E+002 0.7224E+002 0.1568E+002 0.4726E-003 0.3089E+016
0.2547E+002 0.7221E+002 0.1567E+002 0.4720E-003 0.3091E+016
0.2546E+002 0.7218E+002 0.1566E+002 0.4715E-003 0.3093E+016
0.2545E+002 0.7216E+002 0.1565E+002 0.4710E-003 0.3095E+016
0.2544E+002 0.7213E+002 0.1564E+002 0.4704E-003 0.3097E+016
0.2543E+002 0.7210E+002 0.1563E+002 0.4699E-003 0.3099E+016
0.2542E+002 0.7207E+002 0.1562E+002 0.4694E-003 0.3101E+016
0.2541E+002 0.7205E+002 0.1561E+002 0.4688E-003 0.3103E+016
0.2540E+002 0.7202E+002 0.1559E+002 0.4683E-003 0.3105E+016
0.2539E+002 0.7199E+002 0.1558E+002 0.4678E-003 0.3107E+016
0.2538E+002 0.7196E+002 0.1557E+002 0.4672E-003 0.3109E+016
0.2537E+002 0.7194E+002 0.1556E+002 0.4667E-003 0.3111E+016
0.2536E+002 0.7191E+002 0.1555E+002 0.4662E-003 0.3114E+016
0.2535E+002 0.7188E+002 0.1554E+002 0.4657E-003 0.3116E+016
0.2534E+002 0.7186E+002 0.1553E+002 0.4651E-003 0.3118E+016
0.2533E+002 0.7183E+002 0.1552E+002 0.4646E-003 0.3120E+016
0.2532E+002 0.7180E+002 0.1551E+002 0.4641E-003 0.3122E+016
0.2531E+002 0.7177E+002 0.1550E+002 0.4635E-003 0.3124E+016
0.2530E+002 0.7175E+002 0.1549E+002 0.4630E-003 0.3126E+016
0.2529E+002 0.7172E+002 0.1547E+002 0.4625E-003 0.3128E+016
0.2528E+002 0.7169E+002 0.1546E+002 0.4620E-003 0.3130E+016
0.2527E+002 0.7166E+002 0.1545E+002 0.4614E-003 0.3132E+016
0.2526E+002 0.7164E+002 0.1544E+002 0.4609E-003 0.3134E+016
0.2525E+002 0.7161E+002 0.1543E+002 0.4604E-003 0.3136E+016
0.2524E+002 0.7158E+002 0.1542E+002 0.4598E-003 0.3138E+016
0.2523E+002 0.7156E+002 0.1541E+002 0.4593E-003 0.3140E+016
0.2522E+002 0.7153E+002 0.1540E+002 0.4588E-003 0.3143E+016
0.2521E+002 0.7150E+002 0.1539E+002 0.4583E-003 0.3145E+016
0.2520E+002 0.7147E+002 0.1538E+002 0.4577E-003 0.3147E+016
0.2519E+002 0.7145E+002 0.1536E+002 0.4572E-003 0.3149E+016
0.2518E+002 0.7142E+002 0.1535E+002 0.4567E-003 0.3151E+016
0.2517E+002 0.7139E+002 0.1534E+002 0.4562E-003 0.3153E+016
0.2516E+002 0.7136E+002 0.1533E+002 0.4557E-003 0.3155E+016
0.2515E+002 0.7134E+002 0.1532E+002 0.4551E-003 0.3157E+016
0.2514E+002 0.7131E+002 0.1531E+002 0.4546E-003 0.3159E+016
0.2513E+002 0.7128E+002 0.1530E+002 0.4541E-003 0.3161E+016
0.2512E+002 0.7126E+002 0.1529E+002 0.4536E-003 0.3164E+016
0.2511E+002 0.7123E+002 0.1528E+002 0.4530E-003 0.3166E+016
0.2510E+002 0.7120E+002 0.1527E+002 0.4525E-003 0.3168E+016
0.2509E+002 0.7117E+002 0.1526E+002 0.4520E-003 0.3170E+016
0.2508E+002 0.7115E+002 0.1524E+002 0.4515E-003 0.3172E+016
0.2507E+002 0.7112E+002 0.1523E+002 0.4510E-003 0.3174E+016
0.2506E+002 0.7109E+002 0.1522E+002 0.4504E-003 0.3176E+016
0.2505E+002 0.7106E+002 0.1521E+002 0.4499E-003 0.3178E+016
0.2504E+002 0.7104E+002 0.1520E+002 0.4494E-003 0.3180E+016
0.2503E+002 0.7101E+002 0.1519E+002 0.4489E-003 0.3183E+016
0.2502E+002 0.7098E+002 0.1518E+002 0.4484E-003 0.3185E+016
0.2501E+002 0.7096E+002 0.1517E+002 0.4479E-003 0.3187E+016
0.2500E+002 0.7093E+002 0.1516E+002 0.4473E-003 0.3189E+016
0.2499E+002 0.7090E+002 0.1515E+002 0.4468E-003 0.3191E+016
0.2498E+002 0.7087E+002 0.1514E+002 0.4463E-003 0.3193E+016
0.2497E+002 0.7085E+002 0.1513E+002 0.4458E-003 0.3195E+016
0.2496E+002 0.7082E+002 0.1511E+002 0.4453E-003 0.3198E+016
0.2495E+002 0.7079E+002 0.1510E+002 0.4448E-003 0.3200E+016
0.2494E+002 0.7076E+002 0.1509E+002 0.4443E-003 0.3202E+016
0.2493E+002 0.7074E+002 0.1508E+002 0.4437E-003 0.3204E+016
0.2492E+002 0.7071E+002 0.1507E+002 0.4432E-003 0.3206E+016
0.2491E+002 0.7068E+002 0.1506E+002 0.4427E-003 0.3208E+016
0.2490E+002 0.7066E+002 0.1505E+002 0.4422E-003 0.3210E+016
0.2489E+002 0.7063E+002 0.1504E+002 0.4417E-003 0.3213E+016
0.2488E+002 0.7060E+002 0.1503E+002 0.4412E-003 0.3215E+016
0.2487E+002 0.7057E+002 0.1502E+002 0.4407E-003 0.3217E+016
0.2486E+002 0.7055E+002 0.1501E+002 0.4402E-003 0.3219E+016
0.2485E+002 0.7052E+002 0.1500E+002 0.4396E-003 0.3221E+016
0.2484E+002 0.7049E+002 0.1498E+002 0.4391E-003 0.3223E+016
0.2483E+002 0.7046E+002 0.1497E+002 0.4386E-003 0.3225E+016
0.2482E+002 0.7044E+002 0.1496E+002 0.4381E-003 0.3228E+016
0.2481E+002 0.7041E+002 0.1495E+002 0.4376E-003 0.3230E+016
0.2480E+002 0.7038E+002 0.1494E+002 0.4371E-003 0.3232E+016
0.2479E+002 0.7036E+002 0.1493E+002 0.4366E-003 0.3234E+016
0.2478E+002 0.7033E+002 0.1492E+002 0.4361E-003 0.3236E+016
0.2477E+002 0.7030E+002 0.1491E+002 0.4356E-003 0.3239E+016
0.2476E+002 0.7027E+002 0.1490E+002 0.4351E-003 0.3241E+016
0.2475E+002 0.7025E+002 0.1489E+002 0.4346E-003 0.3243E+016
0.2474E+002 0.7022E+002 0.1488E+002 0.4341E-003 0.3245E+016
0.2473E+002 0.7019E+002 0.1487E+002 0.4336E-003 0.3247E+016
0.2472E+002 0.7016E+002 0.1485E+002 0.4330E-003 0.3249E+016
0.2471E+002 0.7014E+002 0.1484E+002 0.4325E-003 0.3252E+016
0.2470E+002 0.7011E+002 0.1483E+002 0.4320E-003 0.3254E+016
0.2469E+002 0.7008E+002 0.1482E+002 0.4315E-003 0.3256E+016
0.2468E+002 0.7006E+002 0.1481E+002 0.4310E-003 0.3258E+016
0.2467E+002 0.7003E+002 0.1480E+002 0.4305E-003 0.3260E+016
0.2466E+002 0.7000E+002 0.1479E+002 0.4300E-003 0.3263E+016
0.2465E+002 0.6997E+002 0.1478E+002 0.4295E-003 0.3265E+016
0.2464E+002 0.6995E+002 0.1477E+002 0.4290E-003 0.3267E+016
0.2463E+002 0.6992E+002 0.1476E+002 0.4285E-003 0.3269E+016
0.2462E+002 0.6989E+002 0.1475E+002 0.4280E-003 0.3271E+016
0.2461E+002 0.6986E+002 0.1474E+002 0.4275E-003 0.3274E+016
0.2460E+002 0.6984E+002 0.1473E+002 0.4270E-003 0.3276E+016
0.2459E+002 0.6981E+002 0.1471E+002 0.4265E-003 0.3278E+016
0.2458E+002 0.6978E+002 0.1470E+002 0.4260E-003 0.3280E+016
0.2457E+002 0.6975E+002 0.1469E+002 0.4255E-003 0.3282E+016
0.2456E+002 0.6973E+002 0.1468E+002 0.4250E-003 0.3285E+016
0.2455E+002 0.6970E+002 0.1467E+002 0.4245E-003 0.3287E+016
0.2454E+002 0.6967E+002 0.1466E+002 0.4240E-003 0.3289E+016
0.2453E+002 0.6965E+002 0.1465E+002 0.4235E-003 0.3291E+016
0.2452E+002 0.6962E+002 0.1464E+002 0.4230E-003 0.3294E+016
0.2451E+002 0.6959E+002 0.1463E+002 0.4225E-003 0.3296E+016
0.2450E+002 0.6956E+002 0.1462E+002 0.4220E-003 0.3298E+016
0.2449E+002 0.6954E+002 0.1461E+002 0.4215E-003 0.3300E+016
0.2448E+002 0.6951E+002 0.1460E+002 0.4210E-003 0.3303E+016
0.2447E+002 0.6948E+002 0.1459E+002 0.4205E-003 0.3305E+016
0.2446E+002 0.6945E+002 0.1457E+002 0.4200E-003 0.3307E+016
0.2445E+002 0.6943E+002 0.1456E+002 0.4196E-003 0.3309E+016
0.2444E+002 0.6940E+002 0.1455E+002 0.4191E-003 0.3312E+016
0.2443E+002 0.6937E+002 0.1454E+002 0.4186E-003 0.3314E+016
0.2442E+002 0.6935E+002 0.1453E+002 0.4181E-003 0.3316E+016
0.2441E+002 0.6932E+002 0.1452E+002 0.4176E-003 0.3318E+016
0.2440E+002 0.6929E+002 0.1451E+002 0.4171E-003 0.3321E+016
0.2439E+002 0.6926E+002 0.1450E+002 0.4166E-003 0.3323E+016
0.2438E+002 0.6924E+002 0.1449E+002 0.4161E-003 0.3325E+016
0.2437E+002 0.6921E+002 0.1448E+002 0.4156E-003 0.3327E+016
0.2436E+002 0.6918E+002 0.1447E+002 0.4151E-003 0.3330E+016
0.2435E+002 0.6915E+002 0.1446E+002 0.4146E-003 0.3332E+016
0.2434E+002 0.6913E+002 0.1445E+002 0.4141E-003 0.3334E+016
0.2433E+002 0.6910E+002 0.1444E+002 0.4136E-003 0.3336E+016
0.2432E+002 0.6907E+002 0.1442E+002 0.4132E-003 0.3339E+016
0.2431E+002 0.6905E+002 0.1441E+002 0.4127E-003 0.3341E+016
0.2430E+002 0.6902E+002 0.1440E+002 0.4122E-003 0.3343E+016
0.2429E+002 0.6899E+002 0.1439E+002 0.4117E-003 0.3346E+016
0.2428E+002 0.6896E+002 0.1438E+002 0.4112E-003 0.3348E+016
0.2427E+002 0.6894E+002 0.1437E+002 0.4107E-003 0.3350E+016
0.2426E+002 0.6891E+002 0.1436E+002 0.4102E-003 0.3352E+016
0.2425E+002 0.6888E+002 0.1435E+002 0.4097E-003 0.3355E+016
0.2424E+002 0.6885E+002 0.1434E+002 0.4093E-003 0.3357E+016
0.2423E+002 0.6883E+002 0.1433E+002 0.4088E-003 0.3359E+016
0.2422E+002 0.6880E+002 0.1432E+002 0.4083E-003 0.3362E+016
0.2421E+002 0.6877E+002 0.1431E+002 0.4078E-003 0.3364E+016
0.2420E+002 0.6875E+002 0.1430E+002 0.4073E-003 0.3366E+016
0.2419E+002 0.6872E+002 0.1429E+002 0.4068E-003 0.3368E+016
0.2418E+002 0.6869E+002 0.1428E+002 0.4063E-003 0.3371E+016
0.2417E+002 0.6866E+002 0.1426E+002 0.4059E-003 0.3373E+016
0.2416E+002 0.6864E+002 0.1425E+002 0.4054E-003 0.3375E+016
0.2415E+002 0.6861E+002 0.1424E+002 0.4049E-003 0.3378E+016
0.2414E+002 0.6858E+002 0.1423E+002 0.4044E-003 0.3380E+016
0.2413E+002 0.6855E+002 0.1422E+002 0.4039E-003 0.3382E+016
0.2412E+002 0.6853E+002 0.1421E+002 0.4034E-003 0.3385E+016
0.2411E+002 0.6850E+002 0.1420E+002 0.4030E-003 0.3387E+016
0.2410E+002 0.6847E+002 0.1419E+002 0.4025E-003 0.3389E+016
0.2409E+002 0.6845E+002 0.1418E+002 0.4020E-003 0.3392E+016
0.2408E+002 0.6842E+002 0.1417E+002 0.4015E-003 0.3394E+016
0.2407E+002 0.6839E+002 0.1416E+002 0.4010E-003 0.3396E+016
0.2406E+002 0.6836E+002 0.1415E+002 0.4006E-003 0.3399E+016
0.2405E+002 0.6834E+002 0.1414E+002 0.4001E-003 0.3401E+016
0.2404E+002 0.6831E+002 0.1413E+002 0.3996E-003 0.3403E+016
0.2403E+002 0.6828E+002 0.1412E+002 0.3991E-003 0.3406E+016
0.2402E+002 0.6825E+002 0.1411E+002 0.3986E-003 0.3408E+016
0.2401E+002 0.6823E+002 0.1409E+002 0.3982E-003 0.3410E+016
0.2400E+002 0.6820E+002 0.1408E+002 0.3977E-003 0.3413E+016
0.2399E+002 0.6817E+002 0.1407E+002 0.3972E-003 0.3415E+016
0.2398E+002 0.6815E+002 0.1406E+002 0.3967E-003 0.3417E+016
0.2397E+002 0.6812E+002 0.1405E+002 0.3963E-003 0.3420E+016
0.2396E+002 0.6809E+002 0.1404E+002 0.3958E-003 0.3422E+016
0.2395E+002 0.6806E+002 0.1403E+002 0.3953E-003 0.3424E+016
0.2394E+002 0.6804E+002 0.1402E+002 0.3948E-003 0.3427E+016
0.2393E+002 0.6801E+002 0.1401E+002 0.3944E-003 0.3429E+016
0.2392E+002 0.6798E+002 0.1400E+002 0.3939E-003 0.3431E+016
0.2391E+002 0.6795E+002 0.1399E+002 0.3934E-003 0.3434E+016
0.2390E+002 0.6793E+002 0.1398E+002 0.3929E-003 0.3436E+016
0.2389E+002 0.6790E+002 0.1397E+002 0.3925E-003 0.3439E+016
0.2388E+002 0.6787E+002 0.1396E+002 0.3920E-003 0.3441E+016
0.2387E+002 0.6785E+002 0.1395E+002 0.3915E-003 0.3443E+016
0.2386E+002 0.6782E+002 0.1394E+002 0.3910E-003 0.3446E+016
0.2385E+002 0.6779E+002 0.1393E+002 0.3906E-003 0.3448E+016
0.2384E+002 0.6776E+002 0.1391E+002 0.3901E-003 0.3450E+016
0.2383E+002 0.6774E+002 0.1390E+002 0.3896E-003 0.3453E+016
0.2382E+002 0.6771E+002 0.1389E+002 0.3892E-003 0.3455E+016
0.2381E+002 0.6768E+002 0.1388E+002 0.3887E-003 0.3458E+016
0.2380E+002 0.6765E+002 0.1387E+002 0.3882E-003 0.3460E+016
0.2379E+002 0.6763E+002 0.1386E+002 0.3878E-003 0.3462E+016
0.2378E+002 0.6760E+002 0.1385E+002 0.3873E-003 0.3465E+016
0.2377E+002 0.6757E+002 0.1384E+002 0.3868E-003 0.3467E+016
0.2376E+002 0.6755E+002 0.1383E+002 0.3863E-003 0.3470E+016
0.2375E+002 0.6752E+002 0.1382E+002 0.3859E-003 0.3472E+016
0.2374E+002 0.6749E+002 0.1381E+002 0.3854E-003 0.3474E+016
0.2373E+002 0.6746E+002 0.1380E+002 0.3849E-003 0.3477E+016
0.2372E+002 0.6744E+002 0.1379E+002 0.3845E-003 0.3479E+016
0.2371E+002 0.6741E+002 0.1378E+002 0.3840E-003 0.3482E+016
0.2370E+002 0.6738E+002 0.1377E+002 0.3835E-003 0.3484E+016
0.2369E+002 0.6735E+002 0.1376E+002 0.3831E-003 0.3486E+016
0.2368E+002 0.6733E+002 0.1375E+002 0.3826E-003 0.3489E+016
0.2367E+002 0.6730E+002 0.1374E+002 0.3821E-003 0.3491E+016
0.2366E+002 0.6727E+002 0.1372E+002 0.3817E-003 0.3494E+016
0.2365E+002 0.6725E+002 0.1371E+002 0.3812E-003 0.3496E+016
0.2364E+002 0.6722E+002 0.1370E+002 0.3808E-003 0.3499E+016
0.2363E+002 0.6719E+002 0.1369E+002 0.3803E-003 0.3501E+016
0.2362E+002 0.6716E+002 0.1368E+002 0.3798E-003 0.3503E+016
0.2361E+002 0.6714E+002 0.1367E+002 0.3794E-003 0.3506E+016
0.2360E+002 0.6711E+002 0.1366E+002 0.3789E-003 0.3508E+016
0.2359E+002 0.6708E+002 0.1365E+002 0.3784E-003 0.3511E+016
0.2358E+002 0.6705E+002 0.1364E+002 0.3780E-003 0.3513E+016
0.2357E+002 0.6703E+002 0.1363E+002 0.3775E-003 0.3516E+016
0.2356E+002 0.6700E+002 0.1362E+002 0.3771E-003 0.3518E+016
0.2355E+002 0.6697E+002 0.1361E+002 0.3766E-003 0.3521E+016
0.2354E+002 0.6695E+002 0.1360E+002 0.3761E-003 0.3523E+016
0.2353E+002 0.6692E+002 0.1359E+002 0.3757E-003 0.3526E+016
0.2352E+002 0.6689E+002 0.1358E+002 0.3752E-003 0.3528E+016
0.2351E+002 0.6686E+002 0.1357E+002 0.3748E-003 0.3530E+016
0.2350E+002 0.6684E+002 0.1356E+002 0.3743E-003 0.3533E+016
0.2349E+002 0.6681E+002 0.1355E+002 0.3738E-003 0.3535E+016
0.2348E+002 0.6678E+002 0.1354E+002 0.3734E-003 0.3538E+016
0.2347E+002 0.6675E+002 0.1353E+002 0.3729E-003 0.3540E+016
0.2346E+002 0.6673E+002 0.1351E+002 0.3725E-003 0.3543E+016
0.2345E+002 0.6670E+002 0.1350E+002 0.3720E-003 0.3545E+016
0.2344E+002 0.6667E+002 0.1349E+002 0.3716E-003 0.3548E+016
0.2343E+002 0.6665E+002 0.1348E+002 0.3711E-003 0.3550E+016
0.2342E+002 0.6662E+002 0.1347E+002 0.3706E-003 0.3553E+016
0.2341E+002 0.6659E+002 0.1346E+002 0.3702E-003 0.3555E+016
0.2340E+002 0.6656E+002 0.1345E+002 0.3697E-003 0.3558E+016
0.2339E+002 0.6654E+002 0.1344E+002 0.3693E-003 0.3560E+016
0.2338E+002 0.6651E+002 0.1343E+002 0.3688E-003 0.3563E+016
0.2337E+002 0.6648E+002 0.1342E+002 0.3684E-003 0.3565E+016
0.2336E+002 0.6645E+002 0.1341E+002 0.3679E-003 0.3568E+016
0.2335E+002 0.6643E+002 0.1340E+002 0.3675E-003 0.3570E+016
0.2334E+002 0.6640E+002 0.1339E+002 0.3670E-003 0.3573E+016
0.2333E+002 0.6637E+002 0.1338E+002 0.3666E-003 0.3575E+016
0.2332E+002 0.6634E+002 0.1337E+002 0.3661E-003 0.3578E+016
0.2331E+002 0.6632E+002 0.1336E+002 0.3657E-003 0.3580E+016
0.2330E+002 0.6629E+002 0.1335E+002 0.3652E-003 0.3583E+016
0.2329E+002 0.6626E+002 0.1334E+002 0.3648E-003 0.3585E+016
0.2328E+002 0.6624E+002 0.1333E+002 0.3643E-003 0.3588E+016
0.2327E+002 0.6621E+002 0.1332E+002 0.3639E-003 0.3590E+016
0.2326E+002 0.6618E+002 0.1331E+002 0.3634E-003 0.3593E+016
0.2325E+002 0.6615E+002 0.1329E+002 0.3630E-003 0.3595E+016
0.2324E+002 0.6613E+002 0.1328E+002 0.3625E-003 0.3598E+016
0.2323E+002 0.6610E+002 0.1327E+002 0.3621E-003 0.3600E+016
0.2322E+002 0.6607E+002 0.1326E+002 0.3616E-003 0.3603E+016
0.2321E+002 0.6604E+002 0.1325E+002 0.3612E-003 0.3606E+016
0.2320E+002 0.6602E+002 0.1324E+002 0.3607E-003 0.3608E+016
0.2319E+002 0.6599E+002 0.1323E+002 0.3603E-003 0.3611E+016
0.2318E+002 0.6596E+002 0.1322E+002 0.3598E-003 0.3613E+016
0.2317E+002 0.6594E+002 0.1321E+002 0.3594E-003 0.3616E+016
0.2316E+002 0.6591E+002 0.1320E+002 0.3589E-003 0.3618E+016
0.2315E+002 0.6588E+002 0.1319E+002 0.3585E-003 0.3621E+016
0.2314E+002 0.6585E+002 0.1318E+002 0.3580E-003 0.3623E+016
0.2313E+002 0.6583E+002 0.1317E+002 0.3576E-003 0.3626E+016
0.2312E+002 0.6580E+002 0.1316E+002 0.3572E-003 0.3628E+016
0.2311E+002 0.6577E+002 0.1315E+002 0.3567E-003 0.3631E+016
0.2310E+002 0.6574E+002 0.1314E+002 0.3563E-003 0.3634E+016
0.2309E+002 0.6572E+002 0.1313E+002 0.3558E-003 0.3636E+016
0.2308E+002 0.6569E+002 0.1312E+002 0.3554E-003 0.3639E+016
0.2307E+002 0.6566E+002 0.1311E+002 0.3549E-003 0.3641E+016
0.2306E+002 0.6564E+002 0.1310E+002 0.3545E-003 0.3644E+016
0.2305E+002 0.6561E+002 0.1309E+002 0.3541E-003 0.3646E+016
0.2304E+002 0.6558E+002 0.1308E+002 0.3536E-003 0.3649E+016
0.2303E+002 0.6555E+002 0.1307E+002 0.3532E-003 0.3652E+016
0.2302E+002 0.6553E+002 0.1306E+002 0.3527E-003 0.3654E+016
0.2301E+002 0.6550E+002 0.1304E+002 0.3523E-003 0.3657E+016
0.2300E+002 0.6547E+002 0.1303E+002 0.3518E-003 0.3659E+016
0.2299E+002 0.6544E+002 0.1302E+002 0.3514E-003 0.3662E+016
0.2298E+002 0.6542E+002 0.1301E+002 0.3510E-003 0.3665E+016
0.2297E+002 0.6539E+002 0.1300E+002 0.3505E-003 0.3667E+016
0.2296E+002 0.6536E+002 0.1299E+002 0.3501E-003 0.3670E+016
0.2295E+002 0.6534E+002 0.1298E+002 0.3497E-003 0.3672E+016
0.2294E+002 0.6531E+002 0.1297E+002 0.3492E-003 0.3675E+016
0.2293E+002 0.6528E+002 0.1296E+002 0.3488E-003 0.3678E+016
0.2292E+002 0.6525E+002 0.1295E+002 0.3483E-003 0.3680E+016
0.2291E+002 0.6523E+002 0.1294E+002 0.3479E-003 0.3683E+016
0.2290E+002 0.6520E+002 0.1293E+002 0.3475E-003 0.3686E+016
0.2289E+002 0.6517E+002 0.1292E+002 0.3470E-003 0.3688E+016
0.2288E+002 0.6514E+002 0.1291E+002 0.3466E-003 0.3691E+016
0.2287E+002 0.6512E+002 0.1290E+002 0.3462E-003 0.3693E+016
0.2286E+002 0.6509E+002 0.1289E+002 0.3457E-003 0.3696E+016
0.2285E+002 0.6506E+002 0.1288E+002 0.3453E-003 0.3699E+016
0.2284E+002 0.6504E+002 0.1287E+002 0.3449E-003 0.3701E+016
0.2283E+002 0.6501E+002 0.1286E+002 0.3444E-003 0.3704E+016
0.2282E+002 0.6498E+002 0.1285E+002 0.3440E-003 0.3707E+016
0.2281E+002 0.6495E+002 0.1284E+002 0.3436E-003 0.3709E+016
0.2280E+002 0.6493E+002 0.1283E+002 0.3431E-003 0.3712E+016
0.2279E+002 0.6490E+002 0.1282E+002 0.3427E-003 0.3715E+016
0.2278E+002 0.6487E+002 0.1281E+002 0.3423E-003 0.3717E+016
0.2277E+002 0.6484E+002 0.1280E+002 0.3418E-003 0.3720E+016
0.2276E+002 0.6482E+002 0.1279E+002 0.3414E-003 0.3722E+016
0.2275E+002 0.6479E+002 0.1278E+002 0.3410E-003 0.3725E+016
0.2274E+002 0.6476E+002 0.1277E+002 0.3405E-003 0.3728E+016
0.2273E+002 0.6474E+002 0.1275E+002 0.3401E-003 0.3730E+016
0.2272E+002 0.6471E+002 0.1274E+002 0.3397E-003 0.3733E+016
0.2271E+002 0.6468E+002 0.1273E+002 0.3392E-003 0.3736E+016
0.2270E+002 0.6465E+002 0.1272E+002 0.3388E-003 0.3738E+016
0.2269E+002 0.6463E+002 0.1271E+002 0.3384E-003 0.3741E+016
0.2268E+002 0.6460E+002 0.1270E+002 0.3380E-003 0.3744E+016
0.2267E+002 0.6457E+002 0.1269E+002 0.3375E-003 0.3747E+016
0.2266E+002 0.6454E+002 0.1268E+002 0.3371E-003 0.3749E+016
0.2265E+002 0.6452E+002 0.1267E+002 0.3367E-003 0.3752E+016
0.2264E+002 0.6449E+002 0.1266E+002 0.3363E-003 0.3755E+016
0.2263E+002 0.6446E+002 0.1265E+002 0.3358E-003 0.3757E+016
0.2262E+002 0.6444E+002 0.1264E+002 0.3354E-003 0.3760E+016
0.2261E+002 0.6441E+002 0.1263E+002 0.3350E-003 0.3763E+016
0.2260E+002 0.6438E+002 0.1262E+002 0.3345E-003 0.3765E+016
0.2259E+002 0.6435E+002 0.1261E+002 0.3341E-003 0.3768E+016
0.2258E+002 0.6433E+002 0.1260E+002 0.3337E-003 0.3771E+016
0.2257E+002 0.6430E+002 0.1259E+002 0.3333E-003 0.3774E+016
0.2256E+002 0.6427E+002 0.1258E+002 0.3329E-003 0.3776E+016
0.2255E+002 0.6424E+002 0.1257E+002 0.3324E-003 0.3779E+016
0.2254E+002 0.6422E+002 0.1256E+002 0.3320E-003 0.3782E+016
0.2253E+002 0.6419E+002 0.1255E+002 0.3316E-003 0.3784E+016
0.2252E+002 0.6416E+002 0.1254E+002 0.3312E-003 0.3787E+016
0.2251E+002 0.6414E+002 0.1253E+002 0.3307E-003 0.3790E+016
0.2250E+002 0.6411E+002 0.1252E+002 0.3303E-003 0.3793E+016
0.2249E+002 0.6408E+002 0.1251E+002 0.3299E-003 0.3795E+016
0.2248E+002 0.6405E+002 0.1250E+002 0.3295E-003 0.3798E+016
0.2247E+002 0.6403E+002 0.1249E+002 0.3291E-003 0.3801E+016
0.2246E+002 0.6400E+002 0.1248E+002 0.3286E-003 0.3804E+016
0.2245E+002 0.6397E+002 0.1247E+002 0.3282E-003 0.3806E+016
0.2244E+002 0.6394E+002 0.1246E+002 0.3278E-003 0.3809E+016
0.2243E+002 0.6392E+002 0.1245E+002 0.3274E-003 0.3812E+016
0.2242E+002 0.6389E+002 0.1244E+002 0.3270E-003 0.3815E+016
0.2241E+002 0.6386E+002 0.1243E+002 0.3265E-003 0.3817E+016
0.2240E+002 0.6384E+002 0.1242E+002 0.3261E-003 0.3820E+016
0.2239E+002 0.6381E+002 0.1240E+002 0.3257E-003 0.3823E+016
0.2238E+002 0.6378E+002 0.1239E+002 0.3253E-003 0.3826E+016
0.2237E+002 0.6375E+002 0.1238E+002 0.3249E-003 0.3828E+016
0.2236E+002 0.6373E+002 0.1237E+002 0.3244E-003 0.3831E+016
0.2235E+002 0.6370E+002 0.1236E+002 0.3240E-003 0.3834E+016
0.2234E+002 0.6367E+002 0.1235E+002 0.3236E-003 0.3837E+016
0.2233E+002 0.6364E+002 0.1234E+002 0.3232E-003 0.3839E+016
0.2232E+002 0.6362E+002 0.1233E+002 0.3228E-003 0.3842E+016
0.2231E+002 0.6359E+002 0.1232E+002 0.3224E-003 0.3845E+016
0.2230E+002 0.6356E+002 0.1231E+002 0.3220E-003 0.3848E+016
0.2229E+002 0.6354E+002 0.1230E+002 0.3215E-003 0.3851E+016
0.2228E+002 0.6351E+002 0.1229E+002 0.3211E-003 0.3853E+016
0.2227E+002 0.6348E+002 0.1228E+002 0.3207E-003 0.3856E+016
0.2226E+002 0.6345E+002 0.1227E+002 0.3203E-003 0.3859E+016
0.2225E+002 0.9572E+005 0.1226E+002 0.3199E-003 0.3862E+016
0.2224E+002 0.9572E+005 0.1225E+002 0.3195E-003 0.3865E+016
0.2223E+002 0.9572E+005 0.1224E+002 0.3191E-003 0.3867E+016
0.2222E+002 0.9572E+005 0.1223E+002 0.3186E-003 0.3870E+016
0.2221E+002 0.9572E+005 0.1222E+002 0.3182E-003 0.3873E+016
0.2220E+002 0.9572E+005 0.1221E+002 0.3178E-003 0.3876E+016
0.2219E+002 0.9572E+005 0.1220E+002 0.3174E-003 0.3879E+016
0.2218E+002 0.9572E+005 0.1219E+002 0.3170E-003 0.3882E+016
0.2217E+002 0.9572E+005 0.1218E+002 0.3166E-003 0.3884E+016
0.2216E+002 0.9572E+005 0.1217E+002 0.3162E-003 0.3887E+016
0.2215E+002 0.9572E+005 0.1216E+002 0.3158E-003 0.3890E+016
0.2214E+002 0.9572E+005 0.1215E+002 0.3154E-003 0.3893E+016
0.2213E+002 0.9572E+005 0.1214E+002 0.3150E-003 0.3896E+016
0.2212E+002 0.9572E+005 0.1213E+002 0.3145E-003 0.3899E+016
0.2211E+002 0.9572E+005 0.1212E+002 0.3141E-003 0.3901E+016
0.2210E+002 0.9572E+005 0.1211E+002 0.3137E-003 0.3904E+016
0.2209E+002 0.9572E+005 0.1210E+002 0.3133E-003 0.3907E+016
0.2208E+002 0.9572E+005 0.1209E+002 0.3129E-003 0.3910E+016
0.2207E+002 0.9572E+005 0.1208E+002 0.3125E-003 0.3913E+016
0.2206E+002 0.9572E+005 0.1207E+002 0.3121E-003 0.3916E+016
0.2205E+002 0.9572E+005 0.1206E+002 0.3117E-003 0.3919E+016
0.2204E+002 0.9572E+005 0.1205E+002 0.3113E-003 0.3921E+016
0.2203E+002 0.9572E+005 0.1204E+002 0.3109E-003 0.3924E+016
0.2202E+002 0.9572E+005 0.1203E+002 0.3105E-003 0.3927E+016
0.2201E+002 0.9572E+005 0.1202E+002 0.3101E-003 0.3930E+016
0.2200E+002 0.9572E+005 0.1201E+002 0.3097E-003 0.3933E+016
0.2199E+002 0.9572E+005 0.1200E+002 0.3093E-003 0.3936E+016
0.2198E+002 0.9572E+005 0.1199E+002 0.3089E-003 0.3939E+016
