  0.89822189602587266     
   1.7775320099814723E-003
   1.7520715161800245E-003
   9.9999999999973624E-002
   5.7428647425547079E-022
   1.4342043752484968E-011
   2.5460191944442691E-005
   3.9731757194482279E-008
   5.4625862152591936E-016
   2.1196825718123914E-010
   2.8853335335685621E-010
   8.1887563047139297E-023
   7.3981535590250025E-013
   2.8592693713944124E-007
   1.7564703276016920E-014
   1.0325406214214942E-018
   2.3792338447517130E-017
   9.4491224487598541E-011
   1.0375981276703340E-018
   6.6424914224328023E-022
   1.3162542181468940E-033
   5.8148064430941756E-038
   3.1702481965259615E-019
   8.4946633260534678E-015
   6.1729950767945406E-022
   5.4570037979704217E-026
   2.6881380648076892E-030
