4.000000e+03 9.916198e-02 3.047006e-08 1.091473e+04 1.091473e+04
3.999999e+03 9.916198e-02 3.047025e-08 1.091472e+04 1.091472e+04
3.999989e+03 9.916198e-02 3.047213e-08 1.091470e+04 1.091470e+04
3.999907e+03 9.916198e-02 3.048746e-08 1.091447e+04 1.091447e+04
3.999654e+03 9.916198e-02 3.053505e-08 1.091378e+04 1.091378e+04
3.999061e+03 9.916198e-02 3.064677e-08 1.091217e+04 1.091217e+04
3.998001e+03 9.916198e-02 3.084764e-08 1.090928e+04 1.090927e+04
3.995604e+03 9.916198e-02 3.130728e-08 1.090273e+04 1.090273e+04
3.988594e+03 9.916198e-02 3.269411e-08 1.088361e+04 1.088361e+04
3.978594e+03 9.916198e-02 3.478917e-08 1.085633e+04 1.085633e+04
3.978457e+03 9.916198e-02 3.481892e-08 1.085596e+04 1.085596e+04
3.978348e+03 9.916198e-02 3.484260e-08 1.085566e+04 1.085566e+04
3.978175e+03 9.916198e-02 3.488007e-08 1.085519e+04 1.085519e+04
3.978083e+03 9.916198e-02 3.490007e-08 1.085494e+04 1.085494e+04
3.977995e+03 9.916198e-02 3.491926e-08 1.085470e+04 1.085470e+04
3.977860e+03 9.916198e-02 3.494865e-08 1.085433e+04 1.085433e+04
3.977648e+03 9.916198e-02 3.499489e-08 1.085375e+04 1.085375e+04
3.977457e+03 9.916198e-02 3.503659e-08 1.085323e+04 1.085323e+04
3.977394e+03 9.916198e-02 3.505038e-08 1.085306e+04 1.085306e+04
3.977326e+03 9.916198e-02 3.506516e-08 1.085287e+04 1.085287e+04
3.977098e+03 9.916198e-02 3.511501e-08 1.085225e+04 1.085225e+04
3.976747e+03 9.916197e-02 3.519194e-08 1.085129e+04 1.085129e+04
3.976480e+03 9.916197e-02 3.525053e-08 1.085057e+04 1.085056e+04
3.976028e+03 9.916197e-02 3.535003e-08 1.084933e+04 1.084933e+04
3.975400e+03 9.916197e-02 3.548874e-08 1.084762e+04 1.084762e+04
3.974314e+03 9.916197e-02 3.572996e-08 1.084466e+04 1.084466e+04
3.973291e+03 9.916197e-02 3.595888e-08 1.084187e+04 1.084186e+04
3.971215e+03 9.916197e-02 3.642842e-08 1.083620e+04 1.083620e+04
3.966977e+03 9.916197e-02 3.740740e-08 1.082464e+04 1.082464e+04
3.958556e+03 9.916197e-02 3.943836e-08 1.080167e+04 1.080167e+04
3.948556e+03 9.916197e-02 4.200657e-08 1.077439e+04 1.077439e+04
3.938556e+03 9.916197e-02 4.475679e-08 1.074711e+04 1.074711e+04
3.933801e+03 9.916196e-02 4.613228e-08 1.073414e+04 1.073414e+04
3.931114e+03 9.916196e-02 4.692986e-08 1.072681e+04 1.072681e+04
3.929005e+03 9.916196e-02 4.756635e-08 1.072105e+04 1.072105e+04
3.924303e+03 9.916196e-02 4.901899e-08 1.070823e+04 1.070822e+04
3.915314e+03 9.916196e-02 5.193152e-08 1.068371e+04 1.068370e+04
3.905314e+03 9.916196e-02 5.539328e-08 1.065643e+04 1.065642e+04
3.896710e+03 9.916195e-02 5.857190e-08 1.063295e+04 1.063295e+04
3.886710e+03 9.916195e-02 6.251609e-08 1.060567e+04 1.060567e+04
3.876710e+03 9.916194e-02 6.674898e-08 1.057839e+04 1.057839e+04
3.866710e+03 9.916194e-02 7.129333e-08 1.055111e+04 1.055111e+04
3.856710e+03 9.916194e-02 7.617383e-08 1.052383e+04 1.052383e+04
3.846710e+03 9.916193e-02 8.141728e-08 1.049655e+04 1.049655e+04
3.836710e+03 9.916192e-02 8.705274e-08 1.046927e+04 1.046927e+04
3.826710e+03 9.916192e-02 9.311178e-08 1.044199e+04 1.044199e+04
3.816710e+03 9.916191e-02 9.962868e-08 1.041471e+04 1.041471e+04
3.806710e+03 9.916190e-02 1.066407e-07 1.038743e+04 1.038743e+04
3.804932e+03 9.916190e-02 1.079427e-07 1.038258e+04 1.038258e+04
3.803513e+03 9.916190e-02 1.089933e-07 1.037871e+04 1.037871e+04
3.798791e+03 9.916190e-02 1.125715e-07 1.036583e+04 1.036583e+04
3.789527e+03 9.916189e-02 1.199646e-07 1.034056e+04 1.034056e+04
3.779527e+03 9.916188e-02 1.285374e-07 1.031328e+04 1.031328e+04
3.769527e+03 9.916187e-02 1.377748e-07 1.028600e+04 1.028600e+04
3.759527e+03 9.916186e-02 1.477321e-07 1.025872e+04 1.025872e+04
3.749527e+03 9.916185e-02 1.584696e-07 1.023144e+04 1.023144e+04
3.739527e+03 9.916184e-02 1.700532e-07 1.020416e+04 1.020416e+04
3.729527e+03 9.916183e-02 1.825546e-07 1.017688e+04 1.017688e+04
3.719527e+03 9.916182e-02 1.960518e-07 1.014960e+04 1.014960e+04
3.709527e+03 9.916180e-02 2.106301e-07 1.012232e+04 1.012232e+04
3.699527e+03 9.916179e-02 2.263828e-07 1.009504e+04 1.009504e+04
3.691188e+03 9.916177e-02 2.404899e-07 1.007229e+04 1.007229e+04
3.681188e+03 9.916175e-02 2.586668e-07 1.004501e+04 1.004501e+04
3.671188e+03 9.916173e-02 2.783312e-07 1.001773e+04 1.001773e+04
3.661188e+03 9.916171e-02 2.996137e-07 9.990450e+03 9.990448e+03
3.651188e+03 9.916169e-02 3.226573e-07 9.963170e+03 9.963168e+03
3.643253e+03 9.916167e-02 3.423001e-07 9.941522e+03 9.941520e+03
3.640170e+03 9.916166e-02 3.502744e-07 9.933112e+03 9.933110e+03
3.637503e+03 9.916165e-02 3.573354e-07 9.925835e+03 9.925833e+03
3.633337e+03 9.916164e-02 3.686704e-07 9.914472e+03 9.914470e+03
3.626332e+03 9.916162e-02 3.886138e-07 9.895362e+03 9.895360e+03
3.619773e+03 9.916160e-02 4.083409e-07 9.877469e+03 9.877468e+03
3.610088e+03 9.916157e-02 4.394641e-07 9.851049e+03 9.851048e+03
3.600174e+03 9.916154e-02 4.739817e-07 9.824004e+03 9.824002e+03
3.590174e+03 9.916150e-02 5.117682e-07 9.796724e+03 9.796722e+03
3.580174e+03 9.916146e-02 5.528105e-07 9.769444e+03 9.769442e+03
3.570174e+03 9.916141e-02 5.974089e-07 9.742164e+03 9.742162e+03
3.562415e+03 9.916138e-02 6.346768e-07 9.720995e+03 9.720993e+03
3.552415e+03 9.916133e-02 6.864270e-07 9.693715e+03 9.693713e+03
3.543695e+03 9.916128e-02 7.352534e-07 9.669929e+03 9.669927e+03
3.533695e+03 9.916122e-02 7.958836e-07 9.642649e+03 9.642647e+03
3.525666e+03 9.916116e-02 8.484517e-07 9.620744e+03 9.620742e+03
3.519628e+03 9.916112e-02 8.904249e-07 9.604274e+03 9.604273e+03
3.513768e+03 9.916108e-02 9.333044e-07 9.588288e+03 9.588286e+03
3.504962e+03 9.916101e-02 1.001956e-06 9.564266e+03 9.564264e+03
3.497480e+03 9.916095e-02 1.064551e-06 9.543853e+03 9.543851e+03
3.487480e+03 9.916086e-02 1.154835e-06 9.516573e+03 9.516571e+03
3.481663e+03 9.916080e-02 1.211103e-06 9.500705e+03 9.500703e+03
3.478986e+03 9.916077e-02 1.237975e-06 9.493403e+03 9.493401e+03
3.475998e+03 9.916074e-02 1.268728e-06 9.485252e+03 9.485250e+03
3.470870e+03 9.916069e-02 1.323435e-06 9.471262e+03 9.471260e+03
3.465481e+03 9.916063e-02 1.383663e-06 9.456561e+03 9.456559e+03
3.455481e+03 9.916051e-02 1.503343e-06 9.429281e+03 9.429279e+03
3.445481e+03 9.916038e-02 1.634180e-06 9.402001e+03 9.401999e+03
3.435481e+03 9.916023e-02 1.777290e-06 9.374721e+03 9.374719e+03
3.425481e+03 9.916008e-02 1.933903e-06 9.347441e+03 9.347439e+03
3.415481e+03 9.915991e-02 2.105385e-06 9.320161e+03 9.320159e+03
3.405481e+03 9.915972e-02 2.293245e-06 9.292881e+03 9.292879e+03
3.395481e+03 9.915951e-02 2.499156e-06 9.265601e+03 9.265599e+03
3.385481e+03 9.915929e-02 2.724975e-06 9.238321e+03 9.238319e+03
3.375481e+03 9.915904e-02 2.972759e-06 9.211041e+03 9.211039e+03
3.365481e+03 9.915877e-02 3.244793e-06 9.183761e+03 9.183759e+03
3.355481e+03 9.915847e-02 3.543615e-06 9.156481e+03 9.156479e+03
3.345481e+03 9.915814e-02 3.872045e-06 9.129201e+03 9.129199e+03
3.335481e+03 9.915777e-02 4.233218e-06 9.101921e+03 9.101919e+03
3.325481e+03 9.915737e-02 4.630622e-06 9.074641e+03 9.074639e+03
3.315481e+03 9.915692e-02 5.068141e-06 9.047361e+03 9.047359e+03
3.305481e+03 9.915644e-02 5.550101e-06 9.020081e+03 9.020079e+03
3.295481e+03 9.915591e-02 6.081325e-06 8.992801e+03 8.992799e+03
3.285481e+03 9.915532e-02 6.667188e-06 8.965521e+03 8.965518e+03
3.275481e+03 9.915467e-02 7.313693e-06 8.938241e+03 8.938238e+03
3.265481e+03 9.915396e-02 8.027540e-06 8.910961e+03 8.910958e+03
3.255481e+03 9.915317e-02 8.816216e-06 8.883681e+03 8.883678e+03
3.245481e+03 9.915229e-02 9.688092e-06 8.856401e+03 8.856398e+03
3.235481e+03 9.915132e-02 1.065253e-05 8.829121e+03 8.829118e+03
3.225481e+03 9.915025e-02 1.172003e-05 8.801841e+03 8.801838e+03
3.215481e+03 9.914907e-02 1.290231e-05 8.774561e+03 8.774558e+03
3.205481e+03 9.914776e-02 1.421255e-05 8.747281e+03 8.747278e+03
3.195481e+03 9.914631e-02 1.566552e-05 8.720001e+03 8.719998e+03
3.185481e+03 9.914469e-02 1.727777e-05 8.692721e+03 8.692718e+03
3.175481e+03 9.914290e-02 1.906793e-05 8.665441e+03 8.665438e+03
3.165481e+03 9.914091e-02 2.105689e-05 8.638161e+03 8.638158e+03
3.155481e+03 9.913871e-02 2.326818e-05 8.610881e+03 8.610878e+03
3.145481e+03 9.913622e-02 2.572825e-05 8.583601e+03 8.583598e+03
3.135481e+03 9.913348e-02 2.846690e-05 8.556321e+03 8.556318e+03
3.125481e+03 9.913042e-02 3.151768e-05 8.529041e+03 8.529038e+03
3.115481e+03 9.912702e-02 3.491844e-05 8.501761e+03 8.501758e+03
3.105481e+03 9.912323e-02 3.871183e-05 8.474481e+03 8.474478e+03
3.095481e+03 9.911902e-02 4.294604e-05 8.447201e+03 8.447198e+03
3.085481e+03 9.911430e-02 4.767541e-05 8.419921e+03 8.419918e+03
3.075481e+03 9.910902e-02 5.296141e-05 8.392641e+03 8.392638e+03
3.065481e+03 9.910309e-02 5.887345e-05 8.365361e+03 8.365358e+03
3.055481e+03 9.909648e-02 6.549008e-05 8.338081e+03 8.338078e+03
3.045481e+03 9.908906e-02 7.290009e-05 8.310801e+03 8.310798e+03
3.035481e+03 9.908077e-02 8.120399e-05 8.283521e+03 8.283518e+03
3.025481e+03 9.907145e-02 9.051545e-05 8.256241e+03 8.256238e+03
3.015481e+03 9.906100e-02 1.009631e-04 8.228961e+03 8.228958e+03
3.005481e+03 9.904926e-02 1.126926e-04 8.201681e+03 8.201678e+03
2.995481e+03 9.903608e-02 1.258686e-04 8.174401e+03 8.174398e+03
2.985481e+03 9.902127e-02 1.406770e-04 8.147121e+03 8.147118e+03
2.975481e+03 9.900461e-02 1.573281e-04 8.119841e+03 8.119838e+03
2.965481e+03 9.898587e-02 1.760589e-04 8.092561e+03 8.092558e+03
2.955481e+03 9.896479e-02 1.971363e-04 8.065281e+03 8.065278e+03
2.945481e+03 9.894107e-02 2.208601e-04 8.038001e+03 8.037998e+03
2.935481e+03 9.891437e-02 2.475660e-04 8.010721e+03 8.010718e+03
2.925481e+03 9.888431e-02 2.776284e-04 7.983441e+03 7.983438e+03
2.915481e+03 9.885047e-02 3.114631e-04 7.956161e+03 7.956158e+03
2.905481e+03 9.881240e-02 3.495286e-04 7.928881e+03 7.928878e+03
2.895481e+03 9.876961e-02 3.923267e-04 7.901601e+03 7.901598e+03
2.885481e+03 9.872153e-02 4.404023e-04 7.874321e+03 7.874318e+03
2.875481e+03 9.866760e-02 4.943395e-04 7.847041e+03 7.847038e+03
2.865481e+03 9.860718e-02 5.547574e-04 7.819761e+03 7.819758e+03
2.855481e+03 9.853963e-02 6.223012e-04 7.792481e+03 7.792478e+03
2.845481e+03 9.846431e-02 6.976313e-04 7.765201e+03 7.765198e+03
2.835481e+03 9.838053e-02 7.814086e-04 7.737921e+03 7.737918e+03
2.825481e+03 9.828766e-02 8.742777e-04 7.710641e+03 7.710638e+03
2.815481e+03 9.818509e-02 9.768482e-04 7.683361e+03 7.683358e+03
2.805481e+03 9.807227e-02 1.089674e-03 7.656081e+03 7.656078e+03
2.795481e+03 9.794871e-02 1.213238e-03 7.628801e+03 7.628798e+03
2.785481e+03 9.781402e-02 1.347930e-03 7.601521e+03 7.601518e+03
2.775481e+03 9.766790e-02 1.494039e-03 7.574241e+03 7.574238e+03
2.765481e+03 9.751021e-02 1.651743e-03 7.546961e+03 7.546958e+03
2.755481e+03 9.734085e-02 1.821105e-03 7.519681e+03 7.519678e+03
2.745481e+03 9.715988e-02 2.002075e-03 7.492401e+03 7.492398e+03
2.735481e+03 9.696746e-02 2.194496e-03 7.465121e+03 7.465118e+03
2.725481e+03 9.676384e-02 2.398114e-03 7.437841e+03 7.437838e+03
2.715481e+03 9.654937e-02 2.612589e-03 7.410561e+03 7.410558e+03
2.705481e+03 9.632445e-02 2.837513e-03 7.383281e+03 7.383278e+03
2.695481e+03 9.608956e-02 3.072418e-03 7.356001e+03 7.355998e+03
2.685481e+03 9.584519e-02 3.316799e-03 7.328721e+03 7.328718e+03
2.675481e+03 9.559189e-02 3.570121e-03 7.301441e+03 7.301438e+03
2.665481e+03 9.533016e-02 3.831836e-03 7.274161e+03 7.274158e+03
2.655481e+03 9.506062e-02 4.101391e-03 7.246881e+03 7.246878e+03
2.645481e+03 9.478376e-02 4.378244e-03 7.219601e+03 7.219598e+03
2.635481e+03 9.450013e-02 4.661865e-03 7.192321e+03 7.192318e+03
2.625481e+03 9.421024e-02 4.951747e-03 7.165041e+03 7.165038e+03
2.615481e+03 9.391459e-02 5.247409e-03 7.137761e+03 7.137758e+03
2.605481e+03 9.361357e-02 5.548403e-03 7.110481e+03 7.110478e+03
2.595481e+03 9.330767e-02 5.854314e-03 7.083201e+03 7.083198e+03
2.585481e+03 9.299719e-02 6.164762e-03 7.055921e+03 7.055918e+03
2.575481e+03 9.268255e-02 6.479404e-03 7.028641e+03 7.028638e+03
2.565481e+03 9.236400e-02 6.797935e-03 7.001361e+03 7.001358e+03
2.555481e+03 9.204187e-02 7.120086e-03 6.974081e+03 6.974078e+03
2.545481e+03 9.171634e-02 7.445624e-03 6.946801e+03 6.946798e+03
2.535481e+03 9.138761e-02 7.774349e-03 6.919521e+03 6.919518e+03
2.525481e+03 9.105585e-02 8.106097e-03 6.892241e+03 6.892238e+03
2.515481e+03 9.072121e-02 8.440735e-03 6.864961e+03 6.864958e+03
2.505481e+03 9.038379e-02 8.778161e-03 6.837681e+03 6.837678e+03
2.495481e+03 9.004365e-02 9.118300e-03 6.810401e+03 6.810398e+03
2.485481e+03 8.970082e-02 9.461105e-03 6.783121e+03 6.783118e+03
2.475481e+03 8.935537e-02 9.806554e-03 6.755841e+03 6.755837e+03
2.465481e+03 8.900730e-02 1.015465e-02 6.728561e+03 6.728557e+03
2.455481e+03 8.865654e-02 1.050541e-02 6.701281e+03 6.701277e+03
2.445481e+03 8.830308e-02 1.085889e-02 6.674001e+03 6.673997e+03
2.435481e+03 8.794684e-02 1.121514e-02 6.646721e+03 6.646717e+03
2.425481e+03 8.758774e-02 1.157425e-02 6.619441e+03 6.619437e+03
2.415481e+03 8.722568e-02 1.193631e-02 6.592161e+03 6.592157e+03
2.405481e+03 8.686059e-02 1.230142e-02 6.564881e+03 6.564877e+03
2.395481e+03 8.649227e-02 1.266973e-02 6.537601e+03 6.537597e+03
2.385481e+03 8.612065e-02 1.304135e-02 6.510321e+03 6.510317e+03
2.375481e+03 8.574555e-02 1.341644e-02 6.483041e+03 6.483037e+03
2.365481e+03 8.536683e-02 1.379516e-02 6.455761e+03 6.455757e+03
2.355481e+03 8.498432e-02 1.417768e-02 6.428481e+03 6.428477e+03
2.345481e+03 8.459781e-02 1.456417e-02 6.401201e+03 6.401197e+03
2.335481e+03 8.420714e-02 1.495483e-02 6.373921e+03 6.373917e+03
2.325481e+03 8.381213e-02 1.534985e-02 6.346641e+03 6.346637e+03
2.315481e+03 8.341255e-02 1.574943e-02 6.319361e+03 6.319357e+03
2.305481e+03 8.300816e-02 1.615379e-02 6.292081e+03 6.292077e+03
2.295481e+03 8.259880e-02 1.656315e-02 6.264801e+03 6.264797e+03
2.285481e+03 8.218424e-02 1.697772e-02 6.237521e+03 6.237517e+03
2.275481e+03 8.176421e-02 1.739775e-02 6.210241e+03 6.210237e+03
2.265481e+03 8.133849e-02 1.782348e-02 6.182961e+03 6.182957e+03
2.255481e+03 8.090683e-02 1.825514e-02 6.155681e+03 6.155677e+03
2.245481e+03 8.046897e-02 1.869300e-02 6.128401e+03 6.128397e+03
2.235481e+03 8.002464e-02 1.913732e-02 6.101121e+03 6.101117e+03
2.225481e+03 7.957360e-02 1.958835e-02 6.073841e+03 6.073837e+03
2.215481e+03 7.911555e-02 2.004638e-02 6.046561e+03 6.046557e+03
2.205481e+03 7.865024e-02 2.051168e-02 6.019281e+03 6.019277e+03
2.195481e+03 7.817737e-02 2.098455e-02 5.992001e+03 5.991997e+03
2.185481e+03 7.769665e-02 2.146526e-02 5.964721e+03 5.964717e+03
2.175481e+03 7.720778e-02 2.195414e-02 5.937441e+03 5.937437e+03
2.165481e+03 7.671046e-02 2.245148e-02 5.910161e+03 5.910157e+03
2.155481e+03 7.620435e-02 2.295759e-02 5.882881e+03 5.882877e+03
2.145481e+03 7.568912e-02 2.347281e-02 5.855601e+03 5.855597e+03
2.135481e+03 7.516447e-02 2.399747e-02 5.828321e+03 5.828317e+03
2.125481e+03 7.463003e-02 2.453190e-02 5.801041e+03 5.801037e+03
2.115481e+03 7.408548e-02 2.507645e-02 5.773761e+03 5.773757e+03
2.105481e+03 7.353045e-02 2.563148e-02 5.746481e+03 5.746477e+03
2.095481e+03 7.296459e-02 2.619734e-02 5.719201e+03 5.719197e+03
2.085481e+03 7.238751e-02 2.677442e-02 5.691921e+03 5.691917e+03
2.075481e+03 7.179885e-02 2.736310e-02 5.664641e+03 5.664637e+03
2.065481e+03 7.119818e-02 2.796375e-02 5.637361e+03 5.637357e+03
2.055481e+03 7.058514e-02 2.857679e-02 5.610081e+03 5.610077e+03
2.045481e+03 6.995932e-02 2.920261e-02 5.582801e+03 5.582797e+03
2.035481e+03 6.932030e-02 2.984163e-02 5.555521e+03 5.555516e+03
2.025481e+03 6.866763e-02 3.049429e-02 5.528241e+03 5.528236e+03
2.015481e+03 6.800095e-02 3.116100e-02 5.500961e+03 5.500956e+03
2.005481e+03 6.731974e-02 3.184220e-02 5.473681e+03 5.473676e+03
1.995481e+03 6.662358e-02 3.253836e-02 5.446401e+03 5.446396e+03
1.985481e+03 6.591199e-02 3.324991e-02 5.419121e+03 5.419116e+03
1.975481e+03 6.518456e-02 3.397733e-02 5.391841e+03 5.391836e+03
1.965481e+03 6.444082e-02 3.472107e-02 5.364561e+03 5.364556e+03
1.955481e+03 6.368026e-02 3.548163e-02 5.337281e+03 5.337276e+03
1.945481e+03 6.290245e-02 3.625946e-02 5.310001e+03 5.309996e+03
1.935481e+03 6.210685e-02 3.705505e-02 5.282721e+03 5.282716e+03
1.925481e+03 6.129302e-02 3.786889e-02 5.255441e+03 5.255436e+03
1.915481e+03 6.046045e-02 3.870146e-02 5.228161e+03 5.228156e+03
1.905481e+03 5.960869e-02 3.955323e-02 5.200881e+03 5.200876e+03
1.895481e+03 5.873726e-02 4.042470e-02 5.173601e+03 5.173596e+03
1.885481e+03 5.784562e-02 4.131633e-02 5.146321e+03 5.146316e+03
1.875481e+03 5.693335e-02 4.222858e-02 5.119041e+03 5.119036e+03
1.865481e+03 5.600003e-02 4.316191e-02 5.091761e+03 5.091756e+03
1.855481e+03 5.504516e-02 4.411675e-02 5.064481e+03 5.064476e+03
1.845481e+03 5.406841e-02 4.509353e-02 5.037201e+03 5.037196e+03
1.835481e+03 5.306928e-02 4.609264e-02 5.009921e+03 5.009916e+03
1.825481e+03 5.204749e-02 4.711444e-02 4.982641e+03 4.982636e+03
1.815481e+03 5.100264e-02 4.815927e-02 4.955361e+03 4.955356e+03
1.805481e+03 4.993445e-02 4.922742e-02 4.928081e+03 4.928076e+03
1.795481e+03 4.884274e-02 5.031914e-02 4.900801e+03 4.900796e+03
1.785481e+03 4.772724e-02 5.143461e-02 4.873521e+03 4.873516e+03
1.775481e+03 4.658789e-02 5.257397e-02 4.846241e+03 4.846236e+03
1.765481e+03 4.542459e-02 5.373725e-02 4.818961e+03 4.818956e+03
1.755481e+03 4.423742e-02 5.492443e-02 4.791681e+03 4.791675e+03
1.745481e+03 4.302651e-02 5.613537e-02 4.764401e+03 4.764395e+03
1.735481e+03 4.179203e-02 5.736985e-02 4.737121e+03 4.737115e+03
1.725481e+03 4.053441e-02 5.862749e-02 4.709841e+03 4.709835e+03
1.715481e+03 3.925410e-02 5.990778e-02 4.682561e+03 4.682555e+03
1.705481e+03 3.795181e-02 6.121007e-02 4.655281e+03 4.655275e+03
1.695481e+03 3.662835e-02 6.253353e-02 4.628001e+03 4.627995e+03
1.685481e+03 3.528474e-02 6.387713e-02 4.600721e+03 4.600715e+03
1.675481e+03 3.392222e-02 6.523964e-02 4.573441e+03 4.573435e+03
1.665481e+03 3.254228e-02 6.661958e-02 4.546161e+03 4.546155e+03
1.655481e+03 3.114664e-02 6.801522e-02 4.518881e+03 4.518875e+03
1.645481e+03 2.973732e-02 6.942453e-02 4.491601e+03 4.491595e+03
1.635481e+03 2.831664e-02 7.084521e-02 4.464321e+03 4.464315e+03
1.625481e+03 2.688724e-02 7.227461e-02 4.437041e+03 4.437035e+03
1.615481e+03 2.545213e-02 7.370972e-02 4.409761e+03 4.409755e+03
1.605481e+03 2.401466e-02 7.514719e-02 4.382481e+03 4.382475e+03
1.595481e+03 2.257860e-02 7.658325e-02 4.355201e+03 4.355195e+03
1.585481e+03 2.114810e-02 7.801375e-02 4.327921e+03 4.327915e+03
1.575481e+03 1.972771e-02 7.943414e-02 4.300641e+03 4.300635e+03
1.565481e+03 1.832238e-02 8.083948e-02 4.273361e+03 4.273354e+03
1.555481e+03 1.693742e-02 8.222443e-02 4.246081e+03 4.246074e+03
1.545481e+03 1.557849e-02 8.358336e-02 4.218801e+03 4.218794e+03
1.535481e+03 1.425149e-02 8.491037e-02 4.191521e+03 4.191514e+03
1.525481e+03 1.296250e-02 8.619936e-02 4.164241e+03 4.164234e+03
1.515481e+03 1.171763e-02 8.744423e-02 4.136961e+03 4.136954e+03
1.505481e+03 1.052292e-02 8.863894e-02 4.109681e+03 4.109674e+03
1.495481e+03 9.384116e-03 8.977775e-02 4.082401e+03 4.082394e+03
1.485481e+03 8.306538e-03 9.085532e-02 4.055121e+03 4.055114e+03
1.475481e+03 7.294886e-03 9.186698e-02 4.027841e+03 4.027834e+03
1.465481e+03 6.353078e-03 9.280878e-02 4.000561e+03 4.000554e+03
1.455481e+03 5.484109e-03 9.367775e-02 3.973281e+03 3.973273e+03
1.445481e+03 4.689935e-03 9.447193e-02 3.946001e+03 3.945993e+03
1.435481e+03 3.971399e-03 9.519046e-02 3.918721e+03 3.918713e+03
1.425481e+03 3.328186e-03 9.583368e-02 3.891441e+03 3.891433e+03
1.415481e+03 2.758842e-03 9.640302e-02 3.864161e+03 3.864153e+03
1.405481e+03 2.260821e-03 9.690105e-02 3.836881e+03 3.836873e+03
1.395481e+03 1.830586e-03 9.733128e-02 3.809601e+03 3.809592e+03
1.385481e+03 1.463742e-03 9.769812e-02 3.782321e+03 3.782312e+03
1.375481e+03 1.155207e-03 9.800666e-02 3.755041e+03 3.755032e+03
1.365481e+03 8.994051e-04 9.826246e-02 3.727761e+03 3.727752e+03
1.355481e+03 6.904659e-04 9.847140e-02 3.700481e+03 3.700471e+03
1.345481e+03 5.224304e-04 9.863944e-02 3.673201e+03 3.673191e+03
1.335481e+03 3.894456e-04 9.877242e-02 3.645921e+03 3.645911e+03
1.325481e+03 2.859287e-04 9.887594e-02 3.618641e+03 3.618631e+03
1.315481e+03 2.067089e-04 9.895516e-02 3.591361e+03 3.591350e+03
1.305481e+03 1.471277e-04 9.901474e-02 3.564081e+03 3.564070e+03
1.295481e+03 1.030998e-04 9.905877e-02 3.536801e+03 3.536789e+03
1.285481e+03 7.113901e-05 9.909073e-02 3.509521e+03 3.509509e+03
1.275481e+03 4.834730e-05 9.911352e-02 3.482241e+03 3.482228e+03
1.265481e+03 3.237876e-05 9.912949e-02 3.454961e+03 3.454948e+03
1.255481e+03 2.138318e-05 9.914049e-02 3.427681e+03 3.427667e+03
1.245481e+03 1.393804e-05 9.914793e-02 3.400401e+03 3.400386e+03
1.235481e+03 8.977369e-06 9.915289e-02 3.373121e+03 3.373106e+03
1.225481e+03 5.721577e-06 9.915615e-02 3.345841e+03 3.345825e+03
1.215481e+03 3.614395e-06 9.915825e-02 3.318561e+03 3.318544e+03
1.205481e+03 2.267320e-06 9.915960e-02 3.291281e+03 3.291263e+03
1.195481e+03 1.415362e-06 9.916045e-02 3.264001e+03 3.263982e+03
1.185481e+03 8.813077e-07 9.916099e-02 3.236721e+03 3.236701e+03
1.175481e+03 5.487371e-07 9.916132e-02 3.209441e+03 3.209419e+03
1.165481e+03 3.425669e-07 9.916153e-02 3.182161e+03 3.182138e+03
1.155481e+03 2.149889e-07 9.916165e-02 3.154881e+03 3.154856e+03
1.145481e+03 1.359973e-07 9.916173e-02 3.127601e+03 3.127574e+03
1.135481e+03 8.696549e-08 9.916178e-02 3.100321e+03 3.100292e+03
1.125481e+03 5.634942e-08 9.916181e-02 3.073041e+03 3.073009e+03
1.115481e+03 3.707438e-08 9.916183e-02 3.045761e+03 3.045727e+03
1.105481e+03 2.482582e-08 9.916184e-02 3.018481e+03 3.018443e+03
1.095481e+03 1.695015e-08 9.916185e-02 2.991201e+03 2.991160e+03
1.085481e+03 1.181323e-08 9.916186e-02 2.963921e+03 2.963875e+03
1.075481e+03 8.417128e-09 9.916186e-02 2.936641e+03 2.936591e+03
1.065481e+03 6.132826e-09 9.916186e-02 2.909361e+03 2.909305e+03
1.055481e+03 4.570057e-09 9.916186e-02 2.882081e+03 2.882019e+03
1.045481e+03 3.485773e-09 9.916187e-02 2.854801e+03 2.854731e+03
1.035481e+03 2.717775e-09 9.916187e-02 2.827521e+03 2.827443e+03
1.025481e+03 2.166002e-09 9.916187e-02 2.800241e+03 2.800153e+03
1.015481e+03 1.763270e-09 9.916187e-02 2.772961e+03 2.772861e+03
1.005481e+03 1.464430e-09 9.916187e-02 2.745681e+03 2.745567e+03
9.954812e+02 1.239584e-09 9.916187e-02 2.718401e+03 2.718271e+03
9.854812e+02 1.068050e-09 9.916187e-02 2.691121e+03 2.690973e+03
9.754812e+02 9.353204e-10 9.916187e-02 2.663841e+03 2.663671e+03
9.654812e+02 8.315671e-10 9.916187e-02 2.636561e+03 2.636365e+03
9.554812e+02 7.494932e-10 9.916187e-02 2.609281e+03 2.609055e+03
9.454812e+02 6.839291e-10 9.916187e-02 2.582001e+03 2.581739e+03
9.354812e+02 6.311050e-10 9.916187e-02 2.554721e+03 2.554417e+03
9.254812e+02 5.881737e-10 9.916187e-02 2.527441e+03 2.527088e+03
9.154812e+02 5.530372e-10 9.916187e-02 2.500161e+03 2.499750e+03
9.054812e+02 5.240680e-10 9.916187e-02 2.472881e+03 2.472402e+03
8.954812e+02 5.000301e-10 9.916187e-02 2.445601e+03 2.445042e+03
8.854812e+02 4.799501e-10 9.916187e-02 2.418321e+03 2.417670e+03
8.754812e+02 4.630690e-10 9.916187e-02 2.391041e+03 2.390284e+03
8.654812e+02 4.488024e-10 9.916187e-02 2.363761e+03 2.362881e+03
8.554812e+02 4.366538e-10 9.916187e-02 2.336481e+03 2.335461e+03
8.454812e+02 4.262490e-10 9.916187e-02 2.309201e+03 2.308022e+03
8.354812e+02 4.172821e-10 9.916187e-02 2.281921e+03 2.280564e+03
8.254812e+02 4.095005e-10 9.916187e-02 2.254641e+03 2.253085e+03
8.154812e+02 4.027001e-10 9.916187e-02 2.227361e+03 2.225585e+03
8.054812e+02 3.967175e-10 9.916187e-02 2.200081e+03 2.198064e+03
7.954812e+02 3.914155e-10 9.916187e-02 2.172801e+03 2.170521e+03
7.854812e+02 3.866868e-10 9.916187e-02 2.145521e+03 2.142958e+03
7.754812e+02 3.824444e-10 9.916187e-02 2.118241e+03 2.115374e+03
7.654812e+02 3.786115e-10 9.916187e-02 2.090961e+03 2.087769e+03
7.554812e+02 3.751284e-10 9.916187e-02 2.063681e+03 2.060145e+03
7.454812e+02 3.719462e-10 9.916187e-02 2.036401e+03 2.032500e+03
7.354812e+02 3.690233e-10 9.916187e-02 2.009121e+03 2.004836e+03
7.254812e+02 3.663240e-10 9.916187e-02 1.981841e+03 1.977153e+03
7.154812e+02 3.638212e-10 9.916187e-02 1.954561e+03 1.949449e+03
7.054812e+02 3.614917e-10 9.916187e-02 1.927281e+03 1.921726e+03
6.954812e+02 3.593135e-10 9.916187e-02 1.900001e+03 1.893983e+03
6.854812e+02 3.572700e-10 9.916187e-02 1.872721e+03 1.866218e+03
6.754812e+02 3.553469e-10 9.916187e-02 1.845441e+03 1.838433e+03
6.654812e+02 3.535315e-10 9.916187e-02 1.818161e+03 1.810625e+03
6.554812e+02 3.518148e-10 9.916187e-02 1.790881e+03 1.782794e+03
6.454812e+02 3.501862e-10 9.916187e-02 1.763601e+03 1.754940e+03
6.354812e+02 3.486362e-10 9.916187e-02 1.736321e+03 1.727060e+03
6.254812e+02 3.471598e-10 9.916187e-02 1.709041e+03 1.699154e+03
6.154812e+02 3.457506e-10 9.916187e-02 1.681761e+03 1.671221e+03
6.054812e+02 3.444031e-10 9.916187e-02 1.654481e+03 1.643259e+03
5.954812e+02 3.431113e-10 9.916187e-02 1.627201e+03 1.615266e+03
5.854812e+02 3.418722e-10 9.916187e-02 1.599921e+03 1.587242e+03
5.754812e+02 3.406811e-10 9.916187e-02 1.572641e+03 1.559184e+03
5.654812e+02 3.395349e-10 9.916187e-02 1.545361e+03 1.531091e+03
5.554812e+02 3.384296e-10 9.916187e-02 1.518081e+03 1.502961e+03
5.454812e+02 3.373637e-10 9.916187e-02 1.490801e+03 1.474792e+03
5.354812e+02 3.363350e-10 9.916187e-02 1.463521e+03 1.446581e+03
5.254812e+02 3.353398e-10 9.916187e-02 1.436241e+03 1.418327e+03
5.154812e+02 3.343752e-10 9.916187e-02 1.408961e+03 1.390028e+03
5.054812e+02 3.334403e-10 9.916187e-02 1.381681e+03 1.361680e+03
4.954812e+02 3.325207e-10 9.916187e-02 1.354401e+03 1.333281e+03
4.854812e+02 3.316179e-10 9.916187e-02 1.327121e+03 1.304829e+03
4.754812e+02 3.307069e-10 9.916187e-02 1.299841e+03 1.276320e+03
4.654812e+02 3.297943e-10 9.916187e-02 1.272561e+03 1.247752e+03
4.554812e+02 3.287193e-10 9.916187e-02 1.245281e+03 1.219122e+03
4.454812e+02 3.273310e-10 9.916187e-02 1.218001e+03 1.190425e+03
4.354812e+02 3.256439e-10 9.916187e-02 1.190721e+03 1.161659e+03
4.254812e+02 3.234757e-10 9.916187e-02 1.163441e+03 1.132820e+03
4.154812e+02 3.209822e-10 9.916187e-02 1.136161e+03 1.103904e+03
4.054812e+02 3.182159e-10 9.916187e-02 1.108881e+03 1.074908e+03
3.954812e+02 3.153544e-10 9.916187e-02 1.081601e+03 1.045828e+03
3.854812e+02 3.125149e-10 9.916187e-02 1.054321e+03 1.016659e+03
3.754812e+02 3.097303e-10 9.916187e-02 1.027041e+03 9.873976e+02
3.654812e+02 3.070157e-10 9.916187e-02 9.997606e+02 9.580401e+02
3.554812e+02 3.043735e-10 9.916187e-02 9.724806e+02 9.285824e+02
3.454812e+02 3.018016e-10 9.916187e-02 9.452006e+02 8.990208e+02
3.354812e+02 2.992970e-10 9.916187e-02 9.179206e+02 8.693516e+02
3.254812e+02 2.968560e-10 9.916187e-02 8.906406e+02 8.395718e+02
3.154812e+02 2.944753e-10 9.916187e-02 8.633606e+02 8.096787e+02
3.054812e+02 2.921514e-10 9.916187e-02 8.360806e+02 7.796701e+02
2.954812e+02 2.898814e-10 9.916187e-02 8.088006e+02 7.495449e+02
2.854812e+02 2.876617e-10 9.916187e-02 7.815206e+02 7.193031e+02
2.754812e+02 2.854894e-10 9.916187e-02 7.542406e+02 6.889457e+02
2.654812e+02 2.833612e-10 9.916187e-02 7.269606e+02 6.584760e+02
2.554812e+02 2.812741e-10 9.916187e-02 6.996806e+02 6.278989e+02
2.454812e+02 2.792247e-10 9.916187e-02 6.724006e+02 5.972224e+02
2.354812e+02 2.772099e-10 9.916187e-02 6.451206e+02 5.664575e+02
2.334812e+02 2.768112e-10 9.916187e-02 6.396646e+02 5.602951e+02
2.314812e+02 2.764132e-10 9.916187e-02 6.342086e+02 5.541299e+02
2.294812e+02 2.760163e-10 9.916187e-02 6.287526e+02 5.479620e+02
2.274812e+02 2.756208e-10 9.916187e-02 6.232966e+02 5.417917e+02
2.254812e+02 2.752263e-10 9.916187e-02 6.178406e+02 5.356190e+02
2.234812e+02 2.748329e-10 9.916187e-02 6.123846e+02 5.294441e+02
2.214812e+02 2.744401e-10 9.916187e-02 6.069286e+02 5.232672e+02
2.194812e+02 2.740490e-10 9.916187e-02 6.014726e+02 5.170885e+02
2.174812e+02 2.736588e-10 9.916187e-02 5.960166e+02 5.109083e+02
2.154812e+02 2.732696e-10 9.916187e-02 5.905606e+02 5.047266e+02
2.134812e+02 2.728810e-10 9.916187e-02 5.851046e+02 4.985438e+02
2.114812e+02 2.724937e-10 9.916187e-02 5.796486e+02 4.923600e+02
2.094812e+02 2.721066e-10 9.916187e-02 5.741926e+02 4.861756e+02
2.074812e+02 2.717210e-10 9.916187e-02 5.687366e+02 4.799907e+02
2.054812e+02 2.713358e-10 9.916187e-02 5.632806e+02 4.738057e+02
2.034812e+02 2.709513e-10 9.916187e-02 5.578246e+02 4.676207e+02
2.014812e+02 2.705668e-10 9.916187e-02 5.523686e+02 4.614362e+02
1.994812e+02 2.701830e-10 9.916187e-02 5.469126e+02 4.552524e+02
1.974812e+02 2.698001e-10 9.916187e-02 5.414566e+02 4.490696e+02
1.954812e+02 2.694175e-10 9.916187e-02 5.360006e+02 4.428881e+02
1.934812e+02 2.690362e-10 9.916187e-02 5.305446e+02 4.367084e+02
1.914812e+02 2.686548e-10 9.916187e-02 5.250886e+02 4.305307e+02
1.894812e+02 2.682742e-10 9.916187e-02 5.196326e+02 4.243555e+02
1.874812e+02 2.678938e-10 9.916187e-02 5.141766e+02 4.181831e+02
1.854812e+02 2.675138e-10 9.916187e-02 5.087206e+02 4.120139e+02
1.834812e+02 2.671339e-10 9.916187e-02 5.032646e+02 4.058484e+02
1.814812e+02 2.667544e-10 9.916187e-02 4.978086e+02 3.996870e+02
1.794812e+02 2.663747e-10 9.916187e-02 4.923526e+02 3.935302e+02
1.774812e+02 2.659952e-10 9.916187e-02 4.868966e+02 3.873784e+02
1.754812e+02 2.656164e-10 9.916187e-02 4.814406e+02 3.812322e+02
1.734812e+02 2.652369e-10 9.916187e-02 4.759846e+02 3.750920e+02
1.714812e+02 2.648639e-10 9.916187e-02 4.705286e+02 3.689585e+02
1.694812e+02 2.645113e-10 9.916187e-02 4.650726e+02 3.628321e+02
1.674812e+02 2.641598e-10 9.916187e-02 4.596166e+02 3.567134e+02
1.654812e+02 2.638086e-10 9.916187e-02 4.541606e+02 3.506031e+02
1.634812e+02 2.634560e-10 9.916187e-02 4.487046e+02 3.445018e+02
1.614812e+02 2.631030e-10 9.916187e-02 4.432486e+02 3.384100e+02
1.594812e+02 2.627489e-10 9.916187e-02 4.377926e+02 3.323286e+02
1.574812e+02 2.623950e-10 9.916187e-02 4.323366e+02 3.262581e+02
1.554812e+02 2.620396e-10 9.916187e-02 4.268806e+02 3.201993e+02
1.534812e+02 2.616827e-10 9.916187e-02 4.214246e+02 3.141530e+02
1.514812e+02 2.613260e-10 9.916187e-02 4.159686e+02 3.081199e+02
1.494812e+02 2.609823e-10 9.916187e-02 4.105126e+02 3.021008e+02
1.474812e+02 2.606382e-10 9.916187e-02 4.050566e+02 2.960966e+02
1.454812e+02 2.602932e-10 9.916187e-02 3.996006e+02 2.901080e+02
1.434812e+02 2.599542e-10 9.916187e-02 3.941446e+02 2.841361e+02
1.414812e+02 2.596453e-10 9.916187e-02 3.886886e+02 2.781816e+02
1.394812e+02 2.594220e-10 9.916187e-02 3.832326e+02 2.722456e+02
1.374812e+02 2.591977e-10 9.916187e-02 3.777766e+02 2.663291e+02
1.354812e+02 2.589790e-10 9.916187e-02 3.723206e+02 2.604332e+02
1.334812e+02 2.587838e-10 9.916187e-02 3.668646e+02 2.545599e+02
1.314812e+02 2.585879e-10 9.916187e-02 3.614086e+02 2.487102e+02
1.294812e+02 2.583906e-10 9.916187e-02 3.559526e+02 2.428852e+02
1.274812e+02 2.581906e-10 9.916187e-02 3.504966e+02 2.370859e+02
1.254812e+02 2.579892e-10 9.916187e-02 3.450406e+02 2.313135e+02
1.234812e+02 2.577869e-10 9.916187e-02 3.395846e+02 2.255690e+02
1.214812e+02 2.575840e-10 9.916187e-02 3.341286e+02 2.198537e+02
1.194812e+02 2.573797e-10 9.916187e-02 3.286726e+02 2.141687e+02
1.174812e+02 2.571735e-10 9.916187e-02 3.232166e+02 2.085154e+02
1.154812e+02 2.569644e-10 9.916187e-02 3.177606e+02 2.028949e+02
1.134812e+02 2.567527e-10 9.916187e-02 3.123046e+02 1.973088e+02
1.114812e+02 2.565376e-10 9.916187e-02 3.068486e+02 1.917583e+02
1.094812e+02 2.563208e-10 9.916187e-02 3.013926e+02 1.862448e+02
1.074812e+02 2.561024e-10 9.916187e-02 2.959366e+02 1.807699e+02
1.054812e+02 2.558812e-10 9.916187e-02 2.904806e+02 1.753351e+02
1.034812e+02 2.556585e-10 9.916187e-02 2.850246e+02 1.699419e+02
1.014812e+02 2.554328e-10 9.916187e-02 2.795686e+02 1.645919e+02
9.948117e+01 2.552031e-10 9.916187e-02 2.741126e+02 1.592868e+02
9.748117e+01 2.549684e-10 9.916187e-02 2.686566e+02 1.540283e+02
9.548117e+01 2.547291e-10 9.916187e-02 2.632006e+02 1.488181e+02
9.348117e+01 2.544894e-10 9.916187e-02 2.577446e+02 1.436579e+02
9.148117e+01 2.542483e-10 9.916187e-02 2.522886e+02 1.385498e+02
8.948117e+01 2.540023e-10 9.916187e-02 2.468326e+02 1.334954e+02
8.748117e+01 2.537499e-10 9.916187e-02 2.413766e+02 1.284968e+02
8.548117e+01 2.534959e-10 9.916187e-02 2.359206e+02 1.235559e+02
8.348117e+01 2.532680e-10 9.916187e-02 2.304646e+02 1.186747e+02
8.148117e+01 2.531249e-10 9.916187e-02 2.250086e+02 1.138555e+02
7.948117e+01 2.530257e-10 9.916187e-02 2.195526e+02 1.091005e+02
7.748117e+01 2.529255e-10 9.916187e-02 2.140966e+02 1.044119e+02
7.548117e+01 2.528210e-10 9.916187e-02 2.086406e+02 9.979190e+01
7.348117e+01 2.527124e-10 9.916187e-02 2.031846e+02 9.524263e+01
7.148117e+01 2.525989e-10 9.916187e-02 1.977286e+02 9.076638e+01
6.948117e+01 2.524806e-10 9.916187e-02 1.922726e+02 8.636545e+01
6.748117e+01 2.523543e-10 9.916187e-02 1.868166e+02 8.204219e+01
6.548117e+01 2.522224e-10 9.916187e-02 1.813606e+02 7.779900e+01
6.348117e+01 2.520860e-10 9.916187e-02 1.759046e+02 7.363831e+01
6.148117e+01 2.519464e-10 9.916187e-02 1.704486e+02 6.956260e+01
5.948117e+01 2.518330e-10 9.916187e-02 1.649926e+02 6.557439e+01
5.748117e+01 2.518424e-10 9.916187e-02 1.595366e+02 6.167634e+01
5.548117e+01 2.518459e-10 9.916187e-02 1.540806e+02 5.787110e+01
5.348117e+01 2.518453e-10 9.916187e-02 1.486246e+02 5.416125e+01
5.148117e+01 2.518495e-10 9.916187e-02 1.431686e+02 5.054946e+01
4.948117e+01 2.518517e-10 9.916187e-02 1.377126e+02 4.703839e+01
4.748117e+01 2.518571e-10 9.916187e-02 1.322566e+02 4.363075e+01
4.548117e+01 2.518527e-10 9.916187e-02 1.268006e+02 4.032929e+01
4.348117e+01 2.518545e-10 9.916187e-02 1.213446e+02 3.713680e+01
4.148117e+01 2.518652e-10 9.916187e-02 1.158886e+02 3.405608e+01
3.948117e+01 2.518646e-10 9.916187e-02 1.104326e+02 3.108988e+01
3.748117e+01 2.518516e-10 9.916187e-02 1.049766e+02 2.824100e+01
3.548117e+01 2.518575e-10 9.916187e-02 9.952064e+01 2.551227e+01
3.348117e+01 2.518650e-10 9.916187e-02 9.406464e+01 2.290651e+01
3.148117e+01 2.518588e-10 9.916187e-02 8.860864e+01 2.042650e+01
2.948117e+01 2.518517e-10 9.916187e-02 8.315264e+01 1.807505e+01
2.748117e+01 2.518447e-10 9.916187e-02 7.769664e+01 1.585493e+01
2.548117e+01 2.518393e-10 9.916187e-02 7.224064e+01 1.376889e+01
2.348117e+01 2.518596e-10 9.916187e-02 6.678464e+01 1.181966e+01
2.148117e+01 2.518612e-10 9.916187e-02 6.132864e+01 1.000993e+01
1.948117e+01 2.518684e-10 9.916187e-02 5.587264e+01 8.342319e+00
1.748117e+01 2.518579e-10 9.916187e-02 5.041664e+01 6.819418e+00
1.548117e+01 2.518650e-10 9.916187e-02 4.496064e+01 5.443734e+00
1.348117e+01 2.519005e-10 9.916187e-02 3.950464e+01 4.217697e+00
1.148117e+01 2.518995e-10 9.916187e-02 3.404864e+01 3.143642e+00
9.481173e+00 2.518798e-10 9.916187e-02 2.859264e+01 2.223792e+00
# z             He+/nH       He(n=1)/nH  T_R=2.728*(1+z)  TM
