0.1000E+003 0.0000E+000
0.9900E+002 0.0000E+000
0.9800E+002 0.0000E+000
0.9700E+002 0.0000E+000
0.9600E+002 0.0000E+000
0.9500E+002 0.0000E+000
0.9400E+002 0.0000E+000
0.9300E+002 0.0000E+000
0.9200E+002 0.0000E+000
0.9100E+002 0.0000E+000
0.9000E+002 0.0000E+000
0.8900E+002 0.0000E+000
0.8800E+002 0.0000E+000
0.8700E+002 0.0000E+000
0.8600E+002 0.0000E+000
0.8500E+002 0.0000E+000
0.8400E+002 0.0000E+000
0.8300E+002 0.0000E+000
0.8200E+002 0.0000E+000
0.8100E+002 0.0000E+000
0.8000E+002 0.0000E+000
0.7900E+002 0.0000E+000
0.7800E+002 0.0000E+000
0.7700E+002 0.0000E+000
0.7600E+002 0.0000E+000
0.7500E+002 0.0000E+000
0.7400E+002 0.0000E+000
0.7300E+002 0.0000E+000
0.7200E+002 0.0000E+000
0.7100E+002 0.0000E+000
0.7000E+002 0.0000E+000
0.6900E+002 0.0000E+000
0.6800E+002 0.0000E+000
0.6700E+002 0.0000E+000
0.6600E+002 0.0000E+000
0.6500E+002 0.0000E+000
0.6400E+002 0.0000E+000
0.6300E+002 0.0000E+000
0.6200E+002 0.0000E+000
0.6100E+002 0.0000E+000
0.6000E+002 0.0000E+000
0.5900E+002 0.0000E+000
0.5800E+002 0.0000E+000
0.5700E+002 0.0000E+000
0.5600E+002 0.0000E+000
0.5500E+002 0.0000E+000
0.5400E+002 0.0000E+000
0.5300E+002 0.0000E+000
0.5200E+002 0.0000E+000
0.5100E+002 0.0000E+000
0.5000E+002 0.0000E+000
0.4900E+002 0.0000E+000
0.4800E+002 0.0000E+000
0.4700E+002 0.0000E+000
0.4600E+002 0.0000E+000
0.4500E+002 0.0000E+000
0.4400E+002 0.0000E+000
0.4300E+002 0.0000E+000
0.4200E+002 0.0000E+000
0.4100E+002 0.0000E+000
0.4000E+002 0.0000E+000
0.3900E+002 0.0000E+000
0.3800E+002 0.0000E+000
0.3700E+002 0.0000E+000
0.3600E+002 0.0000E+000
0.3500E+002 0.0000E+000
0.3400E+002 0.0000E+000
0.3300E+002 0.0000E+000
0.3200E+002 0.0000E+000
0.3100E+002 0.0000E+000
0.3000E+002 0.0000E+000
0.2999E+002 0.0000E+000
0.2998E+002 0.0000E+000
0.2997E+002 0.0000E+000
0.2996E+002 0.0000E+000
0.2995E+002 0.0000E+000
0.2994E+002 0.0000E+000
0.2993E+002 0.0000E+000
0.2992E+002 0.0000E+000
0.2991E+002 0.0000E+000
0.2990E+002 0.0000E+000
0.2989E+002 0.0000E+000
0.2988E+002 0.0000E+000
0.2987E+002 0.0000E+000
0.2986E+002 0.0000E+000
0.2985E+002 0.0000E+000
0.2984E+002 0.0000E+000
0.2983E+002 0.0000E+000
0.2982E+002 0.0000E+000
0.2981E+002 0.0000E+000
0.2980E+002 0.0000E+000
0.2979E+002 0.0000E+000
0.2978E+002 0.0000E+000
0.2977E+002 0.0000E+000
0.2976E+002 0.0000E+000
0.2975E+002 0.0000E+000
0.2974E+002 0.0000E+000
0.2973E+002 0.0000E+000
0.2972E+002 0.0000E+000
0.2971E+002 0.0000E+000
0.2970E+002 0.0000E+000
0.2969E+002 0.0000E+000
0.2968E+002 0.0000E+000
0.2967E+002 0.0000E+000
0.2966E+002 0.0000E+000
0.2965E+002 0.0000E+000
0.2964E+002 0.0000E+000
0.2963E+002 0.0000E+000
0.2962E+002 0.0000E+000
0.2961E+002 0.0000E+000
0.2960E+002 0.0000E+000
0.2959E+002 0.0000E+000
0.2958E+002 0.0000E+000
0.2957E+002 0.0000E+000
0.2956E+002 0.0000E+000
0.2955E+002 0.0000E+000
0.2954E+002 0.0000E+000
0.2953E+002 0.0000E+000
0.2952E+002 0.0000E+000
0.2951E+002 0.0000E+000
0.2950E+002 0.0000E+000
0.2949E+002 0.0000E+000
0.2948E+002 0.0000E+000
0.2947E+002 0.0000E+000
0.2946E+002 0.0000E+000
0.2945E+002 0.0000E+000
0.2944E+002 0.0000E+000
0.2943E+002 0.0000E+000
0.2942E+002 0.0000E+000
0.2941E+002 0.0000E+000
0.2940E+002 0.0000E+000
0.2939E+002 0.0000E+000
0.2938E+002 0.0000E+000
0.2937E+002 0.0000E+000
0.2936E+002 0.0000E+000
0.2935E+002 0.0000E+000
0.2934E+002 0.0000E+000
0.2933E+002 0.0000E+000
0.2932E+002 0.0000E+000
0.2931E+002 0.0000E+000
0.2930E+002 0.0000E+000
0.2929E+002 0.0000E+000
0.2928E+002 0.0000E+000
0.2927E+002 0.0000E+000
0.2926E+002 0.0000E+000
0.2925E+002 0.0000E+000
0.2924E+002 0.0000E+000
0.2923E+002 0.0000E+000
0.2922E+002 0.0000E+000
0.2921E+002 0.0000E+000
0.2920E+002 0.0000E+000
0.2919E+002 0.0000E+000
0.2918E+002 0.0000E+000
0.2917E+002 0.0000E+000
0.2916E+002 0.0000E+000
0.2915E+002 0.0000E+000
0.2914E+002 0.0000E+000
0.2913E+002 0.0000E+000
0.2912E+002 0.0000E+000
0.2911E+002 0.0000E+000
0.2910E+002 0.0000E+000
0.2909E+002 0.0000E+000
0.2908E+002 0.0000E+000
0.2907E+002 0.0000E+000
0.2906E+002 0.0000E+000
0.2905E+002 0.0000E+000
0.2904E+002 0.0000E+000
0.2903E+002 0.0000E+000
0.2902E+002 0.0000E+000
0.2901E+002 0.0000E+000
0.2900E+002 0.0000E+000
0.2899E+002 0.0000E+000
0.2898E+002 0.0000E+000
0.2897E+002 0.0000E+000
0.2896E+002 0.0000E+000
0.2895E+002 0.0000E+000
0.2894E+002 0.0000E+000
0.2893E+002 0.0000E+000
0.2892E+002 0.0000E+000
0.2891E+002 0.0000E+000
0.2890E+002 0.0000E+000
0.2889E+002 0.0000E+000
0.2888E+002 0.0000E+000
0.2887E+002 0.0000E+000
0.2886E+002 0.0000E+000
0.2885E+002 0.0000E+000
0.2884E+002 0.0000E+000
0.2883E+002 0.0000E+000
0.2882E+002 0.0000E+000
0.2881E+002 0.0000E+000
0.2880E+002 0.0000E+000
0.2879E+002 0.0000E+000
0.2878E+002 0.0000E+000
0.2877E+002 0.0000E+000
0.2876E+002 0.0000E+000
0.2875E+002 0.0000E+000
0.2874E+002 0.0000E+000
0.2873E+002 0.0000E+000
0.2872E+002 0.0000E+000
0.2871E+002 0.0000E+000
0.2870E+002 0.0000E+000
0.2869E+002 0.0000E+000
0.2868E+002 0.0000E+000
0.2867E+002 0.0000E+000
0.2866E+002 0.0000E+000
0.2865E+002 0.0000E+000
0.2864E+002 0.0000E+000
0.2863E+002 0.0000E+000
0.2862E+002 0.0000E+000
0.2861E+002 0.0000E+000
0.2860E+002 0.0000E+000
0.2859E+002 0.0000E+000
0.2858E+002 0.0000E+000
0.2857E+002 0.0000E+000
0.2856E+002 0.0000E+000
0.2855E+002 0.0000E+000
0.2854E+002 0.0000E+000
0.2853E+002 0.0000E+000
0.2852E+002 0.0000E+000
0.2851E+002 0.0000E+000
0.2850E+002 0.0000E+000
0.2849E+002 0.0000E+000
0.2848E+002 0.0000E+000
0.2847E+002 0.0000E+000
0.2846E+002 0.0000E+000
0.2845E+002 0.0000E+000
0.2844E+002 0.0000E+000
0.2843E+002 0.0000E+000
0.2842E+002 0.0000E+000
0.2841E+002 0.0000E+000
0.2840E+002 0.0000E+000
0.2839E+002 0.0000E+000
0.2838E+002 0.0000E+000
0.2837E+002 0.0000E+000
0.2836E+002 0.0000E+000
0.2835E+002 0.0000E+000
0.2834E+002 0.0000E+000
0.2833E+002 0.0000E+000
0.2832E+002 0.0000E+000
0.2831E+002 0.0000E+000
0.2830E+002 0.0000E+000
0.2829E+002 0.0000E+000
0.2828E+002 0.0000E+000
0.2827E+002 0.0000E+000
0.2826E+002 0.0000E+000
0.2825E+002 0.0000E+000
0.2824E+002 0.0000E+000
0.2823E+002 0.0000E+000
0.2822E+002 0.0000E+000
0.2821E+002 0.0000E+000
0.2820E+002 0.0000E+000
0.2819E+002 0.0000E+000
0.2818E+002 0.0000E+000
0.2817E+002 0.0000E+000
0.2816E+002 0.0000E+000
0.2815E+002 0.0000E+000
0.2814E+002 0.0000E+000
0.2813E+002 0.0000E+000
0.2812E+002 0.0000E+000
0.2811E+002 0.0000E+000
0.2810E+002 0.0000E+000
0.2809E+002 0.0000E+000
0.2808E+002 0.0000E+000
0.2807E+002 0.0000E+000
0.2806E+002 0.0000E+000
0.2805E+002 0.0000E+000
0.2804E+002 0.0000E+000
0.2803E+002 0.0000E+000
0.2802E+002 0.0000E+000
0.2801E+002 0.0000E+000
0.2800E+002 0.0000E+000
0.2799E+002 0.0000E+000
0.2798E+002 0.0000E+000
0.2797E+002 0.0000E+000
0.2796E+002 0.0000E+000
0.2795E+002 0.0000E+000
0.2794E+002 0.0000E+000
0.2793E+002 0.0000E+000
0.2792E+002 0.0000E+000
0.2791E+002 0.0000E+000
0.2790E+002 0.0000E+000
0.2789E+002 0.0000E+000
0.2788E+002 0.0000E+000
0.2787E+002 0.0000E+000
0.2786E+002 0.0000E+000
0.2785E+002 0.0000E+000
0.2784E+002 0.0000E+000
0.2783E+002 0.0000E+000
0.2782E+002 0.0000E+000
0.2781E+002 0.0000E+000
0.2780E+002 0.0000E+000
0.2779E+002 0.0000E+000
0.2778E+002 0.0000E+000
0.2777E+002 0.0000E+000
0.2776E+002 0.0000E+000
0.2775E+002 0.0000E+000
0.2774E+002 0.0000E+000
0.2773E+002 0.0000E+000
0.2772E+002 0.0000E+000
0.2771E+002 0.0000E+000
0.2770E+002 0.0000E+000
0.2769E+002 0.0000E+000
0.2768E+002 0.0000E+000
0.2767E+002 0.0000E+000
0.2766E+002 0.0000E+000
0.2765E+002 0.0000E+000
0.2764E+002 0.0000E+000
0.2763E+002 0.0000E+000
0.2762E+002 0.0000E+000
0.2761E+002 0.0000E+000
0.2760E+002 0.0000E+000
0.2759E+002 0.0000E+000
0.2758E+002 0.0000E+000
0.2757E+002 0.0000E+000
0.2756E+002 0.0000E+000
0.2755E+002 0.0000E+000
0.2754E+002 0.0000E+000
0.2753E+002 0.0000E+000
0.2752E+002 0.0000E+000
0.2751E+002 0.0000E+000
0.2750E+002 0.0000E+000
0.2749E+002 0.0000E+000
0.2748E+002 0.0000E+000
0.2747E+002 0.0000E+000
0.2746E+002 0.0000E+000
0.2745E+002 0.0000E+000
0.2744E+002 0.0000E+000
0.2743E+002 0.0000E+000
0.2742E+002 0.0000E+000
0.2741E+002 0.0000E+000
0.2740E+002 0.0000E+000
0.2739E+002 0.0000E+000
0.2738E+002 0.0000E+000
0.2737E+002 0.0000E+000
0.2736E+002 0.0000E+000
0.2735E+002 0.0000E+000
0.2734E+002 0.0000E+000
0.2733E+002 0.0000E+000
0.2732E+002 0.0000E+000
0.2731E+002 0.0000E+000
0.2730E+002 0.0000E+000
0.2729E+002 0.0000E+000
0.2728E+002 0.0000E+000
0.2727E+002 0.0000E+000
0.2726E+002 0.0000E+000
0.2725E+002 0.0000E+000
0.2724E+002 0.0000E+000
0.2723E+002 0.0000E+000
0.2722E+002 0.0000E+000
0.2721E+002 0.0000E+000
0.2720E+002 0.0000E+000
0.2719E+002 0.0000E+000
0.2718E+002 0.0000E+000
0.2717E+002 0.0000E+000
0.2716E+002 0.0000E+000
0.2715E+002 0.0000E+000
0.2714E+002 0.0000E+000
0.2713E+002 0.0000E+000
0.2712E+002 0.0000E+000
0.2711E+002 0.0000E+000
0.2710E+002 0.0000E+000
0.2709E+002 0.0000E+000
0.2708E+002 0.0000E+000
0.2707E+002 0.0000E+000
0.2706E+002 0.0000E+000
0.2705E+002 0.0000E+000
0.2704E+002 0.0000E+000
0.2703E+002 0.0000E+000
0.2702E+002 0.0000E+000
0.2701E+002 0.0000E+000
0.2700E+002 0.0000E+000
0.2699E+002 0.0000E+000
0.2698E+002 0.0000E+000
0.2697E+002 0.0000E+000
0.2696E+002 0.0000E+000
0.2695E+002 0.0000E+000
0.2694E+002 0.0000E+000
0.2693E+002 0.0000E+000
0.2692E+002 0.0000E+000
0.2691E+002 0.0000E+000
0.2690E+002 0.0000E+000
0.2689E+002 0.0000E+000
0.2688E+002 0.0000E+000
0.2687E+002 0.0000E+000
0.2686E+002 0.0000E+000
0.2685E+002 0.0000E+000
0.2684E+002 0.0000E+000
0.2683E+002 0.0000E+000
0.2682E+002 0.0000E+000
0.2681E+002 0.0000E+000
0.2680E+002 0.0000E+000
0.2679E+002 0.0000E+000
0.2678E+002 0.0000E+000
0.2677E+002 0.0000E+000
0.2676E+002 0.0000E+000
0.2675E+002 0.0000E+000
0.2674E+002 0.0000E+000
0.2673E+002 0.0000E+000
0.2672E+002 0.0000E+000
0.2671E+002 0.0000E+000
0.2670E+002 0.0000E+000
0.2669E+002 0.0000E+000
0.2668E+002 0.0000E+000
0.2667E+002 0.0000E+000
0.2666E+002 0.0000E+000
0.2665E+002 0.0000E+000
0.2664E+002 0.0000E+000
0.2663E+002 0.0000E+000
0.2662E+002 0.0000E+000
0.2661E+002 0.0000E+000
0.2660E+002 0.0000E+000
0.2659E+002 0.0000E+000
0.2658E+002 0.0000E+000
0.2657E+002 0.0000E+000
0.2656E+002 0.0000E+000
0.2655E+002 0.0000E+000
0.2654E+002 0.0000E+000
0.2653E+002 0.0000E+000
0.2652E+002 0.0000E+000
0.2651E+002 0.0000E+000
0.2650E+002 0.0000E+000
0.2649E+002 0.0000E+000
0.2648E+002 0.0000E+000
0.2647E+002 0.0000E+000
0.2646E+002 0.0000E+000
0.2645E+002 0.0000E+000
0.2644E+002 0.0000E+000
0.2643E+002 0.0000E+000
0.2642E+002 0.0000E+000
0.2641E+002 0.0000E+000
0.2640E+002 0.0000E+000
0.2639E+002 0.0000E+000
0.2638E+002 0.0000E+000
0.2637E+002 0.0000E+000
0.2636E+002 0.0000E+000
0.2635E+002 0.0000E+000
0.2634E+002 0.0000E+000
0.2633E+002 0.0000E+000
0.2632E+002 0.0000E+000
0.2631E+002 0.0000E+000
0.2630E+002 0.0000E+000
0.2629E+002 0.0000E+000
0.2628E+002 0.0000E+000
0.2627E+002 0.0000E+000
0.2626E+002 0.0000E+000
0.2625E+002 0.0000E+000
0.2624E+002 0.0000E+000
0.2623E+002 0.0000E+000
0.2622E+002 0.0000E+000
0.2621E+002 0.0000E+000
0.2620E+002 0.0000E+000
0.2619E+002 0.0000E+000
0.2618E+002 0.0000E+000
0.2617E+002 0.0000E+000
0.2616E+002 0.0000E+000
0.2615E+002 0.0000E+000
0.2614E+002 0.0000E+000
0.2613E+002 0.0000E+000
0.2612E+002 0.0000E+000
0.2611E+002 0.0000E+000
0.2610E+002 0.0000E+000
0.2609E+002 0.0000E+000
0.2608E+002 0.0000E+000
0.2607E+002 0.0000E+000
0.2606E+002 0.0000E+000
0.2605E+002 0.0000E+000
0.2604E+002 0.0000E+000
0.2603E+002 0.0000E+000
0.2602E+002 0.0000E+000
0.2601E+002 0.0000E+000
0.2600E+002 0.0000E+000
0.2599E+002 0.0000E+000
0.2598E+002 0.0000E+000
0.2597E+002 0.0000E+000
0.2596E+002 0.0000E+000
0.2595E+002 0.0000E+000
0.2594E+002 0.0000E+000
0.2593E+002 0.0000E+000
0.2592E+002 0.0000E+000
0.2591E+002 0.0000E+000
0.2590E+002 0.0000E+000
0.2589E+002 0.0000E+000
0.2588E+002 0.0000E+000
0.2587E+002 0.0000E+000
0.2586E+002 0.0000E+000
0.2585E+002 0.0000E+000
0.2584E+002 0.0000E+000
0.2583E+002 0.0000E+000
0.2582E+002 0.0000E+000
0.2581E+002 0.0000E+000
0.2580E+002 0.0000E+000
0.2579E+002 0.0000E+000
0.2578E+002 0.0000E+000
0.2577E+002 0.0000E+000
0.2576E+002 0.0000E+000
0.2575E+002 0.0000E+000
0.2574E+002 0.0000E+000
0.2573E+002 0.0000E+000
0.2572E+002 0.0000E+000
0.2571E+002 0.0000E+000
0.2570E+002 0.0000E+000
0.2569E+002 0.0000E+000
0.2568E+002 0.0000E+000
0.2567E+002 0.0000E+000
0.2566E+002 0.0000E+000
0.2565E+002 0.0000E+000
0.2564E+002 0.0000E+000
0.2563E+002 0.0000E+000
0.2562E+002 0.0000E+000
0.2561E+002 0.0000E+000
0.2560E+002 0.0000E+000
0.2559E+002 0.0000E+000
0.2558E+002 0.0000E+000
0.2557E+002 0.0000E+000
0.2556E+002 0.0000E+000
0.2555E+002 0.0000E+000
0.2554E+002 0.0000E+000
0.2553E+002 0.0000E+000
0.2552E+002 0.0000E+000
0.2551E+002 0.0000E+000
0.2550E+002 0.0000E+000
0.2549E+002 0.0000E+000
0.2548E+002 0.0000E+000
0.2547E+002 0.0000E+000
0.2546E+002 0.0000E+000
0.2545E+002 0.0000E+000
0.2544E+002 0.0000E+000
0.2543E+002 0.0000E+000
0.2542E+002 0.0000E+000
0.2541E+002 0.0000E+000
0.2540E+002 0.0000E+000
0.2539E+002 0.0000E+000
0.2538E+002 0.0000E+000
0.2537E+002 0.0000E+000
0.2536E+002 0.0000E+000
0.2535E+002 0.0000E+000
0.2534E+002 0.0000E+000
0.2533E+002 0.0000E+000
0.2532E+002 0.0000E+000
0.2531E+002 0.0000E+000
0.2530E+002 0.0000E+000
0.2529E+002 0.0000E+000
0.2528E+002 0.0000E+000
0.2527E+002 0.0000E+000
0.2526E+002 0.0000E+000
0.2525E+002 0.0000E+000
0.2524E+002 0.0000E+000
0.2523E+002 0.0000E+000
0.2522E+002 0.0000E+000
0.2521E+002 0.0000E+000
0.2520E+002 0.0000E+000
0.2519E+002 0.0000E+000
0.2518E+002 0.0000E+000
0.2517E+002 0.0000E+000
0.2516E+002 0.0000E+000
0.2515E+002 0.0000E+000
0.2514E+002 0.0000E+000
0.2513E+002 0.0000E+000
0.2512E+002 0.0000E+000
0.2511E+002 0.0000E+000
0.2510E+002 0.0000E+000
0.2509E+002 0.0000E+000
0.2508E+002 0.0000E+000
0.2507E+002 0.0000E+000
0.2506E+002 0.0000E+000
0.2505E+002 0.0000E+000
0.2504E+002 0.0000E+000
0.2503E+002 0.0000E+000
0.2502E+002 0.0000E+000
0.2501E+002 0.0000E+000
0.2500E+002 0.0000E+000
0.2499E+002 0.0000E+000
0.2498E+002 0.0000E+000
0.2497E+002 0.0000E+000
0.2496E+002 0.0000E+000
0.2495E+002 0.0000E+000
0.2494E+002 0.0000E+000
0.2493E+002 0.0000E+000
0.2492E+002 0.0000E+000
0.2491E+002 0.0000E+000
0.2490E+002 0.0000E+000
0.2489E+002 0.0000E+000
0.2488E+002 0.0000E+000
0.2487E+002 0.0000E+000
0.2486E+002 0.0000E+000
0.2485E+002 0.0000E+000
0.2484E+002 0.0000E+000
0.2483E+002 0.0000E+000
0.2482E+002 0.0000E+000
0.2481E+002 0.0000E+000
0.2480E+002 0.0000E+000
0.2479E+002 0.0000E+000
0.2478E+002 0.0000E+000
0.2477E+002 0.0000E+000
0.2476E+002 0.0000E+000
0.2475E+002 0.0000E+000
0.2474E+002 0.0000E+000
0.2473E+002 0.0000E+000
0.2472E+002 0.0000E+000
0.2471E+002 0.0000E+000
0.2470E+002 0.0000E+000
0.2469E+002 0.0000E+000
0.2468E+002 0.0000E+000
0.2467E+002 0.0000E+000
0.2466E+002 0.0000E+000
0.2465E+002 0.0000E+000
0.2464E+002 0.0000E+000
0.2463E+002 0.0000E+000
0.2462E+002 0.0000E+000
0.2461E+002 0.0000E+000
0.2460E+002 0.0000E+000
0.2459E+002 0.0000E+000
0.2458E+002 0.0000E+000
0.2457E+002 0.0000E+000
0.2456E+002 0.0000E+000
0.2455E+002 0.0000E+000
0.2454E+002 0.0000E+000
0.2453E+002 0.0000E+000
0.2452E+002 0.0000E+000
0.2451E+002 0.0000E+000
0.2450E+002 0.0000E+000
0.2449E+002 0.0000E+000
0.2448E+002 0.0000E+000
0.2447E+002 0.0000E+000
0.2446E+002 0.0000E+000
0.2445E+002 0.0000E+000
0.2444E+002 0.0000E+000
0.2443E+002 0.0000E+000
0.2442E+002 0.0000E+000
0.2441E+002 0.0000E+000
0.2440E+002 0.0000E+000
0.2439E+002 0.0000E+000
0.2438E+002 0.0000E+000
0.2437E+002 0.0000E+000
0.2436E+002 0.0000E+000
0.2435E+002 0.0000E+000
0.2434E+002 0.0000E+000
0.2433E+002 0.0000E+000
0.2432E+002 0.0000E+000
0.2431E+002 0.0000E+000
0.2430E+002 0.0000E+000
0.2429E+002 0.0000E+000
0.2428E+002 0.0000E+000
0.2427E+002 0.0000E+000
0.2426E+002 0.0000E+000
0.2425E+002 0.0000E+000
0.2424E+002 0.0000E+000
0.2423E+002 0.0000E+000
0.2422E+002 0.0000E+000
0.2421E+002 0.0000E+000
0.2420E+002 0.0000E+000
0.2419E+002 0.0000E+000
0.2418E+002 0.0000E+000
0.2417E+002 0.0000E+000
0.2416E+002 0.0000E+000
0.2415E+002 0.0000E+000
0.2414E+002 0.0000E+000
0.2413E+002 0.0000E+000
0.2412E+002 0.0000E+000
0.2411E+002 0.0000E+000
0.2410E+002 0.0000E+000
0.2409E+002 0.0000E+000
0.2408E+002 0.0000E+000
0.2407E+002 0.0000E+000
0.2406E+002 0.0000E+000
0.2405E+002 0.0000E+000
0.2404E+002 0.0000E+000
0.2403E+002 0.0000E+000
0.2402E+002 0.0000E+000
0.2401E+002 0.0000E+000
0.2400E+002 0.0000E+000
0.2399E+002 0.0000E+000
0.2398E+002 0.0000E+000
0.2397E+002 0.0000E+000
0.2396E+002 0.0000E+000
0.2395E+002 0.0000E+000
0.2394E+002 0.0000E+000
0.2393E+002 0.0000E+000
0.2392E+002 0.0000E+000
0.2391E+002 0.0000E+000
0.2390E+002 0.0000E+000
0.2389E+002 0.0000E+000
0.2388E+002 0.0000E+000
0.2387E+002 0.0000E+000
0.2386E+002 0.0000E+000
0.2385E+002 0.0000E+000
0.2384E+002 0.0000E+000
0.2383E+002 0.0000E+000
0.2382E+002 0.0000E+000
0.2381E+002 0.0000E+000
0.2380E+002 0.0000E+000
0.2379E+002 0.0000E+000
0.2378E+002 0.0000E+000
0.2377E+002 0.0000E+000
0.2376E+002 0.0000E+000
0.2375E+002 0.0000E+000
0.2374E+002 0.0000E+000
0.2373E+002 0.0000E+000
0.2372E+002 0.0000E+000
0.2371E+002 0.0000E+000
0.2370E+002 0.0000E+000
0.2369E+002 0.0000E+000
0.2368E+002 0.0000E+000
0.2367E+002 0.0000E+000
0.2366E+002 0.0000E+000
0.2365E+002 0.0000E+000
0.2364E+002 0.0000E+000
0.2363E+002 0.0000E+000
0.2362E+002 0.0000E+000
0.2361E+002 0.0000E+000
0.2360E+002 0.0000E+000
0.2359E+002 0.0000E+000
0.2358E+002 0.0000E+000
0.2357E+002 0.0000E+000
0.2356E+002 0.0000E+000
0.2355E+002 0.0000E+000
0.2354E+002 0.0000E+000
0.2353E+002 0.0000E+000
0.2352E+002 0.0000E+000
0.2351E+002 0.0000E+000
0.2350E+002 0.0000E+000
0.2349E+002 0.0000E+000
0.2348E+002 0.0000E+000
0.2347E+002 0.0000E+000
0.2346E+002 0.0000E+000
0.2345E+002 0.0000E+000
0.2344E+002 0.0000E+000
0.2343E+002 0.0000E+000
0.2342E+002 0.0000E+000
0.2341E+002 0.0000E+000
0.2340E+002 0.0000E+000
0.2339E+002 0.0000E+000
0.2338E+002 0.0000E+000
0.2337E+002 0.0000E+000
0.2336E+002 0.0000E+000
0.2335E+002 0.0000E+000
0.2334E+002 0.0000E+000
0.2333E+002 0.0000E+000
0.2332E+002 0.0000E+000
0.2331E+002 0.0000E+000
0.2330E+002 0.0000E+000
0.2329E+002 0.0000E+000
0.2328E+002 0.0000E+000
0.2327E+002 0.0000E+000
0.2326E+002 0.0000E+000
0.2325E+002 0.0000E+000
0.2324E+002 0.0000E+000
0.2323E+002 0.0000E+000
0.2322E+002 0.0000E+000
0.2321E+002 0.0000E+000
0.2320E+002 0.0000E+000
0.2319E+002 0.0000E+000
0.2318E+002 0.0000E+000
0.2317E+002 0.0000E+000
0.2316E+002 0.0000E+000
0.2315E+002 0.0000E+000
0.2314E+002 0.0000E+000
0.2313E+002 0.0000E+000
0.2312E+002 0.0000E+000
0.2311E+002 0.0000E+000
0.2310E+002 0.0000E+000
0.2309E+002 0.0000E+000
0.2308E+002 0.0000E+000
0.2307E+002 0.0000E+000
0.2306E+002 0.0000E+000
0.2305E+002 0.0000E+000
0.2304E+002 0.0000E+000
0.2303E+002 0.0000E+000
0.2302E+002 0.0000E+000
0.2301E+002 0.0000E+000
0.2300E+002 0.0000E+000
0.2299E+002 0.0000E+000
0.2298E+002 0.0000E+000
0.2297E+002 0.0000E+000
0.2296E+002 0.0000E+000
0.2295E+002 0.0000E+000
0.2294E+002 0.0000E+000
0.2293E+002 0.0000E+000
0.2292E+002 0.0000E+000
0.2291E+002 0.0000E+000
0.2290E+002 0.0000E+000
0.2289E+002 0.0000E+000
0.2288E+002 0.0000E+000
0.2287E+002 0.0000E+000
0.2286E+002 0.0000E+000
0.2285E+002 0.0000E+000
0.2284E+002 0.0000E+000
0.2283E+002 0.0000E+000
0.2282E+002 0.0000E+000
0.2281E+002 0.0000E+000
0.2280E+002 0.0000E+000
0.2279E+002 0.0000E+000
0.2278E+002 0.0000E+000
0.2277E+002 0.0000E+000
0.2276E+002 0.0000E+000
0.2275E+002 0.0000E+000
0.2274E+002 0.0000E+000
0.2273E+002 0.0000E+000
0.2272E+002 0.0000E+000
0.2271E+002 0.0000E+000
0.2270E+002 0.0000E+000
0.2269E+002 0.0000E+000
0.2268E+002 0.0000E+000
0.2267E+002 0.0000E+000
0.2266E+002 0.0000E+000
0.2265E+002 0.0000E+000
0.2264E+002 0.0000E+000
0.2263E+002 0.0000E+000
0.2262E+002 0.0000E+000
0.2261E+002 0.0000E+000
0.2260E+002 0.0000E+000
0.2259E+002 0.0000E+000
0.2258E+002 0.0000E+000
0.2257E+002 0.0000E+000
0.2256E+002 0.0000E+000
0.2255E+002 0.0000E+000
0.2254E+002 0.0000E+000
0.2253E+002 0.0000E+000
0.2252E+002 0.0000E+000
0.2251E+002 0.0000E+000
0.2250E+002 0.0000E+000
0.2249E+002 0.0000E+000
0.2248E+002 0.0000E+000
0.2247E+002 0.0000E+000
0.2246E+002 0.0000E+000
0.2245E+002 0.0000E+000
0.2244E+002 0.0000E+000
0.2243E+002 0.0000E+000
0.2242E+002 0.0000E+000
0.2241E+002 0.0000E+000
0.2240E+002 0.0000E+000
0.2239E+002 0.0000E+000
0.2238E+002 0.0000E+000
0.2237E+002 0.0000E+000
0.2236E+002 0.0000E+000
0.2235E+002 0.0000E+000
0.2234E+002 0.0000E+000
0.2233E+002 0.0000E+000
0.2232E+002 0.0000E+000
0.2231E+002 0.0000E+000
0.2230E+002 0.0000E+000
0.2229E+002 0.0000E+000
0.2228E+002 0.0000E+000
0.2227E+002 0.0000E+000
0.2226E+002 0.0000E+000
0.2225E+002 0.2233E+022
0.2224E+002 0.2272E+022
0.2223E+002 0.2274E+022
0.2222E+002 0.2274E+022
0.2221E+002 0.2273E+022
0.2220E+002 0.2273E+022
0.2219E+002 0.2272E+022
0.2218E+002 0.2272E+022
0.2217E+002 0.2271E+022
0.2216E+002 0.2271E+022
0.2215E+002 0.2270E+022
0.2214E+002 0.2270E+022
0.2213E+002 0.2269E+022
0.2212E+002 0.2269E+022
0.2211E+002 0.2268E+022
0.2210E+002 0.2268E+022
0.2209E+002 0.2267E+022
0.2208E+002 0.2267E+022
0.2207E+002 0.2266E+022
0.2206E+002 0.2266E+022
0.2205E+002 0.2266E+022
0.2204E+002 0.2265E+022
0.2203E+002 0.2265E+022
0.2202E+002 0.2264E+022
0.2201E+002 0.2264E+022
0.2200E+002 0.2263E+022
0.2199E+002 0.2263E+022
0.2198E+002 0.2262E+022
0.2197E+002 0.0000E+000
0.2196E+002 0.0000E+000
0.2195E+002 0.0000E+000
0.2194E+002 0.0000E+000
0.2193E+002 0.0000E+000
0.2192E+002 0.0000E+000
0.2191E+002 0.0000E+000
0.2190E+002 0.0000E+000
0.2189E+002 0.0000E+000
0.2188E+002 0.0000E+000
0.2187E+002 0.0000E+000
0.2186E+002 0.0000E+000
0.2185E+002 0.0000E+000
0.2184E+002 0.0000E+000
0.2183E+002 0.0000E+000
0.2182E+002 0.0000E+000
0.2181E+002 0.0000E+000
0.2180E+002 0.0000E+000
0.2179E+002 0.0000E+000
0.2178E+002 0.0000E+000
0.2177E+002 0.0000E+000
0.2176E+002 0.0000E+000
0.2175E+002 0.0000E+000
0.2174E+002 0.0000E+000
0.2173E+002 0.0000E+000
0.2172E+002 0.0000E+000
0.2171E+002 0.0000E+000
0.2170E+002 0.0000E+000
0.2169E+002 0.0000E+000
0.2168E+002 0.0000E+000
0.2167E+002 0.0000E+000
0.2166E+002 0.0000E+000
0.2165E+002 0.0000E+000
0.2164E+002 0.0000E+000
0.2163E+002 0.0000E+000
0.2162E+002 0.0000E+000
0.2161E+002 0.0000E+000
0.2160E+002 0.0000E+000
0.2159E+002 0.0000E+000
0.2158E+002 0.0000E+000
0.2157E+002 0.0000E+000
0.2156E+002 0.0000E+000
0.2155E+002 0.0000E+000
0.2154E+002 0.0000E+000
0.2153E+002 0.0000E+000
0.2152E+002 0.0000E+000
0.2151E+002 0.0000E+000
0.2150E+002 0.0000E+000
0.2149E+002 0.0000E+000
0.2148E+002 0.0000E+000
0.2147E+002 0.0000E+000
0.2146E+002 0.0000E+000
0.2145E+002 0.0000E+000
0.2144E+002 0.0000E+000
0.2143E+002 0.0000E+000
0.2142E+002 0.0000E+000
0.2141E+002 0.0000E+000
0.2140E+002 0.0000E+000
0.2139E+002 0.0000E+000
0.2138E+002 0.0000E+000
0.2137E+002 0.0000E+000
0.2136E+002 0.0000E+000
0.2135E+002 0.0000E+000
0.2134E+002 0.0000E+000
0.2133E+002 0.0000E+000
0.2132E+002 0.0000E+000
0.2131E+002 0.0000E+000
0.2130E+002 0.0000E+000
0.2129E+002 0.0000E+000
0.2128E+002 0.0000E+000
0.2127E+002 0.0000E+000
0.2126E+002 0.0000E+000
0.2125E+002 0.0000E+000
0.2124E+002 0.0000E+000
0.2123E+002 0.0000E+000
0.2122E+002 0.0000E+000
0.2121E+002 0.0000E+000
0.2120E+002 0.0000E+000
0.2119E+002 0.0000E+000
0.2118E+002 0.0000E+000
0.2117E+002 0.0000E+000
0.2116E+002 0.0000E+000
0.2115E+002 0.0000E+000
0.2114E+002 0.0000E+000
0.2113E+002 0.0000E+000
0.2112E+002 0.0000E+000
0.2111E+002 0.0000E+000
0.2110E+002 0.0000E+000
0.2109E+002 0.0000E+000
0.2108E+002 0.0000E+000
0.2107E+002 0.0000E+000
0.2106E+002 0.0000E+000
0.2105E+002 0.0000E+000
0.2104E+002 0.0000E+000
0.2103E+002 0.0000E+000
0.2102E+002 0.0000E+000
0.2101E+002 0.0000E+000
0.2100E+002 0.0000E+000
0.2099E+002 0.0000E+000
0.2098E+002 0.0000E+000
0.2097E+002 0.0000E+000
0.2096E+002 0.0000E+000
0.2095E+002 0.0000E+000
0.2094E+002 0.0000E+000
0.2093E+002 0.0000E+000
0.2092E+002 0.0000E+000
0.2091E+002 0.0000E+000
0.2090E+002 0.0000E+000
0.2089E+002 0.0000E+000
0.2088E+002 0.0000E+000
0.2087E+002 0.0000E+000
0.2086E+002 0.0000E+000
0.2085E+002 0.0000E+000
0.2084E+002 0.0000E+000
0.2083E+002 0.0000E+000
0.2082E+002 0.0000E+000
0.2081E+002 0.0000E+000
0.2080E+002 0.0000E+000
0.2079E+002 0.0000E+000
0.2078E+002 0.0000E+000
0.2077E+002 0.0000E+000
0.2076E+002 0.0000E+000
0.2075E+002 0.0000E+000
0.2074E+002 0.0000E+000
0.2073E+002 0.0000E+000
0.2072E+002 0.0000E+000
0.2071E+002 0.0000E+000
0.2070E+002 0.0000E+000
0.2069E+002 0.0000E+000
0.2068E+002 0.0000E+000
0.2067E+002 0.0000E+000
0.2066E+002 0.0000E+000
0.2065E+002 0.0000E+000
0.2064E+002 0.0000E+000
0.2063E+002 0.0000E+000
0.2062E+002 0.0000E+000
0.2061E+002 0.0000E+000
0.2060E+002 0.0000E+000
0.2059E+002 0.0000E+000
0.2058E+002 0.0000E+000
0.2057E+002 0.0000E+000
0.2056E+002 0.0000E+000
0.2055E+002 0.0000E+000
0.2054E+002 0.0000E+000
0.2053E+002 0.0000E+000
0.2052E+002 0.0000E+000
0.2051E+002 0.0000E+000
0.2050E+002 0.0000E+000
0.2049E+002 0.0000E+000
0.2048E+002 0.0000E+000
0.2047E+002 0.0000E+000
0.2046E+002 0.0000E+000
0.2045E+002 0.0000E+000
0.2044E+002 0.0000E+000
0.2043E+002 0.0000E+000
0.2042E+002 0.0000E+000
0.2041E+002 0.0000E+000
0.2040E+002 0.0000E+000
0.2039E+002 0.0000E+000
0.2038E+002 0.0000E+000
0.2037E+002 0.0000E+000
0.2036E+002 0.0000E+000
0.2035E+002 0.0000E+000
0.2034E+002 0.0000E+000
0.2033E+002 0.0000E+000
0.2032E+002 0.0000E+000
0.2031E+002 0.0000E+000
0.2030E+002 0.0000E+000
0.2029E+002 0.0000E+000
0.2028E+002 0.0000E+000
0.2027E+002 0.0000E+000
0.2026E+002 0.0000E+000
0.2025E+002 0.0000E+000
0.2024E+002 0.0000E+000
0.2023E+002 0.0000E+000
0.2022E+002 0.0000E+000
0.2021E+002 0.0000E+000
0.2020E+002 0.0000E+000
0.2019E+002 0.0000E+000
0.2018E+002 0.0000E+000
0.2017E+002 0.0000E+000
0.2016E+002 0.0000E+000
0.2015E+002 0.0000E+000
0.2014E+002 0.0000E+000
0.2013E+002 0.0000E+000
0.2012E+002 0.0000E+000
0.2011E+002 0.0000E+000
0.2010E+002 0.0000E+000
0.2009E+002 0.0000E+000
0.2008E+002 0.0000E+000
0.2007E+002 0.0000E+000
0.2006E+002 0.0000E+000
0.2005E+002 0.0000E+000
0.2004E+002 0.0000E+000
0.2003E+002 0.0000E+000
0.2002E+002 0.0000E+000
0.2001E+002 0.0000E+000
0.2000E+002 0.0000E+000
0.1999E+002 0.0000E+000
0.1998E+002 0.0000E+000
0.1997E+002 0.0000E+000
0.1996E+002 0.0000E+000
0.1995E+002 0.0000E+000
0.1994E+002 0.0000E+000
0.1993E+002 0.0000E+000
0.1992E+002 0.0000E+000
0.1991E+002 0.0000E+000
0.1990E+002 0.0000E+000
0.1989E+002 0.0000E+000
0.1988E+002 0.0000E+000
0.1987E+002 0.0000E+000
0.1986E+002 0.0000E+000
0.1985E+002 0.0000E+000
0.1984E+002 0.0000E+000
0.1983E+002 0.0000E+000
0.1982E+002 0.0000E+000
0.1981E+002 0.0000E+000
0.1980E+002 0.0000E+000
0.1979E+002 0.0000E+000
0.1978E+002 0.0000E+000
0.1977E+002 0.0000E+000
0.1976E+002 0.0000E+000
0.1975E+002 0.0000E+000
0.1974E+002 0.0000E+000
0.1973E+002 0.0000E+000
0.1972E+002 0.0000E+000
0.1971E+002 0.0000E+000
0.1970E+002 0.0000E+000
0.1969E+002 0.0000E+000
0.1968E+002 0.0000E+000
0.1967E+002 0.0000E+000
0.1966E+002 0.0000E+000
0.1965E+002 0.0000E+000
0.1964E+002 0.0000E+000
0.1963E+002 0.0000E+000
0.1962E+002 0.0000E+000
0.1961E+002 0.0000E+000
0.1960E+002 0.0000E+000
0.1959E+002 0.0000E+000
0.1958E+002 0.0000E+000
0.1957E+002 0.0000E+000
0.1956E+002 0.0000E+000
0.1955E+002 0.0000E+000
0.1954E+002 0.0000E+000
0.1953E+002 0.0000E+000
0.1952E+002 0.0000E+000
0.1951E+002 0.0000E+000
0.1950E+002 0.0000E+000
0.1949E+002 0.0000E+000
0.1948E+002 0.0000E+000
0.1947E+002 0.0000E+000
0.1946E+002 0.0000E+000
0.1945E+002 0.0000E+000
0.1944E+002 0.0000E+000
0.1943E+002 0.0000E+000
0.1942E+002 0.0000E+000
0.1941E+002 0.0000E+000
0.1940E+002 0.0000E+000
0.1939E+002 0.0000E+000
0.1938E+002 0.0000E+000
0.1937E+002 0.0000E+000
0.1936E+002 0.0000E+000
0.1935E+002 0.0000E+000
0.1934E+002 0.0000E+000
0.1933E+002 0.0000E+000
0.1932E+002 0.0000E+000
0.1931E+002 0.0000E+000
0.1930E+002 0.0000E+000
0.1929E+002 0.0000E+000
0.1928E+002 0.0000E+000
0.1927E+002 0.0000E+000
0.1926E+002 0.0000E+000
0.1925E+002 0.0000E+000
0.1924E+002 0.0000E+000
0.1923E+002 0.0000E+000
0.1922E+002 0.0000E+000
0.1921E+002 0.0000E+000
0.1920E+002 0.0000E+000
0.1919E+002 0.0000E+000
0.1918E+002 0.0000E+000
0.1917E+002 0.0000E+000
0.1916E+002 0.0000E+000
0.1915E+002 0.0000E+000
0.1914E+002 0.0000E+000
0.1913E+002 0.0000E+000
0.1912E+002 0.0000E+000
0.1911E+002 0.0000E+000
0.1910E+002 0.0000E+000
0.1909E+002 0.0000E+000
0.1908E+002 0.0000E+000
0.1907E+002 0.0000E+000
0.1906E+002 0.0000E+000
0.1905E+002 0.0000E+000
0.1904E+002 0.0000E+000
0.1903E+002 0.0000E+000
0.1902E+002 0.0000E+000
0.1901E+002 0.0000E+000
0.1900E+002 0.0000E+000
0.1899E+002 0.0000E+000
0.1898E+002 0.0000E+000
0.1897E+002 0.0000E+000
0.1896E+002 0.0000E+000
0.1895E+002 0.0000E+000
0.1894E+002 0.0000E+000
0.1893E+002 0.0000E+000
0.1892E+002 0.0000E+000
0.1891E+002 0.0000E+000
0.1890E+002 0.0000E+000
0.1889E+002 0.0000E+000
0.1888E+002 0.0000E+000
0.1887E+002 0.0000E+000
0.1886E+002 0.0000E+000
0.1885E+002 0.0000E+000
0.1884E+002 0.0000E+000
0.1883E+002 0.0000E+000
0.1882E+002 0.0000E+000
0.1881E+002 0.0000E+000
0.1880E+002 0.0000E+000
0.1879E+002 0.0000E+000
0.1878E+002 0.0000E+000
0.1877E+002 0.0000E+000
0.1876E+002 0.0000E+000
0.1875E+002 0.0000E+000
0.1874E+002 0.0000E+000
0.1873E+002 0.0000E+000
0.1872E+002 0.0000E+000
0.1871E+002 0.0000E+000
0.1870E+002 0.0000E+000
0.1869E+002 0.0000E+000
0.1868E+002 0.0000E+000
0.1867E+002 0.0000E+000
0.1866E+002 0.0000E+000
0.1865E+002 0.0000E+000
0.1864E+002 0.0000E+000
0.1863E+002 0.0000E+000
0.1862E+002 0.0000E+000
0.1861E+002 0.0000E+000
0.1860E+002 0.0000E+000
0.1859E+002 0.0000E+000
0.1858E+002 0.0000E+000
0.1857E+002 0.0000E+000
0.1856E+002 0.0000E+000
0.1855E+002 0.0000E+000
0.1854E+002 0.0000E+000
0.1853E+002 0.0000E+000
0.1852E+002 0.0000E+000
0.1851E+002 0.0000E+000
0.1850E+002 0.0000E+000
0.1849E+002 0.0000E+000
0.1848E+002 0.0000E+000
0.1847E+002 0.0000E+000
0.1846E+002 0.0000E+000
0.1845E+002 0.0000E+000
0.1844E+002 0.0000E+000
0.1843E+002 0.0000E+000
0.1842E+002 0.0000E+000
0.1841E+002 0.0000E+000
0.1840E+002 0.0000E+000
0.1839E+002 0.0000E+000
0.1838E+002 0.0000E+000
0.1837E+002 0.0000E+000
0.1836E+002 0.0000E+000
0.1835E+002 0.0000E+000
0.1834E+002 0.0000E+000
0.1833E+002 0.0000E+000
0.1832E+002 0.0000E+000
0.1831E+002 0.0000E+000
0.1830E+002 0.0000E+000
0.1829E+002 0.0000E+000
0.1828E+002 0.0000E+000
0.1827E+002 0.0000E+000
0.1826E+002 0.0000E+000
0.1825E+002 0.0000E+000
0.1824E+002 0.0000E+000
0.1823E+002 0.0000E+000
0.1822E+002 0.0000E+000
0.1821E+002 0.0000E+000
0.1820E+002 0.0000E+000
0.1819E+002 0.0000E+000
0.1818E+002 0.0000E+000
0.1817E+002 0.0000E+000
0.1816E+002 0.0000E+000
0.1815E+002 0.0000E+000
0.1814E+002 0.0000E+000
0.1813E+002 0.0000E+000
0.1812E+002 0.0000E+000
0.1811E+002 0.0000E+000
0.1810E+002 0.0000E+000
0.1809E+002 0.0000E+000
0.1808E+002 0.0000E+000
0.1807E+002 0.0000E+000
0.1806E+002 0.0000E+000
0.1805E+002 0.0000E+000
0.1804E+002 0.0000E+000
0.1803E+002 0.0000E+000
0.1802E+002 0.0000E+000
0.1801E+002 0.0000E+000
0.1800E+002 0.0000E+000
0.1799E+002 0.0000E+000
0.1798E+002 0.0000E+000
0.1797E+002 0.0000E+000
0.1796E+002 0.0000E+000
0.1795E+002 0.0000E+000
0.1794E+002 0.0000E+000
0.1793E+002 0.0000E+000
0.1792E+002 0.0000E+000
0.1791E+002 0.0000E+000
0.1790E+002 0.0000E+000
0.1789E+002 0.0000E+000
0.1788E+002 0.0000E+000
0.1787E+002 0.0000E+000
0.1786E+002 0.0000E+000
0.1785E+002 0.0000E+000
0.1784E+002 0.0000E+000
0.1783E+002 0.0000E+000
0.1782E+002 0.0000E+000
0.1781E+002 0.0000E+000
0.1780E+002 0.0000E+000
0.1779E+002 0.0000E+000
0.1778E+002 0.0000E+000
0.1777E+002 0.0000E+000
0.1776E+002 0.0000E+000
0.1775E+002 0.0000E+000
0.1774E+002 0.0000E+000
0.1773E+002 0.0000E+000
0.1772E+002 0.0000E+000
0.1771E+002 0.0000E+000
0.1770E+002 0.0000E+000
0.1769E+002 0.0000E+000
0.1768E+002 0.0000E+000
0.1767E+002 0.0000E+000
0.1766E+002 0.0000E+000
0.1765E+002 0.0000E+000
0.1764E+002 0.0000E+000
0.1763E+002 0.0000E+000
0.1762E+002 0.0000E+000
0.1761E+002 0.0000E+000
0.1760E+002 0.0000E+000
0.1759E+002 0.0000E+000
0.1758E+002 0.0000E+000
0.1757E+002 0.0000E+000
0.1756E+002 0.0000E+000
0.1755E+002 0.0000E+000
0.1754E+002 0.0000E+000
0.1753E+002 0.0000E+000
0.1752E+002 0.0000E+000
0.1751E+002 0.0000E+000
0.1750E+002 0.0000E+000
0.1749E+002 0.0000E+000
0.1748E+002 0.0000E+000
0.1747E+002 0.0000E+000
0.1746E+002 0.0000E+000
0.1745E+002 0.0000E+000
0.1744E+002 0.0000E+000
0.1743E+002 0.0000E+000
0.1742E+002 0.0000E+000
0.1741E+002 0.0000E+000
0.1740E+002 0.0000E+000
0.1739E+002 0.0000E+000
0.1738E+002 0.0000E+000
0.1737E+002 0.0000E+000
0.1736E+002 0.0000E+000
0.1735E+002 0.0000E+000
0.1734E+002 0.0000E+000
0.1733E+002 0.0000E+000
0.1732E+002 0.0000E+000
0.1731E+002 0.0000E+000
0.1730E+002 0.0000E+000
0.1729E+002 0.0000E+000
0.1728E+002 0.0000E+000
0.1727E+002 0.0000E+000
0.1726E+002 0.0000E+000
0.1725E+002 0.0000E+000
0.1724E+002 0.0000E+000
0.1723E+002 0.0000E+000
0.1722E+002 0.0000E+000
0.1721E+002 0.0000E+000
0.1720E+002 0.0000E+000
0.1719E+002 0.0000E+000
0.1718E+002 0.0000E+000
0.1717E+002 0.0000E+000
0.1716E+002 0.0000E+000
0.1715E+002 0.0000E+000
0.1714E+002 0.0000E+000
0.1713E+002 0.0000E+000
0.1712E+002 0.0000E+000
0.1711E+002 0.0000E+000
0.1710E+002 0.0000E+000
0.1709E+002 0.0000E+000
0.1708E+002 0.0000E+000
0.1707E+002 0.0000E+000
0.1706E+002 0.0000E+000
0.1705E+002 0.0000E+000
0.1704E+002 0.0000E+000
0.1703E+002 0.0000E+000
0.1702E+002 0.0000E+000
0.1701E+002 0.0000E+000
0.1700E+002 0.0000E+000
0.1699E+002 0.0000E+000
0.1698E+002 0.0000E+000
0.1697E+002 0.0000E+000
0.1696E+002 0.0000E+000
0.1695E+002 0.0000E+000
0.1694E+002 0.0000E+000
0.1693E+002 0.0000E+000
0.1692E+002 0.0000E+000
0.1691E+002 0.0000E+000
0.1690E+002 0.0000E+000
0.1689E+002 0.0000E+000
0.1688E+002 0.0000E+000
0.1687E+002 0.0000E+000
0.1686E+002 0.0000E+000
0.1685E+002 0.0000E+000
0.1684E+002 0.0000E+000
0.1683E+002 0.0000E+000
0.1682E+002 0.0000E+000
0.1681E+002 0.0000E+000
0.1680E+002 0.0000E+000
0.1679E+002 0.0000E+000
0.1678E+002 0.0000E+000
0.1677E+002 0.0000E+000
0.1676E+002 0.0000E+000
0.1675E+002 0.0000E+000
0.1674E+002 0.0000E+000
0.1673E+002 0.0000E+000
0.1672E+002 0.0000E+000
0.1671E+002 0.0000E+000
0.1670E+002 0.0000E+000
0.1669E+002 0.0000E+000
0.1668E+002 0.0000E+000
0.1667E+002 0.0000E+000
0.1666E+002 0.0000E+000
0.1665E+002 0.0000E+000
0.1664E+002 0.0000E+000
0.1663E+002 0.0000E+000
0.1662E+002 0.0000E+000
0.1661E+002 0.0000E+000
0.1660E+002 0.0000E+000
0.1659E+002 0.0000E+000
0.1658E+002 0.0000E+000
0.1657E+002 0.0000E+000
0.1656E+002 0.0000E+000
0.1655E+002 0.0000E+000
0.1654E+002 0.0000E+000
0.1653E+002 0.0000E+000
0.1652E+002 0.0000E+000
0.1651E+002 0.0000E+000
0.1650E+002 0.0000E+000
0.1649E+002 0.0000E+000
0.1648E+002 0.0000E+000
0.1647E+002 0.0000E+000
0.1646E+002 0.0000E+000
0.1645E+002 0.0000E+000
0.1644E+002 0.0000E+000
0.1643E+002 0.0000E+000
0.1642E+002 0.0000E+000
0.1641E+002 0.0000E+000
0.1640E+002 0.0000E+000
0.1639E+002 0.0000E+000
0.1638E+002 0.0000E+000
0.1637E+002 0.0000E+000
0.1636E+002 0.0000E+000
0.1635E+002 0.0000E+000
0.1634E+002 0.0000E+000
0.1633E+002 0.0000E+000
0.1632E+002 0.0000E+000
0.1631E+002 0.0000E+000
0.1630E+002 0.0000E+000
0.1629E+002 0.0000E+000
0.1628E+002 0.0000E+000
0.1627E+002 0.0000E+000
0.1626E+002 0.0000E+000
0.1625E+002 0.0000E+000
0.1624E+002 0.0000E+000
0.1623E+002 0.0000E+000
0.1622E+002 0.0000E+000
0.1621E+002 0.0000E+000
0.1620E+002 0.0000E+000
0.1619E+002 0.0000E+000
0.1618E+002 0.0000E+000
0.1617E+002 0.0000E+000
0.1616E+002 0.0000E+000
0.1615E+002 0.0000E+000
0.1614E+002 0.0000E+000
0.1613E+002 0.0000E+000
0.1612E+002 0.0000E+000
0.1611E+002 0.0000E+000
0.1610E+002 0.0000E+000
0.1609E+002 0.0000E+000
0.1608E+002 0.0000E+000
0.1607E+002 0.0000E+000
0.1606E+002 0.0000E+000
0.1605E+002 0.0000E+000
0.1604E+002 0.0000E+000
0.1603E+002 0.0000E+000
0.1602E+002 0.0000E+000
0.1601E+002 0.0000E+000
0.1600E+002 0.0000E+000
0.1599E+002 0.0000E+000
0.1598E+002 0.0000E+000
0.1597E+002 0.0000E+000
0.1596E+002 0.0000E+000
0.1595E+002 0.0000E+000
0.1594E+002 0.0000E+000
0.1593E+002 0.0000E+000
0.1592E+002 0.0000E+000
0.1591E+002 0.0000E+000
0.1590E+002 0.0000E+000
0.1589E+002 0.0000E+000
0.1588E+002 0.0000E+000
0.1587E+002 0.0000E+000
0.1586E+002 0.0000E+000
0.1585E+002 0.0000E+000
0.1584E+002 0.0000E+000
0.1583E+002 0.0000E+000
0.1582E+002 0.0000E+000
0.1581E+002 0.0000E+000
0.1580E+002 0.0000E+000
0.1579E+002 0.0000E+000
0.1578E+002 0.0000E+000
0.1577E+002 0.0000E+000
0.1576E+002 0.0000E+000
0.1575E+002 0.0000E+000
0.1574E+002 0.0000E+000
0.1573E+002 0.0000E+000
0.1572E+002 0.0000E+000
0.1571E+002 0.0000E+000
0.1570E+002 0.0000E+000
0.1569E+002 0.0000E+000
0.1568E+002 0.0000E+000
0.1567E+002 0.0000E+000
0.1566E+002 0.0000E+000
0.1565E+002 0.0000E+000
0.1564E+002 0.0000E+000
0.1563E+002 0.0000E+000
0.1562E+002 0.0000E+000
0.1561E+002 0.0000E+000
0.1560E+002 0.0000E+000
0.1559E+002 0.0000E+000
0.1558E+002 0.0000E+000
0.1557E+002 0.0000E+000
0.1556E+002 0.0000E+000
0.1555E+002 0.0000E+000
0.1554E+002 0.0000E+000
0.1553E+002 0.0000E+000
0.1552E+002 0.0000E+000
0.1551E+002 0.0000E+000
0.1550E+002 0.0000E+000
0.1549E+002 0.0000E+000
0.1548E+002 0.0000E+000
0.1547E+002 0.0000E+000
0.1546E+002 0.0000E+000
0.1545E+002 0.0000E+000
0.1544E+002 0.0000E+000
0.1543E+002 0.0000E+000
0.1542E+002 0.0000E+000
0.1541E+002 0.0000E+000
0.1540E+002 0.0000E+000
0.1539E+002 0.0000E+000
0.1538E+002 0.0000E+000
0.1537E+002 0.0000E+000
0.1536E+002 0.0000E+000
0.1535E+002 0.0000E+000
0.1534E+002 0.0000E+000
0.1533E+002 0.0000E+000
0.1532E+002 0.0000E+000
0.1531E+002 0.0000E+000
0.1530E+002 0.0000E+000
0.1529E+002 0.0000E+000
0.1528E+002 0.0000E+000
0.1527E+002 0.0000E+000
0.1526E+002 0.0000E+000
0.1525E+002 0.0000E+000
0.1524E+002 0.0000E+000
0.1523E+002 0.0000E+000
0.1522E+002 0.0000E+000
0.1521E+002 0.0000E+000
0.1520E+002 0.0000E+000
0.1519E+002 0.0000E+000
0.1518E+002 0.0000E+000
0.1517E+002 0.0000E+000
0.1516E+002 0.0000E+000
0.1515E+002 0.0000E+000
0.1514E+002 0.0000E+000
0.1513E+002 0.0000E+000
0.1512E+002 0.0000E+000
0.1511E+002 0.0000E+000
0.1510E+002 0.0000E+000
0.1509E+002 0.0000E+000
0.1508E+002 0.0000E+000
0.1507E+002 0.0000E+000
0.1506E+002 0.0000E+000
0.1505E+002 0.0000E+000
0.1504E+002 0.0000E+000
0.1503E+002 0.0000E+000
0.1502E+002 0.0000E+000
0.1501E+002 0.0000E+000
0.1500E+002 0.0000E+000
0.1400E+002 0.0000E+000
0.1300E+002 0.0000E+000
0.1200E+002 0.0000E+000
0.1100E+002 0.0000E+000
0.1000E+002 0.0000E+000
