0.1722E+002 0.7232E-003 0.8993E+000 0.9992E+000 0.8963E-004 0.9991E-001 0.9911E-013 0.2769E-006 0.2522E-004 0.3224E-016 0.4425E-011 0.4882E-009 0.3086E-020 0.4988E-013 0.1455E-005 0.8327E-012 0.2856E-019 0.2045E-015 0.2219E-008 0.3778E-015 0.1491E-021 0.3037E-016 0.5062E-018 0.2525E-024 0.2667E-012 0.6275E-020 0.5907E-026 0.1785E-030         NaN         NaN
0.1721E+002 0.1000E+001 0.0000E+000 0.0000E+000 0.2250E+001 0.0000E+000 0.3033E-014 0.1400E-004 0.1150E-004 0.7537E-018 0.4425E-011 0.4882E-009 0.2237E-020 0.3332E-012 0.1455E-005 0.4367E-012 0.1256E-017 0.1236E-014 0.2261E-008 0.3684E-014 0.4707E-020 0.1385E-016 0.4001E-018 0.9251E-021 0.2765E-012 0.1541E-019 0.2452E-023 0.4657E-027 0.0000E+000 0.0000E+000
0.1720E+002 0.1000E+001 0.0000E+000 0.0000E+000 0.2250E+001 0.0000E+000 0.9318E-016 0.2025E-004 0.5246E-005 0.1985E-019 0.4425E-011 0.4882E-009 0.1628E-020 0.3605E-012 0.1455E-005 0.2291E-012 0.2474E-017 0.1891E-014 0.2280E-008 0.3681E-014 0.1140E-019 0.6316E-017 0.3162E-018 0.1611E-020 0.2810E-012 0.4232E-019 0.7760E-023 0.1287E-026 0.0000E+000 0.0000E+000
0.1719E+002 0.1000E+001 0.0000E+000 0.0000E+000 0.2250E+001 0.0000E+000 0.2871E-017 0.2310E-004 0.2393E-005 0.5641E-021 0.4425E-011 0.4882E-009 0.1188E-020 0.3015E-012 0.1455E-005 0.1202E-012 0.3460E-017 0.1865E-014 0.2289E-008 0.2819E-014 0.1767E-019 0.2882E-017 0.2500E-018 0.2123E-020 0.2831E-012 0.5951E-019 0.1405E-022 0.2180E-026 0.0000E+000 0.0000E+000
0.1718E+002 0.1000E+001 0.0000E+000 0.0000E+000 0.2250E+001 0.0000E+000 0.8865E-019 0.2441E-004 0.1092E-005 0.1673E-022 0.4425E-011 0.4882E-009 0.8670E-021 0.2263E-012 0.1455E-005 0.6309E-013 0.4187E-017 0.1512E-014 0.2293E-008 0.1935E-014 0.2259E-019 0.1315E-017 0.1977E-018 0.2510E-020 0.2840E-012 0.6052E-019 0.1978E-022 0.3039E-026 0.0000E+000 0.0000E+000
0.1717E+002 0.1000E+001 0.0000E+000 0.0000E+000 0.2250E+001 0.0000E+000 0.2742E-020 0.2500E-004 0.4984E-006 0.5070E-024 0.4425E-011 0.4882E-009 0.6334E-021 0.1599E-012 0.1455E-005 0.3312E-013 0.4696E-017 0.1100E-014 0.2295E-008 0.1253E-014 0.2612E-019 0.6002E-018 0.1564E-018 0.2806E-020 0.2845E-012 0.5147E-019 0.2435E-022 0.3837E-026 0.0000E+000 0.0000E+000
0.1716E+002 0.1000E+001 0.0000E+000 0.0000E+000 0.2250E+001 0.0000E+000 0.8494E-022 0.2527E-004 0.2276E-006 0.1555E-025 0.4425E-011 0.4882E-009 0.4628E-021 0.1089E-012 0.1455E-005 0.1739E-013 0.5040E-017 0.7473E-015 0.2295E-008 0.7827E-015 0.2853E-019 0.2740E-018 0.1238E-018 0.3034E-020 0.2847E-012 0.3921E-019 0.2776E-022 0.4581E-026 0.0000E+000 0.0000E+000
0.1715E+002 0.1000E+001 0.0000E+000 0.0000E+000 0.2250E+001 0.0000E+000 0.2635E-023 0.2539E-004 0.1039E-006 0.4800E-027 0.4425E-011 0.4882E-009 0.3382E-021 0.7227E-013 0.1455E-005 0.9134E-014 0.5267E-017 0.4854E-015 0.2296E-008 0.4775E-015 0.3012E-019 0.1251E-018 0.9796E-019 0.3214E-020 0.2848E-012 0.2777E-019 0.3025E-022 0.5286E-026 0.0000E+000 0.0000E+000
0.1714E+002 0.1000E+001 0.0000E+000 0.0000E+000 0.2250E+001 0.0000E+000 0.8185E-025 0.2545E-004 0.4746E-007 0.1487E-028 0.4425E-011 0.4882E-009 0.2472E-021 0.4710E-013 0.1455E-005 0.4798E-014 0.5414E-017 0.3055E-015 0.2296E-008 0.2865E-015 0.3115E-019 0.5715E-019 0.7758E-019 0.3357E-020 0.2848E-012 0.1870E-019 0.3207E-022 0.5965E-026 0.0000E+000 0.0000E+000
0.1713E+002 0.1000E+001 0.0000E+000 0.0000E+000 0.2250E+001 0.0000E+000 0.2546E-026 0.2548E-004 0.2168E-007 0.4620E-030 0.4425E-011 0.4882E-009 0.1807E-021 0.3027E-013 0.1455E-005 0.2521E-014 0.5509E-017 0.1880E-015 0.2296E-008 0.1699E-015 0.3183E-019 0.2611E-019 0.6146E-019 0.3474E-020 0.2848E-012 0.1214E-019 0.3344E-022 0.6632E-026 0.0000E+000 0.0000E+000
0.1712E+002 0.1000E+001 0.0000E+000 0.0000E+000 0.2250E+001 0.0000E+000 0.7931E-028 0.2549E-004 0.9909E-008 0.1438E-031 0.4425E-011 0.4882E-009 0.1321E-021 0.1926E-013 0.1455E-005 0.1325E-014 0.5569E-017 0.1137E-015 0.2296E-008 0.9988E-016 0.3229E-019 0.1193E-019 0.4873E-019 0.3571E-020 0.2848E-012 0.7665E-020 0.3452E-022 0.7295E-026 0.0000E+000 0.0000E+000
0.1711E+002 0.1000E+001 0.0000E+000 0.0000E+000 0.2250E+001 0.0000E+000 0.2469E-029 0.2549E-004 0.4529E-008 0.4477E-033 0.4425E-011 0.4882E-009 0.9658E-022 0.1215E-013 0.1455E-005 0.6967E-015 0.5606E-017 0.6791E-016 0.2296E-008 0.5834E-016 0.3261E-019 0.5454E-020 0.3867E-019 0.3653E-020 0.2848E-012 0.4741E-020 0.3542E-022 0.7959E-026 0.0000E+000 0.0000E+000
0.1710E+002 0.1000E+001 0.0000E+000 0.0000E+000 0.2250E+001 0.0000E+000 0.7680E-031 0.2550E-004 0.2071E-008 0.1399E-034 0.4425E-011 0.4882E-009 0.7062E-022 0.7618E-014 0.1455E-005 0.3663E-015 0.5630E-017 0.4018E-016 0.2296E-008 0.3391E-016 0.3284E-019 0.2494E-020 0.3071E-019 0.3725E-020 0.2848E-012 0.2886E-020 0.3621E-022 0.8629E-026 0.0000E+000 0.0000E+000
0.1709E+002 0.1000E+001 0.0000E+000 0.0000E+000 0.2250E+001 0.0000E+000 0.2339E-032 0.2550E-004 0.9470E-009 0.4398E-036 0.4425E-011 0.4882E-009 0.5164E-022 0.4751E-014 0.1455E-005 0.1927E-015 0.5644E-017 0.2360E-016 0.2296E-008 0.1963E-016 0.3303E-019 0.1140E-020 0.2442E-019 0.3789E-020 0.2848E-012 0.1734E-020 0.3693E-022 0.9306E-026 0.0000E+000 0.0000E+000
0.1708E+002 0.1000E+001 0.0000E+000 0.0000E+000 0.2250E+001 0.0000E+000 -.1132E-033 0.2550E-004 0.4332E-009 0.1008E-037 0.4425E-011 0.4882E-009 0.3777E-022 0.2950E-014 0.1455E-005 0.1014E-015 0.5653E-017 0.1378E-016 0.2296E-008 0.1134E-016 0.3318E-019 0.5216E-021 0.1945E-019 0.3847E-020 0.2848E-012 0.1032E-020 0.3762E-022 0.9993E-026 0.0000E+000 0.0000E+000
0.1707E+002 0.1000E+001 0.0000E+000 0.0000E+000 0.2250E+001 0.0000E+000 -.3567E-035 0.2550E-004 0.1982E-009 0.4535E-040 0.4425E-011 0.4882E-009 0.2762E-022 0.1826E-014 0.1455E-005 0.5334E-016 0.5659E-017 0.8011E-017 0.2296E-008 0.6531E-017 0.3332E-019 0.2386E-021 0.1552E-019 0.3900E-020 0.2848E-012 0.6096E-021 0.3828E-022 0.1069E-025 0.0000E+000 0.0000E+000
0.1706E+002 0.1000E+001 0.0000E+000 0.0000E+000 0.2250E+001 0.0000E+000 0.3935E-034 0.2550E-004 0.9069E-010 0.4474E-039 0.4425E-011 0.4882E-009 0.2021E-022 0.1126E-014 0.1455E-005 0.2808E-016 0.5662E-017 0.4642E-017 0.2296E-008 0.3756E-017 0.3345E-019 0.1092E-021 0.1242E-019 0.3949E-020 0.2848E-012 0.3577E-021 0.3893E-022 0.1140E-025 0.0000E+000 0.0000E+000
0.1705E+002 0.1000E+001 0.0000E+000 0.0000E+000 0.2250E+001 0.0000E+000 -.5581E-034 0.2550E-004 0.4151E-010 -.8279E-039 0.4425E-011 0.4882E-009 0.1478E-022 0.6934E-015 0.1455E-005 0.1478E-016 0.5664E-017 0.2682E-017 0.2296E-008 0.2158E-017 0.3357E-019 0.4999E-022 0.9958E-020 0.3996E-020 0.2848E-012 0.2089E-021 0.3957E-022 0.1211E-025 0.0000E+000 0.0000E+000
0.1704E+002 0.1000E+001 0.0000E+000 0.0000E+000 0.2250E+001 0.0000E+000 0.2601E-034 0.2550E-004 0.1901E-010 0.2017E-039 0.4425E-011 0.4882E-009 0.1082E-022 0.4260E-015 0.1455E-005 0.7784E-017 0.5666E-017 0.1547E-017 0.2296E-008 0.1238E-017 0.3369E-019 0.2289E-022 0.8015E-020 0.4040E-020 0.2848E-012 0.1215E-021 0.4022E-022 0.1284E-025 0.0000E+000 0.0000E+000
0.1703E+002 0.1000E+001 0.0000E+000 0.0000E+000 0.2250E+001 0.0000E+000 -.8650E-035 0.2550E-004 0.8704E-011 -.3819E-040 0.4425E-011 0.4882E-009 0.7914E-023 0.2613E-015 0.1455E-005 0.4100E-017 0.5666E-017 0.8908E-018 0.2296E-008 0.7100E-018 0.3380E-019 0.1048E-022 0.6478E-020 0.4083E-020 0.2848E-012 0.7043E-022 0.4086E-022 0.1358E-025 0.0000E+000 0.0000E+000
0.1702E+002 0.1000E+001 0.0000E+000 0.0000E+000 0.2250E+001 0.0000E+000 -.7082E-035 0.2550E-004 0.3987E-011 -.2286E-039 0.4425E-011 0.4882E-009 0.5791E-023 0.1600E-015 0.1455E-005 0.2160E-017 0.5667E-017 0.5123E-018 0.2296E-008 0.4069E-018 0.3391E-019 0.4801E-023 0.5263E-020 0.4125E-020 0.2848E-012 0.4073E-022 0.4150E-022 0.1434E-025 0.0000E+000 0.0000E+000
0.1701E+002 0.1000E+001 0.0000E+000 0.0000E+000 0.2250E+001 0.0000E+000 -.1323E-035 0.2550E-004 0.1827E-011 0.1550E-040 0.4425E-011 0.4882E-009 0.4238E-023 0.9789E-016 0.1455E-005 0.1138E-017 0.5667E-017 0.2944E-018 0.2296E-008 0.2331E-018 0.3403E-019 0.2200E-023 0.4302E-020 0.4165E-020 0.2848E-012 0.2350E-022 0.4214E-022 0.1510E-025 0.0000E+000 0.0000E+000
0.1700E+002 0.1000E+001 0.0000E+000 0.0000E+000 0.2250E+001 0.0000E+000 -.3744E-035 0.2550E-004 0.8372E-012 -.1567E-040 0.4425E-011 0.4882E-009 0.3102E-023 0.5983E-016 0.1455E-005 0.6001E-018 0.5667E-017 0.1690E-018 0.2296E-008 0.1335E-018 0.3414E-019 0.1008E-023 0.3542E-020 0.4204E-020 0.2848E-012 0.1354E-022 0.4278E-022 0.1587E-025 0.0000E+000 0.0000E+000
0.1699E+002 0.1000E+001 0.0000E+000 0.0000E+000 0.2250E+001 0.0000E+000 -.3845E-035 0.2550E-004 0.3838E-012 -.9842E-040 0.4425E-011 0.4882E-009 0.2270E-023 0.3654E-016 0.1455E-005 0.3164E-018 0.5667E-017 0.9702E-019 0.2296E-008 0.7646E-019 0.3425E-019 0.4621E-024 0.2940E-020 0.4242E-020 0.2848E-012 0.7795E-023 0.4343E-022 0.1666E-025 0.0000E+000 0.0000E+000
0.1698E+002 0.1000E+001 0.0000E+000 0.0000E+000 0.2250E+001 0.0000E+000 -.1227E-036 0.2550E-004 0.1760E-012 -.8519E-041 0.4425E-011 0.4882E-009 0.1662E-023 0.2230E-016 0.1455E-005 0.1669E-018 0.5667E-017 0.5566E-019 0.2296E-008 0.4378E-019 0.3436E-019 0.2119E-024 0.2465E-020 0.4279E-020 0.2848E-012 0.4482E-023 0.4407E-022 0.1746E-025 0.0000E+000 0.0000E+000
0.1697E+002 0.1000E+001 0.0000E+000 0.0000E+000 0.2250E+001 0.0000E+000 -.1495E-036 0.2550E-004 0.8069E-013 -.1098E-041 0.4425E-011 0.4882E-009 0.1217E-023 0.1360E-016 0.1455E-005 0.8802E-019 0.5667E-017 0.3193E-019 0.2296E-008 0.2507E-019 0.3448E-019 0.9717E-025 0.2089E-020 0.4316E-020 0.2848E-012 0.2575E-023 0.4472E-022 0.1827E-025 0.0000E+000 0.0000E+000
0.1696E+002 0.1000E+001 0.0000E+000 0.0000E+000 0.2250E+001 0.0000E+000 0.1619E-035 0.2550E-004 0.3702E-013 0.3330E-040 0.4425E-011 0.4882E-009 0.8909E-024 0.8291E-017 0.1455E-005 0.4644E-019 0.5667E-017 0.1832E-019 0.2296E-008 0.1435E-019 0.3459E-019 0.4457E-025 0.1791E-020 0.4352E-020 0.2848E-012 0.1479E-023 0.4537E-022 0.1909E-025 0.0000E+000 0.0000E+000
0.1695E+002 0.1000E+001 0.0000E+000 0.0000E+000 0.2250E+001 0.0000E+000 -.5172E-036 0.2550E-004 0.1698E-013 -.2355E-041 0.4425E-011 0.4882E-009 0.6524E-024 0.5053E-017 0.1455E-005 0.2451E-019 0.5667E-017 0.1050E-019 0.2296E-008 0.8218E-020 0.3470E-019 0.2045E-025 0.1556E-020 0.4387E-020 0.2848E-012 0.8489E-024 0.4602E-022 0.1992E-025 0.0000E+000 0.0000E+000
0.1694E+002 0.1000E+001 0.0000E+000 0.0000E+000 0.2250E+001 0.0000E+000 0.9848E-037 0.2550E-004 0.7795E-014 -.1835E-042 0.4425E-011 0.4882E-009 0.4778E-024 0.3078E-017 0.1455E-005 0.1294E-019 0.5666E-017 0.6025E-020 0.2296E-008 0.4706E-020 0.3481E-019 0.9386E-026 0.1369E-020 0.4422E-020 0.2848E-012 0.4872E-024 0.4668E-022 0.2077E-025 0.0000E+000 0.0000E+000
0.1693E+002 0.1000E+001 0.0000E+000 0.0000E+000 0.2250E+001 0.0000E+000 0.1886E-037 0.2550E-004 0.3578E-014 0.1540E-042 0.4425E-011 0.4882E-009 0.3499E-024 0.1875E-017 0.1455E-005 0.6832E-020 0.5666E-017 0.3456E-020 0.2296E-008 0.2695E-020 0.3492E-019 0.4309E-026 0.1222E-020 0.4456E-020 0.2848E-012 0.2795E-024 0.4733E-022 0.2162E-025 0.0000E+000 0.0000E+000
0.1692E+002 0.1000E+001 0.0000E+000 0.0000E+000 0.2250E+001 0.0000E+000 0.1977E-037 0.2550E-004 0.1643E-014 0.7319E-042 0.4425E-011 0.4882E-009 0.2563E-024 0.1142E-017 0.1455E-005 0.3608E-020 0.5666E-017 0.1983E-020 0.2296E-008 0.1544E-020 0.3503E-019 0.1978E-026 0.1105E-020 0.4489E-020 0.2848E-012 0.1604E-024 0.4799E-022 0.2249E-025 0.0000E+000 0.0000E+000
0.1691E+002 0.1000E+001 0.0000E+000 0.0000E+000 0.2250E+001 0.0000E+000 -.2184E-037 0.2550E-004 0.7546E-015 -.1483E-042 0.4425E-011 0.4882E-009 0.1877E-024 0.6953E-018 0.1455E-005 0.1906E-020 0.5666E-017 0.1138E-020 0.2296E-008 0.8844E-021 0.3515E-019 0.9086E-027 0.1013E-020 0.4522E-020 0.2848E-012 0.9202E-025 0.4865E-022 0.2337E-025 0.0000E+000 0.0000E+000
0.1690E+002 0.1000E+001 0.0000E+000 0.0000E+000 0.2250E+001 0.0000E+000 0.1845E-037 0.2550E-004 0.3466E-015 0.3585E-042 0.4425E-011 0.4882E-009 0.1375E-024 0.4233E-018 0.1455E-005 0.1007E-020 0.5666E-017 0.6529E-021 0.2296E-008 0.5067E-021 0.3526E-019 0.4174E-027 0.9403E-021 0.4554E-020 0.2848E-012 0.5280E-025 0.4931E-022 0.2426E-025 0.0000E+000 0.0000E+000
0.1689E+002 0.1000E+001 0.0000E+000 0.0000E+000 0.2250E+001 0.0000E+000 -.2207E-037 0.2550E-004 0.1593E-015 -.3697E-042 0.4425E-011 0.4882E-009 0.1008E-024 0.2577E-018 0.1455E-005 0.5323E-021 0.5666E-017 0.3748E-021 0.2296E-008 0.2904E-021 0.3537E-019 0.1918E-027 0.8827E-021 0.4586E-020 0.2848E-012 0.3030E-025 0.4998E-022 0.2516E-025 0.0000E+000 0.0000E+000
0.1688E+002 0.1000E+001 0.0000E+000 0.0000E+000 0.2250E+001 0.0000E+000 -.1267E-037 0.2550E-004 0.7320E-016 -.2256E-042 0.4425E-011 0.4882E-009 0.7384E-025 0.1569E-018 0.1455E-005 0.2814E-021 0.5666E-017 0.2152E-021 0.2296E-008 0.1664E-021 0.3548E-019 0.8815E-028 0.8371E-021 0.4617E-020 0.2848E-012 0.1739E-025 0.5064E-022 0.2608E-025 0.0000E+000 0.0000E+000
0.1687E+002 0.1000E+001 0.0000E+000 0.0000E+000 0.2250E+001 0.0000E+000 0.1075E-037 0.2550E-004 0.3365E-016 0.1842E-042 0.4425E-011 0.4882E-009 0.5411E-025 0.9551E-019 0.1455E-005 0.1488E-021 0.5666E-017 0.1236E-021 0.2296E-008 0.9541E-022 0.3559E-019 0.4052E-028 0.8011E-021 0.4648E-020 0.2848E-012 0.9979E-026 0.5131E-022 0.2700E-025 0.0000E+000 0.0000E+000
0.1686E+002 0.1000E+001 0.0000E+000 0.0000E+000 0.2250E+001 0.0000E+000 0.9019E-039 0.2550E-004 0.1547E-016 0.7827E-044 0.4425E-011 0.4882E-009 0.3966E-025 0.5815E-019 0.1455E-005 0.7870E-022 0.5666E-017 0.7098E-022 0.2296E-008 0.5470E-022 0.3570E-019 0.1863E-028 0.7727E-021 0.4679E-020 0.2848E-012 0.5729E-026 0.5198E-022 0.2794E-025 0.0000E+000 0.0000E+000
0.1685E+002 0.1000E+001 0.0000E+000 0.0000E+000 0.2250E+001 0.0000E+000 0.6362E-039 0.2550E-004 0.7117E-017 -.8207E-044 0.4425E-011 0.4882E-009 0.2907E-025 0.3540E-019 0.1455E-005 0.4164E-022 0.5665E-017 0.4078E-022 0.2296E-008 0.3137E-022 0.3582E-019 0.8570E-029 0.7502E-021 0.4708E-020 0.2848E-012 0.3289E-026 0.5265E-022 0.2889E-025 0.0000E+000 0.0000E+000
0.1684E+002 0.1000E+001 0.0000E+000 0.0000E+000 0.2250E+001 0.0000E+000 0.2693E-038 0.2550E-004 0.3274E-017 0.3752E-043 0.4425E-011 0.4882E-009 0.2131E-025 0.2155E-019 0.1455E-005 0.2203E-022 0.5665E-017 0.2344E-022 0.2296E-008 0.1799E-022 0.3593E-019 0.3943E-029 0.7325E-021 0.4738E-020 0.2848E-012 0.1889E-026 0.5332E-022 0.2985E-025 0.0000E+000 0.0000E+000
0.1683E+002 0.1000E+001 0.0000E+000 0.0000E+000 0.2250E+001 0.0000E+000 -.7694E-039 0.2550E-004 0.1507E-017 -.1175E-043 0.4425E-011 0.4882E-009 0.1562E-025 0.1312E-019 0.1455E-005 0.1166E-022 0.5665E-017 0.1348E-022 0.2296E-008 0.1032E-022 0.3604E-019 0.1814E-029 0.7186E-021 0.4767E-020 0.2848E-012 0.1085E-026 0.5400E-022 0.3083E-025 0.0000E+000 0.0000E+000
0.1682E+002 0.1000E+001 0.0000E+000 0.0000E+000 0.2250E+001 0.0000E+000 -.3272E-040 0.2550E-004 0.6934E-018 -.4030E-044 0.4425E-011 0.4882E-009 0.1145E-025 0.7991E-020 0.1455E-005 0.6175E-023 0.5665E-017 0.7751E-023 0.2296E-008 0.5924E-023 0.3615E-019 0.8350E-030 0.7076E-021 0.4795E-020 0.2848E-012 0.6235E-027 0.5467E-022 0.3181E-025 0.0000E+000 0.0000E+000
0.1681E+002 0.1000E+001 0.0000E+000 0.0000E+000 0.2250E+001 0.0000E+000 -.3110E-039 0.2550E-004 0.3192E-018 -.5521E-044 0.4425E-011 0.4882E-009 0.8397E-026 0.4866E-020 0.1455E-005 0.3270E-023 0.5665E-017 0.4459E-023 0.2296E-008 0.3400E-023 0.3626E-019 0.3844E-030 0.6990E-021 0.4823E-020 0.2848E-012 0.3583E-027 0.5535E-022 0.3281E-025 0.0000E+000 0.0000E+000
0.1680E+002 0.1000E+001 0.0000E+000 0.0000E+000 0.2250E+001 0.0000E+000 0.1253E-039 0.2550E-004 0.1470E-018 0.3540E-045 0.4425E-011 0.4882E-009 0.6158E-026 0.2963E-020 0.1455E-005 0.1732E-023 0.5665E-017 0.2566E-023 0.2296E-008 0.1952E-023 0.3637E-019 0.1770E-030 0.6922E-021 0.4850E-020 0.2848E-012 0.2060E-027 0.5603E-022 0.3382E-025 0.0000E+000 0.0000E+000
0.1679E+002 0.1000E+001 0.0000E+000 0.0000E+000 0.2250E+001 0.0000E+000 -.3624E-039 0.2550E-004 0.6771E-019 -.7791E-044 0.4425E-011 0.4882E-009 0.4516E-026 0.1805E-020 0.1455E-005 0.9177E-024 0.5665E-017 0.1477E-023 0.2296E-008 0.1121E-023 0.3648E-019 0.8153E-031 0.6869E-021 0.4877E-020 0.2848E-012 0.1185E-027 0.5671E-022 0.3484E-025 0.0000E+000 0.0000E+000
0.1678E+002 0.1000E+001 0.0000E+000 0.0000E+000 0.2250E+001 0.0000E+000 -.6179E-040 0.2550E-004 0.3119E-019 -.5680E-045 0.4425E-011 0.4882E-009 0.3312E-026 0.1099E-020 0.1455E-005 0.4863E-024 0.5665E-017 0.8508E-024 0.2296E-008 0.6435E-024 0.3659E-019 0.3756E-031 0.6828E-021 0.4904E-020 0.2848E-012 0.6814E-028 0.5740E-022 0.3588E-025 0.0000E+000 0.0000E+000
0.1677E+002 0.1000E+001 0.0000E+000 0.0000E+000 0.2250E+001 0.0000E+000 0.7260E-040 0.2550E-004 0.1438E-019 0.1645E-044 0.4425E-011 0.4882E-009 0.2430E-026 0.6698E-021 0.1455E-005 0.2578E-024 0.5665E-017 0.4901E-024 0.2296E-008 0.3696E-024 0.3671E-019 0.1731E-031 0.6796E-021 0.4930E-020 0.2848E-012 0.3921E-028 0.5808E-022 0.3692E-025 0.0000E+000 0.0000E+000
0.1676E+002 0.1000E+001 0.0000E+000 0.0000E+000 0.2250E+001 0.0000E+000 -.1274E-039 0.2550E-004 0.6626E-020 -.2737E-044 0.4425E-011 0.4882E-009 0.1782E-026 0.4081E-021 0.1455E-005 0.1367E-024 0.5664E-017 0.2825E-024 0.2296E-008 0.2124E-024 0.3682E-019 0.7979E-032 0.6771E-021 0.4956E-020 0.2848E-012 0.2256E-028 0.5877E-022 0.3798E-025 0.0000E+000 0.0000E+000
0.1675E+002 0.1000E+001 0.0000E+000 0.0000E+000 0.2250E+001 0.0000E+000 0.4379E-040 0.2550E-004 0.3055E-020 0.7179E-045 0.4425E-011 0.4882E-009 0.1308E-026 0.2487E-021 0.1455E-005 0.7249E-025 0.5664E-017 0.1629E-024 0.2296E-008 0.1220E-024 0.3693E-019 0.3678E-032 0.6753E-021 0.4982E-020 0.2848E-012 0.1299E-028 0.5946E-022 0.3905E-025 0.0000E+000 0.0000E+000
0.1674E+002 0.1000E+001 0.0000E+000 0.0000E+000 0.2250E+001 0.0000E+000 -.1371E-040 0.2550E-004 0.1409E-020 0.8283E-046 0.4425E-011 0.4882E-009 0.9594E-027 0.1516E-021 0.1455E-005 0.3846E-025 0.5664E-017 0.9393E-025 0.2296E-008 0.7014E-025 0.3704E-019 0.1696E-032 0.6739E-021 0.5007E-020 0.2848E-012 0.7482E-029 0.6015E-022 0.4013E-025 0.0000E+000 0.0000E+000
0.1673E+002 0.1000E+001 0.0000E+000 0.0000E+000 0.2250E+001 0.0000E+000 0.2182E-040 0.2550E-004 0.6498E-021 0.1019E-045 0.4425E-011 0.4882E-009 0.7040E-027 0.9237E-022 0.1455E-005 0.2040E-025 0.5664E-017 0.5419E-025 0.2296E-008 0.4032E-025 0.3715E-019 0.7824E-033 0.6728E-021 0.5031E-020 0.2848E-012 0.4310E-029 0.6085E-022 0.4123E-025 0.0000E+000 0.0000E+000
0.1672E+002 0.1000E+001 0.0000E+000 0.0000E+000 0.2250E+001 0.0000E+000 0.4007E-040 0.2550E-004 0.2998E-021 0.7467E-045 0.4425E-011 0.4882E-009 0.5167E-027 0.5631E-022 0.1455E-005 0.1083E-025 0.5664E-017 0.3128E-025 0.2296E-008 0.2319E-025 0.3726E-019 0.3610E-033 0.6720E-021 0.5055E-020 0.2848E-012 0.2484E-029 0.6154E-022 0.4233E-025 0.0000E+000 0.0000E+000
0.1671E+002 0.1000E+001 0.0000E+000 0.0000E+000 0.2250E+001 0.0000E+000 -.3358E-040 0.2550E-004 0.1384E-021 -.5439E-045 0.4425E-011 0.4882E-009 0.3792E-027 0.3433E-022 0.1455E-005 0.5749E-026 0.5664E-017 0.1806E-025 0.2296E-008 0.1334E-025 0.3737E-019 0.1666E-033 0.6715E-021 0.5079E-020 0.2848E-012 0.1432E-029 0.6224E-022 0.4345E-025 0.0000E+000 0.0000E+000
0.1670E+002 0.1000E+001 0.0000E+000 0.0000E+000 0.2250E+001 0.0000E+000 -.1156E-040 0.2550E-004 0.6388E-022 -.1367E-045 0.4425E-011 0.4882E-009 0.2783E-027 0.2093E-022 0.1455E-005 0.3053E-026 0.5664E-017 0.1044E-025 0.2296E-008 0.7671E-026 0.3748E-019 0.7690E-034 0.6712E-021 0.5103E-020 0.2848E-012 0.8258E-030 0.6294E-022 0.4458E-025 0.0000E+000 0.0000E+000
0.1669E+002 0.1000E+001 0.0000E+000 0.0000E+000 0.2250E+001 0.0000E+000 0.5735E-040 0.2550E-004 0.2949E-022 0.7569E-045 0.4425E-011 0.4882E-009 0.2043E-027 0.1277E-022 0.1455E-005 0.1622E-026 0.5664E-017 0.6032E-026 0.2296E-008 0.4414E-026 0.3759E-019 0.3550E-034 0.6709E-021 0.5126E-020 0.2848E-012 0.4764E-030 0.6364E-022 0.4573E-025 0.0000E+000 0.0000E+000
0.1668E+002 0.1000E+001 0.0000E+000 0.0000E+000 0.2250E+001 0.0000E+000 -.2131E-040 0.2550E-004 0.1362E-022 -.7441E-046 0.4425E-011 0.4882E-009 0.1500E-027 0.7787E-023 0.1455E-005 0.8615E-027 0.5664E-017 0.3488E-026 0.2296E-008 0.2540E-026 0.3770E-019 0.1640E-034 0.6708E-021 0.5148E-020 0.2848E-012 0.2749E-030 0.6434E-022 0.4688E-025 0.0000E+000 0.0000E+000
0.1667E+002 0.1000E+001 0.0000E+000 0.0000E+000 0.2250E+001 0.0000E+000 -.2671E-040 0.2550E-004 0.6294E-023 -.2857E-045 0.4425E-011 0.4882E-009 0.1101E-027 0.4750E-023 0.1455E-005 0.4578E-027 0.5663E-017 0.2018E-026 0.2296E-008 0.1462E-026 0.3781E-019 0.7574E-035 0.6708E-021 0.5171E-020 0.2848E-012 0.1587E-030 0.6504E-022 0.4805E-025 0.0000E+000 0.0000E+000
0.1666E+002 0.1000E+001 0.0000E+000 0.0000E+000 0.2250E+001 0.0000E+000 -.3013E-040 0.2550E-004 0.2908E-023 -.8746E-045 0.4425E-011 0.4882E-009 0.8087E-028 0.2898E-023 0.1455E-005 0.2433E-027 0.5663E-017 0.1168E-026 0.2296E-008 0.8418E-027 0.3793E-019 0.3499E-035 0.6709E-021 0.5193E-020 0.2848E-012 0.9166E-031 0.6575E-022 0.4923E-025 0.0000E+000 0.0000E+000
0.1665E+002 0.1000E+001 0.0000E+000 0.0000E+000 0.2250E+001 0.0000E+000 -.1816E-040 0.2550E-004 0.1344E-023 -.7694E-045 0.4425E-011 0.4882E-009 0.5939E-028 0.1768E-023 0.1455E-005 0.1294E-027 0.5663E-017 0.6763E-027 0.2296E-008 0.4848E-027 0.3804E-019 0.1617E-035 0.6710E-021 0.5214E-020 0.2848E-012 0.5296E-031 0.6646E-022 0.5043E-025 0.0000E+000 0.0000E+000
0.1664E+002 0.1000E+001 0.0000E+000 0.0000E+000 0.2250E+001 0.0000E+000 0.1123E-041 0.2550E-004 0.6216E-024 -.4202E-045 0.4425E-011 0.4882E-009 0.4362E-028 0.1079E-023 0.1455E-005 0.6880E-028 0.5663E-017 0.3918E-027 0.2296E-008 0.2792E-027 0.3815E-019 0.7476E-036 0.6712E-021 0.5236E-020 0.2848E-012 0.3061E-031 0.6717E-022 0.5163E-025 0.0000E+000 0.0000E+000
0.1663E+002 0.1000E+001 0.0000E+000 0.0000E+000 0.2250E+001 0.0000E+000 0.1049E-040 0.2550E-004 0.2875E-024 0.7200E-046 0.4425E-011 0.4882E-009 0.3204E-028 0.6588E-024 0.1455E-005 0.3660E-028 0.5663E-017 0.2271E-027 0.2296E-008 0.1609E-027 0.3826E-019 0.3457E-036 0.6714E-021 0.5257E-020 0.2848E-012 0.1770E-031 0.6788E-022 0.5285E-025 0.0000E+000 0.0000E+000
0.1662E+002 0.1000E+001 0.0000E+000 0.0000E+000 0.2250E+001 0.0000E+000 0.9057E-041 0.2550E-004 0.1330E-024 0.3963E-045 0.4425E-011 0.4882E-009 0.2353E-028 0.4022E-024 0.1455E-005 0.1947E-028 0.5663E-017 0.1317E-027 0.2296E-008 0.9269E-028 0.3837E-019 0.1599E-036 0.6717E-021 0.5277E-020 0.2848E-012 0.1024E-031 0.6859E-022 0.5408E-025 0.0000E+000 0.0000E+000
0.1661E+002 0.1000E+001 0.0000E+000 0.0000E+000 0.2250E+001 0.0000E+000 0.3039E-042 0.2550E-004 0.6158E-025 0.2493E-046 0.4425E-011 0.4882E-009 0.1729E-028 0.2455E-024 0.1455E-005 0.1036E-028 0.5663E-017 0.7644E-028 0.2296E-008 0.5342E-028 0.3848E-019 0.7395E-037 0.6719E-021 0.5298E-020 0.2848E-012 0.5926E-032 0.6931E-022 0.5532E-025 0.0000E+000 0.0000E+000
0.1660E+002 0.1000E+001 0.0000E+000 0.0000E+000 0.2250E+001 0.0000E+000 0.1566E-040 0.2550E-004 0.2851E-025 0.9612E-047 0.4425E-011 0.4882E-009 0.1270E-028 0.1499E-024 0.1455E-005 0.5518E-029 0.5663E-017 0.4438E-028 0.2296E-008 0.3080E-028 0.3859E-019 0.3422E-037 0.6722E-021 0.5317E-020 0.2848E-012 0.3431E-032 0.7003E-022 0.5658E-025 0.0000E+000 0.0000E+000
0.1659E+002 0.1000E+001 0.0000E+000 0.0000E+000 0.2250E+001 0.0000E+000 -.2834E-040 0.2550E-004 0.1321E-025 -.4588E-045 0.4425E-011 0.4882E-009 0.9334E-029 0.9158E-025 0.1455E-005 0.2938E-029 0.5663E-017 0.2578E-028 0.2296E-008 0.1776E-028 0.3870E-019 0.1584E-037 0.6725E-021 0.5337E-020 0.2848E-012 0.1987E-032 0.7075E-022 0.5785E-025 0.0000E+000 0.0000E+000
0.1658E+002 0.1000E+001 0.0000E+000 0.0000E+000 0.2250E+001 0.0000E+000 0.3980E-040 0.2550E-004 0.6121E-026 0.6616E-045 0.4425E-011 0.4882E-009 0.6859E-029 0.5594E-025 0.1455E-005 0.1565E-029 0.5662E-017 0.1499E-028 0.2296E-008 0.1024E-028 0.3881E-019 0.7331E-038 0.6728E-021 0.5357E-020 0.2848E-012 0.1152E-032 0.7147E-022 0.5913E-025 0.0000E+000 0.0000E+000
0.1657E+002 0.1000E+001 0.0000E+000 0.0000E+000 0.2250E+001 0.0000E+000 0.1126E-040 0.2550E-004 0.2838E-026 0.9565E-046 0.4425E-011 0.4882E-009 0.5041E-029 0.3417E-025 0.1455E-005 0.8338E-030 0.5662E-017 0.8717E-029 0.2296E-008 0.5907E-029 0.3892E-019 0.3395E-038 0.6731E-021 0.5376E-020 0.2848E-012 0.6677E-033 0.7219E-022 0.6042E-025 0.0000E+000 0.0000E+000
0.1656E+002 0.1000E+001 0.0000E+000 0.0000E+000 0.2250E+001 0.0000E+000 0.1606E-040 0.2550E-004 0.1317E-026 0.8308E-046 0.4425E-011 0.4882E-009 0.3705E-029 0.2088E-025 0.1455E-005 0.4443E-030 0.5662E-017 0.5073E-029 0.2296E-008 0.3408E-029 0.3903E-019 0.1572E-038 0.6734E-021 0.5394E-020 0.2848E-012 0.3873E-033 0.7291E-022 0.6172E-025 0.0000E+000 0.0000E+000
0.1655E+002 0.1000E+001 0.0000E+000 0.0000E+000 0.2250E+001 0.0000E+000 -.8089E-041 0.2550E-004 0.6114E-027 -.1685E-045 0.4425E-011 0.4882E-009 0.2724E-029 0.1276E-025 0.1455E-005 0.2368E-030 0.5662E-017 0.2955E-029 0.2296E-008 0.1967E-029 0.3914E-019 0.7284E-039 0.6737E-021 0.5413E-020 0.2848E-012 0.2248E-033 0.7364E-022 0.6304E-025 0.0000E+000 0.0000E+000
0.1654E+002 0.1000E+001 0.0000E+000 0.0000E+000 0.2250E+001 0.0000E+000 -.1130E-040 0.2550E-004 0.2841E-027 0.4682E-046 0.4425E-011 0.4882E-009 0.2002E-029 0.7800E-026 0.1455E-005 0.1263E-030 0.5662E-017 0.1722E-029 0.2296E-008 0.1135E-029 0.3925E-019 0.3375E-039 0.6741E-021 0.5431E-020 0.2848E-012 0.1305E-033 0.7437E-022 0.6437E-025 0.0000E+000 0.0000E+000
0.1653E+002 0.1000E+001 0.0000E+000 0.0000E+000 0.2250E+001 0.0000E+000 -.1952E-040 0.2550E-004 0.1322E-027 -.2139E-045 0.4425E-011 0.4882E-009 0.1472E-029 0.4768E-026 0.1455E-005 0.6735E-031 0.5662E-017 0.1004E-029 0.2296E-008 0.6554E-030 0.3936E-019 0.1564E-039 0.6744E-021 0.5449E-020 0.2848E-012 0.7582E-034 0.7510E-022 0.6572E-025 0.0000E+000 0.0000E+000
0.1652E+002 0.1000E+001 0.0000E+000 0.0000E+000 0.2250E+001 0.0000E+000 -.1645E-040 0.2550E-004 0.6154E-028 -.2098E-045 0.4425E-011 0.4882E-009 0.1082E-029 0.2915E-026 0.1455E-005 0.3593E-031 0.5662E-017 0.5859E-030 0.2296E-008 0.3785E-030 0.3947E-019 0.7253E-040 0.6747E-021 0.5466E-020 0.2848E-012 0.4408E-034 0.7583E-022 0.6707E-025 0.0000E+000 0.0000E+000
0.1651E+002 0.1000E+001 0.0000E+000 0.0000E+000 0.2250E+001 0.0000E+000 0.2164E-040 0.2550E-004 0.2870E-028 0.1912E-045 0.4425E-011 0.4882E-009 0.7960E-030 0.1783E-026 0.1455E-005 0.1917E-031 0.5662E-017 0.3421E-030 0.2296E-008 0.2186E-030 0.3958E-019 0.3363E-040 0.6751E-021 0.5484E-020 0.2848E-012 0.2563E-034 0.7656E-022 0.6844E-025 0.0000E+000 0.0000E+000
0.1650E+002 0.1000E+001 0.0000E+000 0.0000E+000 0.2250E+001 0.0000E+000 -.3596E-041 0.2550E-004 0.1341E-028 0.1717E-045 0.4425E-011 0.4882E-009 0.5854E-030 0.1090E-026 0.1455E-005 0.1023E-031 0.5662E-017 0.1999E-030 0.2296E-008 0.1263E-030 0.3969E-019 0.1560E-040 0.6754E-021 0.5501E-020 0.2848E-012 0.1492E-034 0.7730E-022 0.6982E-025 0.0000E+000 0.0000E+000
0.1649E+002 0.1000E+001 0.0000E+000 0.0000E+000 0.2250E+001 0.0000E+000 0.4183E-040 0.2550E-004 0.6275E-029 0.6992E-045 0.4425E-011 0.4882E-009 0.4306E-030 0.6669E-027 0.1455E-005 0.5464E-032 0.5661E-017 0.1169E-030 0.2296E-008 0.7297E-031 0.3980E-019 0.7237E-041 0.6758E-021 0.5517E-020 0.2848E-012 0.8686E-035 0.7803E-022 0.7122E-025 0.0000E+000 0.0000E+000
0.1648E+002 0.1000E+001 0.0000E+000 0.0000E+000 0.2250E+001 0.0000E+000 -.4604E-040 0.2550E-004 0.2945E-029 -.8970E-045 0.4425E-011 0.4882E-009 0.3167E-030 0.4080E-027 0.1455E-005 0.2918E-032 0.5661E-017 0.6843E-031 0.2296E-008 0.4217E-031 0.3991E-019 0.3358E-041 0.6761E-021 0.5534E-020 0.2848E-012 0.5060E-035 0.7877E-022 0.7263E-025 0.0000E+000 0.0000E+000
0.1647E+002 0.1000E+001 0.0000E+000 0.0000E+000 0.2250E+001 0.0000E+000 0.3664E-040 0.2550E-004 0.1386E-029 0.7792E-045 0.4425E-011 0.4882E-009 0.2330E-030 0.2496E-027 0.1455E-005 0.1559E-032 0.5661E-017 0.4008E-031 0.2296E-008 0.2438E-031 0.4002E-019 0.1559E-041 0.6765E-021 0.5550E-020 0.2848E-012 0.2950E-035 0.7951E-022 0.7405E-025 0.0000E+000 0.0000E+000
0.1646E+002 0.1000E+001 0.0000E+000 0.0000E+000 0.2250E+001 0.0000E+000 0.1256E-041 0.2550E-004 0.6549E-030 0.8213E-046 0.4425E-011 0.4882E-009 0.1714E-030 0.1528E-027 0.1455E-005 0.8330E-033 0.5661E-017 0.2349E-031 0.2296E-008 0.1410E-031 0.4013E-019 0.7238E-042 0.6768E-021 0.5566E-020 0.2848E-012 0.1721E-035 0.8026E-022 0.7548E-025 0.0000E+000 0.0000E+000
0.1645E+002 0.1000E+001 0.0000E+000 0.0000E+000 0.2250E+001 0.0000E+000 0.4311E-043 0.2550E-004 0.3109E-030 0.4206E-047 0.4425E-011 0.4882E-009 0.1261E-030 0.9350E-028 0.1455E-005 0.4453E-033 0.5661E-017 0.1378E-031 0.2296E-008 0.8152E-032 0.4024E-019 0.3361E-042 0.6772E-021 0.5582E-020 0.2848E-012 0.1005E-035 0.8100E-022 0.7693E-025 0.0000E+000 0.0000E+000
0.1644E+002 0.1000E+001 0.0000E+000 0.0000E+000 0.2250E+001 0.0000E+000 0.2211E-040 0.2550E-004 0.1484E-030 0.7713E-046 0.4425E-011 0.4882E-009 0.9281E-031 0.5724E-028 0.1455E-005 0.2381E-033 0.5661E-017 0.8090E-032 0.2296E-008 0.4715E-032 0.4035E-019 0.1561E-042 0.6775E-021 0.5597E-020 0.2848E-012 0.5868E-036 0.8175E-022 0.7838E-025 0.0000E+000 0.0000E+000
0.1643E+002 0.1000E+001 0.0000E+000 0.0000E+000 0.2250E+001 0.0000E+000 0.3944E-041 0.2550E-004 0.7127E-031 0.5840E-046 0.4425E-011 0.4882E-009 0.6830E-031 0.3504E-028 0.1455E-005 0.1273E-033 0.5661E-017 0.4754E-032 0.2296E-008 0.2728E-032 0.4046E-019 0.7254E-043 0.6779E-021 0.5613E-020 0.2848E-012 0.3430E-036 0.8249E-022 0.7986E-025 0.0000E+000 0.0000E+000
0.1642E+002 0.1000E+001 0.0000E+000 0.0000E+000 0.2250E+001 0.0000E+000 -.1018E-040 0.2550E-004 0.3451E-031 -.4687E-045 0.4425E-011 0.4882E-009 0.5027E-031 0.2146E-028 0.1455E-005 0.6812E-034 0.5661E-017 0.2796E-032 0.2296E-008 0.1579E-032 0.4057E-019 0.3371E-043 0.6782E-021 0.5628E-020 0.2848E-012 0.2006E-036 0.8324E-022 0.8134E-025 0.0000E+000 0.0000E+000
0.1641E+002 0.1000E+001 0.0000E+000 0.0000E+000 0.2250E+001 0.0000E+000 0.8528E-041 0.2550E-004 0.1686E-031 0.9746E-046 0.4425E-011 0.4882E-009 0.3700E-031 0.1314E-028 0.1455E-005 0.3645E-034 0.5661E-017 0.1645E-032 0.2296E-008 0.9138E-033 0.4068E-019 0.1567E-043 0.6786E-021 0.5642E-020 0.2848E-012 0.1174E-036 0.8400E-022 0.8284E-025 0.0000E+000 0.0000E+000
0.1640E+002 0.1000E+001 0.0000E+000 0.0000E+000 0.2250E+001 0.0000E+000 -.1421E-040 0.2550E-004 0.8326E-032 -.3463E-045 0.4425E-011 0.4882E-009 0.2724E-031 0.8050E-029 0.1455E-005 0.1951E-034 0.5660E-017 0.9693E-033 0.2296E-008 0.5290E-033 0.4079E-019 0.7286E-044 0.6789E-021 0.5657E-020 0.2848E-012 0.6877E-037 0.8475E-022 0.8435E-025 0.0000E+000 0.0000E+000
0.1639E+002 0.1000E+001 0.0000E+000 0.0000E+000 0.2250E+001 0.0000E+000 0.3817E-040 0.2550E-004 0.4161E-032 0.6114E-045 0.4425E-011 0.4882E-009 0.2005E-031 0.4932E-029 0.1455E-005 0.1045E-034 0.5660E-017 0.5715E-033 0.2296E-008 0.3063E-033 0.4090E-019 0.3388E-044 0.6793E-021 0.5671E-020 0.2848E-012 0.4031E-037 0.8550E-022 0.8587E-025 0.0000E+000 0.0000E+000
0.1638E+002 0.1000E+001 0.0000E+000 0.0000E+000 0.2250E+001 0.0000E+000 -.1364E-040 0.2550E-004 0.2107E-032 -.1813E-045 0.4425E-011 0.4882E-009 0.1477E-031 0.3022E-029 0.1455E-005 0.5597E-035 0.5660E-017 0.3373E-033 0.2296E-008 0.1774E-033 0.4101E-019 0.1576E-044 0.6796E-021 0.5685E-020 0.2848E-012 0.2365E-037 0.8626E-022 0.8741E-025 0.0000E+000 0.0000E+000
0.1637E+002 0.1000E+001 0.0000E+000 0.0000E+000 0.2250E+001 0.0000E+000 0.2892E-040 0.2550E-004 0.1082E-032 0.5460E-045 0.4425E-011 0.4882E-009 0.1087E-031 0.1852E-029 0.1455E-005 0.2999E-035 0.5660E-017 0.1992E-033 0.2296E-008 0.1028E-033 0.4112E-019 0.7334E-045 0.6800E-021 0.5699E-020 0.2848E-012 0.1388E-037 0.8702E-022 0.8896E-025 0.0000E+000 0.0000E+000
0.1636E+002 0.1000E+001 0.0000E+000 0.0000E+000 0.2250E+001 0.0000E+000 -.1258E-040 0.2550E-004 0.5644E-033 -.3942E-045 0.4425E-011 0.4882E-009 0.8007E-032 0.1135E-029 0.1455E-005 0.1607E-035 0.5660E-017 0.1178E-033 0.2296E-008 0.5955E-034 0.4123E-019 0.3413E-045 0.6803E-021 0.5713E-020 0.2848E-012 0.8157E-038 0.8778E-022 0.9052E-025 0.0000E+000 0.0000E+000
0.1635E+002 0.1000E+001 0.0000E+000 0.0000E+000 0.2250E+001 0.0000E+000 0.6502E-041 0.2550E-004 0.2989E-033 0.2135E-046 0.4425E-011 0.4882E-009 0.5897E-032 0.6958E-030 0.1455E-005 0.8617E-036 0.5660E-017 0.6970E-034 0.2296E-008 0.3451E-034 0.4134E-019 0.1589E-045 0.6807E-021 0.5726E-020 0.2848E-012 0.4796E-038 0.8854E-022 0.9210E-025 0.0000E+000 0.0000E+000
0.1634E+002 0.1000E+001 0.0000E+000 0.0000E+000 0.2250E+001 0.0000E+000 0.1807E-042 0.2550E-004 0.1607E-033 0.1191E-046 0.4425E-011 0.4882E-009 0.4344E-032 0.4265E-030 0.1455E-005 0.4620E-036 0.5660E-017 0.4128E-034 0.2296E-008 0.2000E-034 0.4145E-019 0.7393E-046 0.6810E-021 0.5739E-020 0.2848E-012 0.2822E-038 0.8930E-022 0.9369E-025 0.0000E+000 0.0000E+000
0.1633E+002 0.1000E+001 0.0000E+000 0.0000E+000 0.2250E+001 0.0000E+000 -.1597E-039 0.2550E-004 0.8768E-034 -.5334E-044 0.4425E-011 0.4882E-009 0.3200E-032 0.2615E-030 0.1455E-005 0.2478E-036 0.5660E-017 0.2447E-034 0.2296E-008 0.1159E-034 0.4156E-019 0.3441E-046 0.6814E-021 0.5752E-020 0.2848E-012 0.1662E-038 0.9007E-022 0.9529E-025 0.0000E+000 0.0000E+000
0.1632E+002 0.1000E+001 0.0000E+000 0.0000E+000 0.2250E+001 0.0000E+000 0.3872E-039 0.2550E-004 0.4851E-034 0.5681E-044 0.4425E-011 0.4882E-009 0.2357E-032 0.1604E-030 0.1455E-005 0.1329E-036 0.5660E-017 0.1452E-034 0.2296E-008 0.6722E-035 0.4167E-019 0.1602E-046 0.6818E-021 0.5765E-020 0.2848E-012 0.9794E-039 0.9084E-022 0.9691E-025 0.0000E+000 0.0000E+000
0.1631E+002 0.1000E+001 0.0000E+000 0.0000E+000 0.2250E+001 0.0000E+000 -.6294E-039 0.2550E-004 0.2720E-034 -.6660E-044 0.4425E-011 0.4882E-009 0.1737E-032 0.9835E-031 0.1455E-005 0.7134E-037 0.5659E-017 0.8622E-035 0.2296E-008 0.3898E-035 0.4178E-019 0.7457E-047 0.6821E-021 0.5778E-020 0.2848E-012 0.5777E-039 0.9161E-022 0.9854E-025 0.0000E+000 0.0000E+000
0.1630E+002 0.1000E+001 0.0000E+000 0.0000E+000 0.2250E+001 0.0000E+000 0.8793E-039 0.2550E-004 0.1542E-034 0.2471E-043 0.4425E-011 0.4882E-009 0.1280E-032 0.6033E-031 0.1455E-005 0.3830E-037 0.5659E-017 0.5125E-035 0.2296E-008 0.2261E-035 0.4188E-019 0.3473E-047 0.6825E-021 0.5790E-020 0.2848E-012 0.3411E-039 0.9238E-022 0.1002E-024 0.0000E+000 0.0000E+000
0.1629E+002 0.1000E+001 0.0000E+000 0.0000E+000 0.2250E+001 0.0000E+000 0.6125E-039 0.2550E-004 0.8836E-035 0.1980E-043 0.4425E-011 0.4882E-009 0.9431E-033 0.3701E-031 0.1455E-005 0.2057E-037 0.5659E-017 0.3050E-035 0.2296E-008 0.1312E-035 0.4199E-019 0.1618E-047 0.6828E-021 0.5802E-020 0.2848E-012 0.2015E-039 0.9315E-022 0.1018E-024 0.0000E+000 0.0000E+000
0.1628E+002 0.1000E+001 0.0000E+000 0.0000E+000 0.2250E+001 0.0000E+000 0.7086E-039 0.2550E-004 0.5108E-035 0.1110E-043 0.4425E-011 0.4882E-009 0.6950E-033 0.2271E-031 0.1455E-005 0.1105E-037 0.5659E-017 0.1817E-035 0.2296E-008 0.7613E-036 0.4210E-019 0.7538E-048 0.6832E-021 0.5814E-020 0.2848E-012 0.1192E-039 0.9392E-022 0.1035E-024 0.0000E+000 0.0000E+000
0.1627E+002 0.1000E+001 0.0000E+000 0.0000E+000 0.2250E+001 0.0000E+000 0.3908E-039 0.2550E-004 0.2975E-035 0.2920E-044 0.4425E-011 0.4882E-009 0.5123E-033 0.1394E-031 0.1455E-005 0.5942E-038 0.5659E-017 0.1083E-035 0.2296E-008 0.4419E-036 0.4221E-019 0.3513E-048 0.6835E-021 0.5826E-020 0.2848E-012 0.7056E-040 0.9470E-022 0.1052E-024 0.0000E+000 0.0000E+000
0.1626E+002 0.1000E+001 0.0000E+000 0.0000E+000 0.2250E+001 0.0000E+000 0.1099E-040 0.2550E-004 0.1744E-035 0.7523E-045 0.4425E-011 0.4882E-009 0.3776E-033 0.8554E-032 0.1455E-005 0.3195E-038 0.5659E-017 0.6463E-036 0.2296E-008 0.2565E-036 0.4232E-019 0.1638E-048 0.6839E-021 0.5837E-020 0.2848E-012 0.4181E-040 0.9548E-022 0.1069E-024 0.0000E+000 0.0000E+000
0.1625E+002 0.1000E+001 0.0000E+000 0.0000E+000 0.2250E+001 0.0000E+000 -.9177E-039 0.2550E-004 0.1028E-035 -.2262E-043 0.4425E-011 0.4882E-009 0.2784E-033 0.5251E-032 0.1455E-005 0.1719E-038 0.5659E-017 0.3861E-036 0.2296E-008 0.1490E-036 0.4243E-019 0.7637E-049 0.6843E-021 0.5849E-020 0.2848E-012 0.2479E-040 0.9626E-022 0.1086E-024 0.0000E+000 0.0000E+000
0.1624E+002 0.1000E+001 0.0000E+000 0.0000E+000 0.2250E+001 0.0000E+000 0.7696E-039 0.2550E-004 0.6088E-036 0.1222E-043 0.4425E-011 0.4882E-009 0.2052E-033 0.3224E-032 0.1455E-005 0.9249E-039 0.5659E-017 0.2308E-036 0.2296E-008 0.8651E-037 0.4254E-019 0.3562E-049 0.6846E-021 0.5860E-020 0.2848E-012 0.1472E-040 0.9704E-022 0.1103E-024 0.0000E+000 0.0000E+000
0.1623E+002 0.1000E+001 0.0000E+000 0.0000E+000 0.2250E+001 0.0000E+000 0.5463E-039 0.2550E-004 0.3619E-036 0.9867E-044 0.4425E-011 0.4882E-009 0.1513E-033 0.1980E-032 0.1455E-005 0.4980E-039 0.5659E-017 0.1381E-036 0.2296E-008 0.5026E-037 0.4265E-019 0.1662E-049 0.6850E-021 0.5871E-020 0.2848E-012 0.8745E-041 0.9782E-022 0.1120E-024 0.0000E+000 0.0000E+000
0.1622E+002 0.1000E+001 0.0000E+000 0.0000E+000 0.2250E+001 0.0000E+000 0.7156E-039 0.2550E-004 0.2158E-036 0.1358E-043 0.4425E-011 0.4882E-009 0.1116E-033 0.1216E-032 0.1455E-005 0.2682E-039 0.5658E-017 0.8276E-037 0.2296E-008 0.2920E-037 0.4276E-019 0.7755E-050 0.6853E-021 0.5882E-020 0.2848E-012 0.5201E-041 0.9861E-022 0.1138E-024 0.0000E+000 0.0000E+000
0.1621E+002 0.1000E+001 0.0000E+000 0.0000E+000 0.2250E+001 0.0000E+000 0.3930E-039 0.2550E-004 0.1291E-036 0.1293E-043 0.4425E-011 0.4882E-009 0.8230E-034 0.7469E-033 0.1455E-005 0.1445E-039 0.5658E-017 0.4962E-037 0.2296E-008 0.1697E-037 0.4287E-019 0.3620E-050 0.6857E-021 0.5893E-020 0.2848E-012 0.3096E-041 0.9939E-022 0.1156E-024 0.0000E+000 0.0000E+000
0.1620E+002 0.1000E+001 0.0000E+000 0.0000E+000 0.2250E+001 0.0000E+000 0.1115E-040 0.2550E-004 0.7736E-037 0.9481E-045 0.4425E-011 0.4882E-009 0.6071E-034 0.4589E-033 0.1455E-005 0.7793E-040 0.5658E-017 0.2978E-037 0.2296E-008 0.9865E-038 0.4298E-019 0.1690E-050 0.6861E-021 0.5903E-020 0.2848E-012 0.1845E-041 0.1002E-021 0.1173E-024 0.0000E+000 0.0000E+000
0.1619E+002 0.1000E+001 0.0000E+000 0.0000E+000 0.2250E+001 0.0000E+000 -.9435E-039 0.2550E-004 0.4647E-037 -.2577E-043 0.4425E-011 0.4882E-009 0.4478E-034 0.2820E-033 0.1455E-005 0.4204E-040 0.5658E-017 0.1789E-037 0.2296E-008 0.5736E-038 0.4308E-019 0.7891E-051 0.6864E-021 0.5914E-020 0.2848E-012 0.1100E-041 0.1010E-021 0.1191E-024 0.0000E+000 0.0000E+000
0.1618E+002 0.1000E+001 0.0000E+000 0.0000E+000 0.2250E+001 0.0000E+000 -.2612E-039 0.2550E-004 0.2796E-037 -.7415E-044 0.4425E-011 0.4882E-009 0.3303E-034 0.1733E-033 0.1455E-005 0.2269E-040 0.5658E-017 0.1076E-037 0.2296E-008 0.3335E-038 0.4319E-019 0.3686E-051 0.6868E-021 0.5924E-020 0.2848E-012 0.6569E-042 0.1018E-021 0.1209E-024 0.0000E+000 0.0000E+000
0.1617E+002 0.1000E+001 0.0000E+000 0.0000E+000 0.2250E+001 0.0000E+000 -.7443E-041 0.2550E-004 0.1685E-037 -.6104E-045 0.4425E-011 0.4882E-009 0.2437E-034 0.1065E-033 0.1455E-005 0.1225E-040 0.5658E-017 0.6475E-038 0.2296E-008 0.1940E-038 0.4330E-019 0.1722E-051 0.6871E-021 0.5934E-020 0.2848E-012 0.3926E-042 0.1026E-021 0.1227E-024 0.0000E+000 0.0000E+000
0.1616E+002 0.1000E+001 0.0000E+000 0.0000E+000 0.2250E+001 0.0000E+000 0.9468E-039 0.2550E-004 0.1017E-037 0.1438E-043 0.4425E-011 0.4882E-009 0.1798E-034 0.6548E-034 0.1455E-005 0.6618E-041 0.5658E-017 0.3900E-038 0.2296E-008 0.1129E-038 0.4341E-019 0.8048E-052 0.6875E-021 0.5944E-020 0.2848E-012 0.2348E-042 0.1034E-021 0.1246E-024 0.0000E+000 0.0000E+000
0.1615E+002 0.1000E+001 0.0000E+000 0.0000E+000 0.2250E+001 0.0000E+000 -.5570E-039 0.2550E-004 0.6144E-038 -.2189E-044 0.4425E-011 0.4882E-009 0.1327E-034 0.4026E-034 0.1455E-005 0.3578E-041 0.5658E-017 0.2351E-038 0.2296E-008 0.6568E-039 0.4352E-019 0.3762E-052 0.6879E-021 0.5954E-020 0.2848E-012 0.1406E-042 0.1041E-021 0.1264E-024 0.0000E+000 0.0000E+000
0.1614E+002 0.1000E+001 0.0000E+000 0.0000E+000 0.2250E+001 0.0000E+000 -.1004E-038 0.2550E-004 0.3717E-038 -.2164E-043 0.4425E-011 0.4882E-009 0.9793E-035 0.2476E-034 0.1455E-005 0.1935E-041 0.5658E-017 0.1419E-038 0.2296E-008 0.3823E-039 0.4363E-019 0.1759E-052 0.6882E-021 0.5963E-020 0.2848E-012 0.8425E-043 0.1049E-021 0.1283E-024 0.0000E+000 0.0000E+000
0.1613E+002 0.1000E+001 0.0000E+000 0.0000E+000 0.2250E+001 0.0000E+000 -.4944E-039 0.2550E-004 0.2251E-038 -.1512E-043 0.4425E-011 0.4882E-009 0.7228E-035 0.1523E-034 0.1455E-005 0.1047E-041 0.5658E-017 0.8570E-039 0.2296E-008 0.2226E-039 0.4374E-019 0.8226E-053 0.6886E-021 0.5973E-020 0.2848E-012 0.5053E-043 0.1057E-021 0.1301E-024 0.0000E+000 0.0000E+000
0.1612E+002 0.1000E+001 0.0000E+000 0.0000E+000 0.2250E+001 0.0000E+000 -.7379E-039 0.2550E-004 0.1364E-038 -.1973E-043 0.4425E-011 0.4882E-009 0.5335E-035 0.9366E-035 0.1455E-005 0.5671E-042 0.5657E-017 0.5180E-039 0.2296E-008 0.1296E-039 0.4385E-019 0.3848E-053 0.6890E-021 0.5982E-020 0.2848E-012 0.3034E-043 0.1066E-021 0.1320E-024 0.0000E+000 0.0000E+000
0.1611E+002 0.1000E+001 0.0000E+000 0.0000E+000 0.2250E+001 0.0000E+000 -.2276E-040 0.2550E-004 0.8275E-039 -.4803E-044 0.4425E-011 0.4882E-009 0.3939E-035 0.5762E-035 0.1455E-005 0.3073E-042 0.5657E-017 0.3134E-039 0.2296E-008 0.7548E-040 0.4395E-019 0.1800E-053 0.6893E-021 0.5991E-020 0.2848E-012 0.1823E-043 0.1074E-021 0.1339E-024 0.0000E+000 0.0000E+000
0.1610E+002 0.1000E+001 0.0000E+000 0.0000E+000 0.2250E+001 0.0000E+000 -.8201E-039 0.2550E-004 0.5025E-039 -.6692E-044 0.4425E-011 0.4882E-009 0.2908E-035 0.3546E-035 0.1455E-005 0.1667E-042 0.5657E-017 0.1897E-039 0.2296E-008 0.4397E-040 0.4406E-019 0.8426E-054 0.6897E-021 0.6000E-020 0.2848E-012 0.1097E-043 0.1082E-021 0.1358E-024 0.0000E+000 0.0000E+000
0.1609E+002 0.1000E+001 0.0000E+000 0.0000E+000 0.2250E+001 0.0000E+000 0.6616E-039 0.2550E-004 0.3053E-039 0.5278E-044 0.4425E-011 0.4882E-009 0.2147E-035 0.2182E-035 0.1455E-005 0.9043E-043 0.5657E-017 0.1150E-039 0.2296E-008 0.2562E-040 0.4417E-019 0.3945E-054 0.6901E-021 0.6009E-020 0.2848E-012 0.6603E-044 0.1090E-021 0.1378E-024 0.0000E+000 0.0000E+000
0.1608E+002 0.1000E+001 0.0000E+000 0.0000E+000 0.2250E+001 0.0000E+000 0.2004E-039 0.2550E-004 0.1857E-039 0.4046E-044 0.4425E-011 0.4882E-009 0.1585E-035 0.1343E-035 0.1455E-005 0.4911E-043 0.5657E-017 0.6971E-040 0.2296E-008 0.1493E-040 0.4428E-019 0.1847E-054 0.6904E-021 0.6017E-020 0.2848E-012 0.3979E-044 0.1098E-021 0.1397E-024 0.0000E+000 0.0000E+000
0.1607E+002 0.1000E+001 0.0000E+000 0.0000E+000 0.2250E+001 0.0000E+000 0.9104E-039 0.2550E-004 0.1130E-039 0.1543E-043 0.4425E-011 0.4882E-009 0.1171E-035 0.8268E-036 0.1455E-005 0.2669E-043 0.5657E-017 0.4230E-040 0.2296E-008 0.8703E-041 0.4439E-019 0.8651E-055 0.6908E-021 0.6026E-020 0.2848E-012 0.2400E-044 0.1106E-021 0.1416E-024 0.0000E+000 0.0000E+000
0.1606E+002 0.1000E+001 0.0000E+000 0.0000E+000 0.2250E+001 0.0000E+000 0.9339E-039 0.2550E-004 0.6882E-040 0.1601E-043 0.4425E-011 0.4882E-009 0.8648E-036 0.5091E-036 0.1455E-005 0.1451E-043 0.5657E-017 0.2569E-040 0.2296E-008 0.5074E-041 0.4450E-019 0.4053E-055 0.6911E-021 0.6034E-020 0.2848E-012 0.1449E-044 0.1114E-021 0.1436E-024 0.0000E+000 0.0000E+000
0.1605E+002 0.1000E+001 0.0000E+000 0.0000E+000 0.2250E+001 0.0000E+000 0.2709E-040 0.2550E-004 0.4194E-040 0.2013E-044 0.4425E-011 0.4882E-009 0.6388E-036 0.3135E-036 0.1455E-005 0.7901E-044 0.5657E-017 0.1561E-040 0.2296E-008 0.2959E-041 0.4460E-019 0.1899E-055 0.6915E-021 0.6043E-020 0.2848E-012 0.8753E-045 0.1122E-021 0.1456E-024 0.0000E+000 0.0000E+000
0.1604E+002 0.1000E+001 0.0000E+000 0.0000E+000 0.2250E+001 0.0000E+000 0.4298E-039 0.2550E-004 0.2557E-040 0.7161E-044 0.4425E-011 0.4882E-009 0.4719E-036 0.1931E-036 0.1455E-005 0.4304E-044 0.5657E-017 0.9496E-041 0.2296E-008 0.1726E-041 0.4471E-019 0.8901E-056 0.6919E-021 0.6051E-020 0.2848E-012 0.5293E-045 0.1130E-021 0.1476E-024 0.0000E+000 0.0000E+000
0.1603E+002 0.1000E+001 0.0000E+000 0.0000E+000 0.2250E+001 0.0000E+000 0.1250E-040 0.2550E-004 0.1560E-040 0.9247E-045 0.4425E-011 0.4882E-009 0.3486E-036 0.1189E-036 0.1455E-005 0.2347E-044 0.5656E-017 0.5779E-041 0.2296E-008 0.1007E-041 0.4482E-019 0.4173E-056 0.6922E-021 0.6059E-020 0.2848E-012 0.3203E-045 0.1138E-021 0.1496E-024 0.0000E+000 0.0000E+000
0.1602E+002 0.1000E+001 0.0000E+000 0.0000E+000 0.2250E+001 0.0000E+000 -.2640E-039 0.2550E-004 0.9527E-041 -.3659E-044 0.4425E-011 0.4882E-009 0.2576E-036 0.7328E-037 0.1455E-005 0.1281E-044 0.5656E-017 0.3520E-041 0.2296E-008 0.5876E-042 0.4493E-019 0.1957E-056 0.6926E-021 0.6067E-020 0.2848E-012 0.1940E-045 0.1147E-021 0.1516E-024 0.0000E+000 0.0000E+000
0.1601E+002 0.1000E+001 0.0000E+000 0.0000E+000 0.2250E+001 0.0000E+000 -.7704E-041 0.2550E-004 0.5820E-041 -.5550E-045 0.4425E-011 0.4882E-009 0.1903E-036 0.4515E-037 0.1455E-005 0.6996E-045 0.5656E-017 0.2145E-041 0.2296E-008 0.3430E-042 0.4504E-019 0.9178E-057 0.6930E-021 0.6075E-020 0.2848E-012 0.1176E-045 0.1155E-021 0.1536E-024 0.0000E+000 0.0000E+000
0.1600E+002 0.1000E+001 0.0000E+000 0.0000E+000 0.2250E+001 0.0000E+000 0.4568E-039 0.2550E-004 0.3558E-041 0.7540E-044 0.4425E-011 0.4882E-009 0.1407E-036 0.2783E-037 0.1455E-005 0.3825E-045 0.5656E-017 0.1308E-041 0.2296E-008 0.2002E-042 0.4515E-019 0.4306E-057 0.6934E-021 0.6082E-020 0.2848E-012 0.7135E-046 0.1163E-021 0.1557E-024 0.0000E+000 0.0000E+000
0.1599E+002 0.1000E+001 0.0000E+000 0.0000E+000 0.2250E+001 0.0000E+000 0.6613E-039 0.2550E-004 0.2176E-041 0.1052E-043 0.4425E-011 0.4882E-009 0.1040E-036 0.1715E-037 0.1455E-005 0.2094E-045 0.5656E-017 0.7981E-042 0.2296E-008 0.1169E-042 0.4525E-019 0.2021E-057 0.6937E-021 0.6090E-020 0.2848E-012 0.4332E-046 0.1171E-021 0.1578E-024 0.0000E+000 0.0000E+000
0.1598E+002 0.1000E+001 0.0000E+000 0.0000E+000 0.2250E+001 0.0000E+000 0.1938E-040 0.2550E-004 0.1331E-041 0.1421E-044 0.4425E-011 0.4882E-009 0.7685E-037 0.1057E-037 0.1455E-005 0.1147E-045 0.5656E-017 0.4873E-042 0.2296E-008 0.6829E-043 0.4536E-019 0.9485E-058 0.6941E-021 0.6097E-020 0.2848E-012 0.2632E-046 0.1180E-021 0.1598E-024 0.0000E+000 0.0000E+000
0.1597E+002 0.1000E+001 0.0000E+000 0.0000E+000 0.2250E+001 0.0000E+000 -.2183E-039 0.2550E-004 0.8151E-042 -.2335E-045 0.4425E-011 0.4882E-009 0.5681E-037 0.6520E-038 0.1455E-005 0.6293E-046 0.5656E-017 0.2977E-042 0.2296E-008 0.3989E-043 0.4547E-019 0.4453E-058 0.6945E-021 0.6104E-020 0.2848E-012 0.1601E-046 0.1188E-021 0.1619E-024 0.0000E+000 0.0000E+000
0.1596E+002 0.1000E+001 0.0000E+000 0.0000E+000 0.2250E+001 0.0000E+000 0.2033E-039 0.2550E-004 0.4993E-042 0.3111E-044 0.4425E-011 0.4882E-009 0.4200E-037 0.4021E-038 0.1455E-005 0.3455E-046 0.5656E-017 0.1820E-042 0.2296E-008 0.2331E-043 0.4558E-019 0.2091E-058 0.6948E-021 0.6112E-020 0.2848E-012 0.9740E-047 0.1196E-021 0.1640E-024 0.0000E+000 0.0000E+000
0.1595E+002 0.1000E+001 0.0000E+000 0.0000E+000 0.2250E+001 0.0000E+000 0.1062E-038 0.2550E-004 0.3060E-042 0.2024E-043 0.4425E-011 0.4882E-009 0.3105E-037 0.2480E-038 0.1455E-005 0.1900E-046 0.5656E-017 0.1113E-042 0.2296E-008 0.1362E-043 0.4569E-019 0.9824E-059 0.6952E-021 0.6119E-020 0.2848E-012 0.5931E-047 0.1204E-021 0.1661E-024 0.0000E+000 0.0000E+000
0.1594E+002 0.1000E+001 0.0000E+000 0.0000E+000 0.2250E+001 0.0000E+000 -.1042E-039 0.2550E-004 0.1876E-042 -.5418E-045 0.4425E-011 0.4882E-009 0.2296E-037 0.1530E-038 0.1455E-005 0.1046E-046 0.5655E-017 0.6811E-043 0.2296E-008 0.7963E-044 0.4579E-019 0.4616E-059 0.6956E-021 0.6126E-020 0.2848E-012 0.3614E-047 0.1213E-021 0.1683E-024 0.0000E+000 0.0000E+000
0.1593E+002 0.1000E+001 0.0000E+000 0.0000E+000 0.2250E+001 0.0000E+000 0.5812E-040 0.2550E-004 0.1151E-042 0.5504E-044 0.4425E-011 0.4882E-009 0.1698E-037 0.9439E-039 0.1455E-005 0.5761E-047 0.5655E-017 0.4170E-043 0.2296E-008 0.4656E-044 0.4590E-019 0.2169E-059 0.6959E-021 0.6132E-020 0.2848E-012 0.2204E-047 0.1221E-021 0.1704E-024 0.0000E+000 0.0000E+000
0.1592E+002 0.1000E+001 0.0000E+000 0.0000E+000 0.2250E+001 0.0000E+000 0.2916E-039 0.2550E-004 0.7061E-043 0.6780E-044 0.4425E-011 0.4882E-009 0.1256E-037 0.5824E-039 0.1455E-005 0.3179E-047 0.5655E-017 0.2555E-043 0.2296E-008 0.2723E-044 0.4601E-019 0.1020E-059 0.6963E-021 0.6139E-020 0.2848E-012 0.1345E-047 0.1230E-021 0.1726E-024 0.0000E+000 0.0000E+000
0.1591E+002 0.1000E+001 0.0000E+000 0.0000E+000 0.2250E+001 0.0000E+000 0.8056E-039 0.2550E-004 0.4335E-043 0.1881E-043 0.4425E-011 0.4882E-009 0.9290E-038 0.3595E-039 0.1455E-005 0.1756E-047 0.5655E-017 0.1566E-043 0.2296E-008 0.1593E-044 0.4612E-019 0.4795E-060 0.6967E-021 0.6146E-020 0.2848E-012 0.8210E-048 0.1238E-021 0.1748E-024 0.0000E+000 0.0000E+000
0.1590E+002 0.1000E+001 0.0000E+000 0.0000E+000 0.2250E+001 0.0000E+000 -.1509E-039 0.2550E-004 0.2662E-043 0.3447E-044 0.4425E-011 0.4882E-009 0.6872E-038 0.2219E-039 0.1455E-005 0.9715E-048 0.5655E-017 0.9601E-044 0.2296E-008 0.9318E-045 0.4622E-019 0.2255E-060 0.6971E-021 0.6152E-020 0.2848E-012 0.5016E-048 0.1246E-021 0.1769E-024 0.0000E+000 0.0000E+000
0.1589E+002 0.1000E+001 0.0000E+000 0.0000E+000 0.2250E+001 0.0000E+000 -.5251E-039 0.2550E-004 0.1636E-043 -.1180E-043 0.4425E-011 0.4882E-009 0.5084E-038 0.1370E-039 0.1455E-005 0.5382E-048 0.5655E-017 0.5890E-044 0.2296E-008 0.5452E-045 0.4633E-019 0.1061E-060 0.6974E-021 0.6159E-020 0.2848E-012 0.3066E-048 0.1255E-021 0.1792E-024 0.0000E+000 0.0000E+000
0.1588E+002 0.1000E+001 0.0000E+000 0.0000E+000 0.2250E+001 0.0000E+000 0.5125E-039 0.2550E-004 0.1005E-043 0.6849E-044 0.4425E-011 0.4882E-009 0.3762E-038 0.8458E-040 0.1455E-005 0.2985E-048 0.5655E-017 0.3615E-044 0.2296E-008 0.3191E-045 0.4644E-019 0.4992E-061 0.6978E-021 0.6165E-020 0.2848E-012 0.1876E-048 0.1263E-021 0.1814E-024 0.0000E+000 0.0000E+000
0.1587E+002 0.1000E+001 0.0000E+000 0.0000E+000 0.2250E+001 0.0000E+000 0.2896E-039 0.2550E-004 0.6183E-044 0.2318E-044 0.4425E-011 0.4882E-009 0.2784E-038 0.5223E-040 0.1455E-005 0.1658E-048 0.5655E-017 0.2220E-044 0.2296E-008 0.1868E-045 0.4655E-019 0.2350E-061 0.6982E-021 0.6171E-020 0.2848E-012 0.1148E-048 0.1272E-021 0.1836E-024 0.0000E+000 0.0000E+000
0.1586E+002 0.1000E+001 0.0000E+000 0.0000E+000 0.2250E+001 0.0000E+000 -.5529E-039 0.2550E-004 0.3803E-044 -.9842E-044 0.4425E-011 0.4882E-009 0.2060E-038 0.3226E-040 0.1455E-005 0.9223E-049 0.5655E-017 0.1364E-044 0.2296E-008 0.1094E-045 0.4666E-019 0.1106E-061 0.6986E-021 0.6177E-020 0.2848E-012 0.7030E-049 0.1280E-021 0.1858E-024 0.0000E+000 0.0000E+000
0.1585E+002 0.1000E+001 0.0000E+000 0.0000E+000 0.2250E+001 0.0000E+000 -.1819E-039 0.2550E-004 0.2340E-044 -.5607E-044 0.4425E-011 0.4882E-009 0.1525E-038 0.1993E-040 0.1455E-005 0.5138E-049 0.5654E-017 0.8381E-045 0.2296E-008 0.6408E-046 0.4676E-019 0.5209E-062 0.6989E-021 0.6183E-020 0.2848E-012 0.4307E-049 0.1289E-021 0.1881E-024 0.0000E+000 0.0000E+000
0.1584E+002 0.1000E+001 0.0000E+000 0.0000E+000 0.2250E+001 0.0000E+000 0.7515E-039 0.2550E-004 0.1441E-044 0.1181E-043 0.4425E-011 0.4882E-009 0.1128E-038 0.1231E-040 0.1455E-005 0.2866E-049 0.5654E-017 0.5153E-045 0.2296E-008 0.3754E-046 0.4687E-019 0.2454E-062 0.6993E-021 0.6189E-020 0.2848E-012 0.2641E-049 0.1297E-021 0.1904E-024 0.0000E+000 0.0000E+000
0.1583E+002 0.1000E+001 0.0000E+000 0.0000E+000 0.2250E+001 0.0000E+000 -.1164E-039 0.2550E-004 0.8871E-045 0.1152E-044 0.4425E-011 0.4882E-009 0.8354E-039 0.7610E-041 0.1455E-005 0.1601E-049 0.5654E-017 0.3169E-045 0.2296E-008 0.2199E-046 0.4698E-019 0.1156E-062 0.6997E-021 0.6195E-020 0.2848E-012 0.1620E-049 0.1306E-021 0.1927E-024 0.0000E+000 0.0000E+000
0.1582E+002 0.1000E+001 0.0000E+000 0.0000E+000 0.2250E+001 0.0000E+000 0.4131E-039 0.2550E-004 0.5465E-045 0.4675E-044 0.4425E-011 0.4882E-009 0.6184E-039 0.4703E-041 0.1455E-005 0.8960E-050 0.5654E-017 0.1950E-045 0.2296E-008 0.1289E-046 0.4709E-019 0.5448E-063 0.7001E-021 0.6201E-020 0.2848E-012 0.9940E-050 0.1314E-021 0.1950E-024 0.0000E+000 0.0000E+000
0.1581E+002 0.1000E+001 0.0000E+000 0.0000E+000 0.2250E+001 0.0000E+000 0.2149E-039 0.2550E-004 0.3367E-045 -.1422E-045 0.4425E-011 0.4882E-009 0.4579E-039 0.2907E-041 0.1455E-005 0.5021E-050 0.5654E-017 0.1200E-045 0.2296E-008 0.7556E-047 0.4719E-019 0.2568E-063 0.7004E-021 0.6206E-020 0.2848E-012 0.6103E-050 0.1323E-021 0.1973E-024 0.0000E+000 0.0000E+000
0.1580E+002 0.1000E+001 0.0000E+000 0.0000E+000 0.2250E+001 0.0000E+000 0.5129E-039 0.2550E-004 0.2076E-045 0.1126E-043 0.4425E-011 0.4882E-009 0.3391E-039 0.1797E-041 0.1455E-005 0.2818E-050 0.5654E-017 0.7391E-046 0.2296E-008 0.4430E-047 0.4730E-019 0.1211E-063 0.7008E-021 0.6212E-020 0.2848E-012 0.3749E-050 0.1331E-021 0.1996E-024 0.0000E+000 0.0000E+000
0.1579E+002 0.1000E+001 0.0000E+000 0.0000E+000 0.2250E+001 0.0000E+000 0.6107E-039 0.2550E-004 0.1280E-045 0.1687E-043 0.4425E-011 0.4882E-009 0.2511E-039 0.1111E-041 0.1455E-005 0.1584E-050 0.5654E-017 0.4553E-046 0.2296E-008 0.2598E-047 0.4741E-019 0.5710E-064 0.7012E-021 0.6217E-020 0.2848E-012 0.2304E-050 0.1340E-021 0.2020E-024 0.0000E+000 0.0000E+000
0.1578E+002 0.1000E+001 0.0000E+000 0.0000E+000 0.2250E+001 0.0000E+000 0.7376E-039 0.2550E-004 0.7893E-046 0.1591E-043 0.4425E-011 0.4882E-009 0.1860E-039 0.6873E-042 0.1455E-005 0.8914E-051 0.5654E-017 0.2806E-046 0.2296E-008 0.1524E-047 0.4751E-019 0.2694E-064 0.7016E-021 0.6223E-020 0.2848E-012 0.1416E-050 0.1348E-021 0.2043E-024 0.0000E+000 0.0000E+000
0.1577E+002 0.1000E+001 0.0000E+000 0.0000E+000 0.2250E+001 0.0000E+000 -.4215E-039 0.2550E-004 0.4870E-046 -.3006E-044 0.4425E-011 0.4882E-009 0.1377E-039 0.4251E-042 0.1455E-005 0.5025E-051 0.5654E-017 0.1729E-046 0.2296E-008 0.8942E-048 0.4762E-019 0.1271E-064 0.7019E-021 0.6228E-020 0.2848E-012 0.8713E-051 0.1357E-021 0.2067E-024 0.0000E+000 0.0000E+000
0.1576E+002 0.1000E+001 0.0000E+000 0.0000E+000 0.2250E+001 0.0000E+000 -.1278E-040 0.2550E-004 0.3005E-046 -.8547E-045 0.4425E-011 0.4882E-009 0.1020E-039 0.2630E-042 0.1455E-005 0.2837E-051 0.5653E-017 0.1066E-046 0.2296E-008 0.5247E-048 0.4773E-019 0.5998E-065 0.7023E-021 0.6233E-020 0.2848E-012 0.5362E-051 0.1366E-021 0.2091E-024 0.0000E+000 0.0000E+000
0.1575E+002 0.1000E+001 0.0000E+000 0.0000E+000 0.2250E+001 0.0000E+000 0.1040E-038 0.2550E-004 0.1855E-046 0.1774E-043 0.4425E-011 0.4882E-009 0.7559E-040 0.1627E-042 0.1455E-005 0.1604E-051 0.5653E-017 0.6577E-047 0.2296E-008 0.3080E-048 0.4784E-019 0.2832E-065 0.7027E-021 0.6238E-020 0.2848E-012 0.3301E-051 0.1374E-021 0.2115E-024 0.0000E+000 0.0000E+000
0.1574E+002 0.1000E+001 0.0000E+000 0.0000E+000 0.2250E+001 0.0000E+000 0.1722E-039 0.2550E-004 0.1145E-046 0.2751E-044 0.4425E-011 0.4882E-009 0.5601E-040 0.1007E-042 0.1455E-005 0.9083E-052 0.5653E-017 0.4058E-047 0.2296E-008 0.1808E-048 0.4794E-019 0.1337E-065 0.7031E-021 0.6243E-020 0.2848E-012 0.2033E-051 0.1383E-021 0.2139E-024 0.0000E+000 0.0000E+000
0.1573E+002 0.1000E+001 0.0000E+000 0.0000E+000 0.2250E+001 0.0000E+000 -.6189E-039 0.2550E-004 0.7075E-047 -.1784E-043 0.4425E-011 0.4882E-009 0.4150E-040 0.6233E-043 0.1455E-005 0.5151E-052 0.5653E-017 0.2505E-047 0.2296E-008 0.1062E-048 0.4805E-019 0.6315E-066 0.7035E-021 0.6248E-020 0.2848E-012 0.1252E-051 0.1392E-021 0.2163E-024 0.0000E+000 0.0000E+000
0.1572E+002 0.1000E+001 0.0000E+000 0.0000E+000 0.2250E+001 0.0000E+000 -.5995E-039 0.2550E-004 0.4371E-047 -.8494E-044 0.4425E-011 0.4882E-009 0.3076E-040 0.3858E-043 0.1455E-005 0.2925E-052 0.5653E-017 0.1546E-047 0.2296E-008 0.6236E-049 0.4816E-019 0.2983E-066 0.7038E-021 0.6253E-020 0.2848E-012 0.7719E-052 0.1400E-021 0.2188E-024 0.0000E+000 0.0000E+000
0.1571E+002 0.1000E+001 0.0000E+000 0.0000E+000 0.2250E+001 0.0000E+000 -.1819E-039 0.2550E-004 0.2701E-047 -.2568E-045 0.4425E-011 0.4882E-009 0.2279E-040 0.2389E-043 0.1455E-005 0.1664E-052 0.5653E-017 0.9550E-048 0.2296E-008 0.3664E-049 0.4826E-019 0.1410E-066 0.7042E-021 0.6258E-020 0.2848E-012 0.4760E-052 0.1409E-021 0.2212E-024 0.0000E+000 0.0000E+000
0.1570E+002 0.1000E+001 0.0000E+000 0.0000E+000 0.2250E+001 0.0000E+000 -.6548E-039 0.2550E-004 0.1670E-047 -.1048E-043 0.4425E-011 0.4882E-009 0.1690E-040 0.1479E-043 0.1455E-005 0.9475E-053 0.5653E-017 0.5900E-048 0.2296E-008 0.2153E-049 0.4837E-019 0.6663E-067 0.7046E-021 0.6262E-020 0.2848E-012 0.2936E-052 0.1418E-021 0.2237E-024 0.0000E+000 0.0000E+000
0.1569E+002 0.1000E+001 0.0000E+000 0.0000E+000 0.2250E+001 0.0000E+000 -.2006E-040 0.2550E-004 0.1032E-047 -.1457E-044 0.4425E-011 0.4882E-009 0.1252E-040 0.9161E-044 0.1455E-005 0.5403E-053 0.5653E-017 0.3646E-048 0.2296E-008 0.1265E-049 0.4848E-019 0.3150E-067 0.7050E-021 0.6267E-020 0.2848E-012 0.1811E-052 0.1426E-021 0.2262E-024 0.0000E+000 0.0000E+000
0.1568E+002 0.1000E+001 0.0000E+000 0.0000E+000 0.2250E+001 0.0000E+000 0.2531E-039 0.2550E-004 0.6384E-048 0.2785E-044 0.4425E-011 0.4882E-009 0.9285E-041 0.5674E-044 0.1455E-005 0.3086E-053 0.5653E-017 0.2253E-048 0.2296E-008 0.7438E-050 0.4859E-019 0.1490E-067 0.7054E-021 0.6272E-020 0.2848E-012 0.1118E-052 0.1435E-021 0.2287E-024 0.0000E+000 0.0000E+000
0.1567E+002 0.1000E+001 0.0000E+000 0.0000E+000 0.2250E+001 0.0000E+000 0.7778E-041 0.2550E-004 0.3949E-048 0.5385E-045 0.4425E-011 0.4882E-009 0.6884E-041 0.3515E-044 0.1455E-005 0.1764E-053 0.5653E-017 0.1393E-048 0.2296E-008 0.4373E-050 0.4869E-019 0.7046E-068 0.7058E-021 0.6276E-020 0.2848E-012 0.6903E-053 0.1444E-021 0.2312E-024 0.0000E+000 0.0000E+000
0.1566E+002 0.1000E+001 0.0000E+000 0.0000E+000 0.2250E+001 0.0000E+000 -.1607E-039 0.2550E-004 0.2443E-048 -.7291E-044 0.4425E-011 0.4882E-009 0.5105E-041 0.2178E-044 0.1455E-005 0.1010E-053 0.5652E-017 0.8615E-049 0.2296E-008 0.2572E-050 0.4880E-019 0.3334E-068 0.7061E-021 0.6280E-020 0.2848E-012 0.4264E-053 0.1453E-021 0.2337E-024 0.0000E+000 0.0000E+000
0.1565E+002 0.1000E+001 0.0000E+000 0.0000E+000 0.2250E+001 0.0000E+000 0.5111E-039 0.2550E-004 0.1512E-048 0.9270E-044 0.4425E-011 0.4882E-009 0.3786E-041 0.1350E-044 0.1455E-005 0.5791E-054 0.5652E-017 0.5329E-049 0.2296E-008 0.1513E-050 0.4891E-019 0.1578E-068 0.7065E-021 0.6285E-020 0.2848E-012 0.2634E-053 0.1462E-021 0.2363E-024 0.0000E+000 0.0000E+000
0.1564E+002 0.1000E+001 0.0000E+000 0.0000E+000 0.2250E+001 0.0000E+000 0.5276E-040 0.2550E-004 0.9361E-049 0.2417E-044 0.4425E-011 0.4882E-009 0.2808E-041 0.8367E-045 0.1455E-005 0.3324E-054 0.5652E-017 0.3297E-049 0.2296E-008 0.8901E-051 0.4901E-019 0.7468E-069 0.7069E-021 0.6289E-020 0.2848E-012 0.1628E-053 0.1470E-021 0.2388E-024 0.0000E+000 0.0000E+000
0.1563E+002 0.1000E+001 0.0000E+000 0.0000E+000 0.2250E+001 0.0000E+000 -.7295E-039 0.2550E-004 0.5796E-049 -.1312E-043 0.4425E-011 0.4882E-009 0.2082E-041 0.5187E-045 0.1455E-005 0.1910E-054 0.5652E-017 0.2041E-049 0.2296E-008 0.5238E-051 0.4912E-019 0.3536E-069 0.7073E-021 0.6293E-020 0.2848E-012 0.1007E-053 0.1479E-021 0.2414E-024 0.0000E+000 0.0000E+000
0.1562E+002 0.1000E+001 0.0000E+000 0.0000E+000 0.2250E+001 0.0000E+000 -.5980E-041 0.2550E-004 0.3589E-049 0.1863E-044 0.4425E-011 0.4882E-009 0.1545E-041 0.3216E-045 0.1455E-005 0.1099E-054 0.5652E-017 0.1263E-049 0.2296E-008 0.3083E-051 0.4923E-019 0.1675E-069 0.7077E-021 0.6297E-020 0.2848E-012 0.6224E-054 0.1488E-021 0.2440E-024 0.0000E+000 0.0000E+000
0.1561E+002 0.1000E+001 0.0000E+000 0.0000E+000 0.2250E+001 0.0000E+000 -.1853E-042 0.2550E-004 0.2223E-049 0.2733E-046 0.4425E-011 0.4882E-009 0.1146E-041 0.1994E-045 0.1455E-005 0.6328E-055 0.5652E-017 0.7823E-050 0.2296E-008 0.1815E-051 0.4933E-019 0.7933E-070 0.7081E-021 0.6301E-020 0.2848E-012 0.3850E-054 0.1497E-021 0.2466E-024 0.0000E+000 0.0000E+000
0.1560E+002 0.1000E+001 0.0000E+000 0.0000E+000 0.2250E+001 0.0000E+000 0.1731E-039 0.2550E-004 0.1378E-049 -.8310E-045 0.4425E-011 0.4882E-009 0.8503E-042 0.1237E-045 0.1455E-005 0.3648E-055 0.5652E-017 0.4845E-050 0.2296E-008 0.1069E-051 0.4944E-019 0.3759E-070 0.7084E-021 0.6305E-020 0.2848E-012 0.2382E-054 0.1506E-021 0.2492E-024 0.0000E+000 0.0000E+000
0.1559E+002 0.1000E+001 0.0000E+000 0.0000E+000 0.2250E+001 0.0000E+000 -.8316E-039 0.2550E-004 0.8537E-050 -.1083E-043 0.4425E-011 0.4882E-009 0.6309E-042 0.7672E-046 0.1455E-005 0.2106E-055 0.5652E-017 0.3001E-050 0.2296E-008 0.6296E-052 0.4955E-019 0.1782E-070 0.7088E-021 0.6309E-020 0.2848E-012 0.1475E-054 0.1515E-021 0.2519E-024 0.0000E+000 0.0000E+000
0.1558E+002 0.1000E+001 0.0000E+000 0.0000E+000 0.2250E+001 0.0000E+000 -.1559E-039 0.2550E-004 0.5291E-050 -.2415E-044 0.4425E-011 0.4882E-009 0.4682E-042 0.4760E-046 0.1455E-005 0.1216E-055 0.5652E-017 0.1860E-050 0.2296E-008 0.3709E-052 0.4965E-019 0.8446E-071 0.7092E-021 0.6313E-020 0.2848E-012 0.9129E-055 0.1524E-021 0.2545E-024 0.0000E+000 0.0000E+000
0.1557E+002 0.1000E+001 0.0000E+000 0.0000E+000 0.2250E+001 0.0000E+000 0.8194E-039 0.2550E-004 0.3280E-050 0.1871E-043 0.4425E-011 0.4882E-009 0.3475E-042 0.2954E-046 0.1455E-005 0.7035E-056 0.5651E-017 0.1153E-050 0.2296E-008 0.2186E-052 0.4976E-019 0.4005E-071 0.7096E-021 0.6317E-020 0.2848E-012 0.5653E-055 0.1533E-021 0.2572E-024 0.0000E+000 0.0000E+000
0.1556E+002 0.1000E+001 0.0000E+000 0.0000E+000 0.2250E+001 0.0000E+000 0.2446E-039 0.2550E-004 0.2034E-050 0.6072E-044 0.4425E-011 0.4882E-009 0.2579E-042 0.1833E-046 0.1455E-005 0.4072E-056 0.5651E-017 0.7145E-051 0.2296E-008 0.1288E-052 0.4987E-019 0.1900E-071 0.7100E-021 0.6321E-020 0.2848E-012 0.3502E-055 0.1542E-021 0.2599E-024 0.0000E+000 0.0000E+000
0.1555E+002 0.1000E+001 0.0000E+000 0.0000E+000 0.2250E+001 0.0000E+000 0.7658E-041 0.2550E-004 0.1262E-050 0.5987E-045 0.4425E-011 0.4882E-009 0.1915E-042 0.1138E-046 0.1455E-005 0.2359E-056 0.5651E-017 0.4430E-051 0.2296E-008 0.7594E-053 0.4997E-019 0.9013E-072 0.7104E-021 0.6324E-020 0.2848E-012 0.2170E-055 0.1551E-021 0.2626E-024 0.0000E+000 0.0000E+000
0.1554E+002 0.1000E+001 0.0000E+000 0.0000E+000 0.2250E+001 0.0000E+000 0.6328E-040 0.2550E-004 0.7826E-051 -.2926E-044 0.4425E-011 0.4882E-009 0.1421E-042 0.7063E-047 0.1455E-005 0.1368E-056 0.5651E-017 0.2748E-051 0.2296E-008 0.4478E-053 0.5008E-019 0.4277E-072 0.7108E-021 0.6328E-020 0.2848E-012 0.1345E-055 0.1560E-021 0.2653E-024 0.0000E+000 0.0000E+000
0.1553E+002 0.1000E+001 0.0000E+000 0.0000E+000 0.2250E+001 0.0000E+000 -.1858E-039 0.2550E-004 0.4856E-051 -.5792E-044 0.4425E-011 0.4882E-009 0.1055E-042 0.4386E-047 0.1455E-005 0.7940E-057 0.5651E-017 0.1704E-051 0.2296E-008 0.2641E-053 0.5018E-019 0.2030E-072 0.7112E-021 0.6331E-020 0.2848E-012 0.8335E-056 0.1569E-021 0.2680E-024 0.0000E+000 0.0000E+000
0.1552E+002 0.1000E+001 0.0000E+000 0.0000E+000 0.2250E+001 0.0000E+000 -.5844E-041 0.2550E-004 0.3014E-051 -.4814E-045 0.4425E-011 0.4882E-009 0.7837E-043 0.2724E-047 0.1455E-005 0.4611E-057 0.5651E-017 0.1057E-051 0.2296E-008 0.1558E-053 0.5029E-019 0.9638E-073 0.7115E-021 0.6335E-020 0.2848E-012 0.5168E-056 0.1578E-021 0.2707E-024 0.0000E+000 0.0000E+000
0.1551E+002 0.1000E+001 0.0000E+000 0.0000E+000 0.2250E+001 0.0000E+000 -.2754E-039 0.2550E-004 0.1871E-051 -.8279E-044 0.4425E-011 0.4882E-009 0.5820E-043 0.1692E-047 0.1455E-005 0.2681E-057 0.5651E-017 0.6562E-052 0.2296E-008 0.9192E-054 0.5040E-019 0.4577E-073 0.7119E-021 0.6338E-020 0.2848E-012 0.3205E-056 0.1587E-021 0.2735E-024 0.0000E+000 0.0000E+000
0.1550E+002 0.1000E+001 0.0000E+000 0.0000E+000 0.2250E+001 0.0000E+000 -.3262E-039 0.2550E-004 0.1161E-051 -.2851E-044 0.4425E-011 0.4882E-009 0.4322E-043 0.1051E-047 0.1455E-005 0.1559E-057 0.5651E-017 0.4073E-052 0.2296E-008 0.5425E-054 0.5050E-019 0.2174E-073 0.7123E-021 0.6342E-020 0.2848E-012 0.1989E-056 0.1596E-021 0.2762E-024 0.0000E+000 0.0000E+000
0.1549E+002 0.1000E+001 0.0000E+000 0.0000E+000 0.2250E+001 0.0000E+000 -.2658E-040 0.2550E-004 0.7211E-052 -.3437E-044 0.4425E-011 0.4882E-009 0.3210E-043 0.6529E-048 0.1455E-005 0.9077E-058 0.5651E-017 0.2529E-052 0.2296E-008 0.3202E-054 0.5061E-019 0.1033E-073 0.7127E-021 0.6345E-020 0.2848E-012 0.1234E-056 0.1605E-021 0.2790E-024 0.0000E+000 0.0000E+000
0.1548E+002 0.1000E+001 0.0000E+000 0.0000E+000 0.2250E+001 0.0000E+000 -.5100E-039 0.2550E-004 0.4479E-052 -.5427E-044 0.4425E-011 0.4882E-009 0.2385E-043 0.4057E-048 0.1455E-005 0.5288E-058 0.5650E-017 0.1570E-052 0.2296E-008 0.1891E-054 0.5072E-019 0.4910E-074 0.7131E-021 0.6348E-020 0.2848E-012 0.7658E-057 0.1614E-021 0.2818E-024 0.0000E+000 0.0000E+000
0.1547E+002 0.1000E+001 0.0000E+000 0.0000E+000 0.2250E+001 0.0000E+000 0.2211E-040 0.2550E-004 0.2782E-052 0.9595E-045 0.4425E-011 0.4882E-009 0.1772E-043 0.2522E-048 0.1455E-005 0.3082E-058 0.5650E-017 0.9753E-053 0.2296E-008 0.1116E-054 0.5082E-019 0.2334E-074 0.7135E-021 0.6352E-020 0.2848E-012 0.4754E-057 0.1623E-021 0.2846E-024 0.0000E+000 0.0000E+000
0.1546E+002 0.1000E+001 0.0000E+000 0.0000E+000 0.2250E+001 0.0000E+000 0.7020E-042 0.2550E-004 0.1729E-052 0.6351E-046 0.4425E-011 0.4882E-009 0.1316E-043 0.1567E-048 0.1455E-005 0.1798E-058 0.5650E-017 0.6058E-053 0.2296E-008 0.6595E-055 0.5093E-019 0.1110E-074 0.7139E-021 0.6355E-020 0.2848E-012 0.2952E-057 0.1632E-021 0.2875E-024 0.0000E+000 0.0000E+000
0.1545E+002 0.1000E+001 0.0000E+000 0.0000E+000 0.2250E+001 0.0000E+000 0.1158E-038 0.2550E-004 0.1074E-052 0.2026E-043 0.4425E-011 0.4882E-009 0.9781E-044 0.9744E-049 0.1455E-005 0.1049E-058 0.5650E-017 0.3764E-053 0.2296E-008 0.3896E-055 0.5103E-019 0.5279E-075 0.7143E-021 0.6358E-020 0.2848E-012 0.1833E-057 0.1641E-021 0.2903E-024 0.0000E+000 0.0000E+000
0.1544E+002 0.1000E+001 0.0000E+000 0.0000E+000 0.2250E+001 0.0000E+000 -.5426E-039 0.2550E-004 0.6676E-053 -.2847E-044 0.4425E-011 0.4882E-009 0.7269E-044 0.6059E-049 0.1455E-005 0.6128E-059 0.5650E-017 0.2339E-053 0.2296E-008 0.2302E-055 0.5114E-019 0.2511E-075 0.7147E-021 0.6361E-020 0.2848E-012 0.1139E-057 0.1650E-021 0.2932E-024 0.0000E+000 0.0000E+000
0.1543E+002 0.1000E+001 0.0000E+000 0.0000E+000 0.2250E+001 0.0000E+000 -.2051E-039 0.2550E-004 0.4150E-053 -.5530E-045 0.4425E-011 0.4882E-009 0.5402E-044 0.3768E-049 0.1455E-005 0.3581E-059 0.5650E-017 0.1454E-053 0.2296E-008 0.1361E-055 0.5125E-019 0.1195E-075 0.7151E-021 0.6364E-020 0.2848E-012 0.7075E-058 0.1659E-021 0.2960E-024 0.0000E+000 0.0000E+000
0.1542E+002 0.1000E+001 0.0000E+000 0.0000E+000 0.2250E+001 0.0000E+000 0.1321E-039 0.2550E-004 0.2580E-053 0.2094E-045 0.4425E-011 0.4882E-009 0.4015E-044 0.2344E-049 0.1455E-005 0.2093E-059 0.5650E-017 0.9039E-054 0.2296E-008 0.8045E-056 0.5135E-019 0.5688E-076 0.7155E-021 0.6367E-020 0.2848E-012 0.4397E-058 0.1669E-021 0.2989E-024 0.0000E+000 0.0000E+000
0.1541E+002 0.1000E+001 0.0000E+000 0.0000E+000 0.2250E+001 0.0000E+000 0.2845E-039 0.2550E-004 0.1605E-053 0.3718E-044 0.4425E-011 0.4882E-009 0.2985E-044 0.1458E-049 0.1455E-005 0.1225E-059 0.5650E-017 0.5621E-054 0.2296E-008 0.4757E-056 0.5146E-019 0.2708E-076 0.7159E-021 0.6370E-020 0.2848E-012 0.2733E-058 0.1678E-021 0.3018E-024 0.0000E+000 0.0000E+000
0.1540E+002 0.1000E+001 0.0000E+000 0.0000E+000 0.2250E+001 0.0000E+000 0.4130E-039 0.2550E-004 0.9981E-054 0.8996E-044 0.4425E-011 0.4882E-009 0.2219E-044 0.9072E-050 0.1455E-005 0.7167E-060 0.5650E-017 0.3496E-054 0.2296E-008 0.2814E-056 0.5156E-019 0.1290E-076 0.7163E-021 0.6373E-020 0.2848E-012 0.1699E-058 0.1687E-021 0.3047E-024 0.0000E+000 0.0000E+000
0.1539E+002 0.1000E+001 0.0000E+000 0.0000E+000 0.2250E+001 0.0000E+000 -.1497E-040 0.2550E-004 0.6209E-054 0.4354E-045 0.4425E-011 0.4882E-009 0.1650E-044 0.5646E-050 0.1455E-005 0.4196E-060 0.5650E-017 0.2174E-054 0.2296E-008 0.1665E-056 0.5167E-019 0.6142E-077 0.7166E-021 0.6375E-020 0.2848E-012 0.1057E-058 0.1696E-021 0.3077E-024 0.0000E+000 0.0000E+000
0.1538E+002 0.1000E+001 0.0000E+000 0.0000E+000 0.2250E+001 0.0000E+000 -.8179E-040 0.2550E-004 0.3864E-054 -.1711E-044 0.4425E-011 0.4882E-009 0.1227E-044 0.3514E-050 0.1455E-005 0.2458E-060 0.5649E-017 0.1353E-054 0.2296E-008 0.9849E-057 0.5177E-019 0.2927E-077 0.7170E-021 0.6378E-020 0.2848E-012 0.6571E-059 0.1705E-021 0.3106E-024 0.0000E+000 0.0000E+000
0.1537E+002 0.1000E+001 0.0000E+000 0.0000E+000 0.2250E+001 0.0000E+000 -.2634E-041 0.2550E-004 0.2404E-054 -.1977E-045 0.4425E-011 0.4882E-009 0.9124E-045 0.2187E-050 0.1455E-005 0.1441E-060 0.5649E-017 0.8418E-055 0.2296E-008 0.5829E-057 0.5188E-019 0.1395E-077 0.7174E-021 0.6381E-020 0.2848E-012 0.4088E-059 0.1715E-021 0.3136E-024 0.0000E+000 0.0000E+000
0.1536E+002 0.1000E+001 0.0000E+000 0.0000E+000 0.2250E+001 0.0000E+000 -.5218E-039 0.2550E-004 0.1497E-054 -.9446E-044 0.4425E-011 0.4882E-009 0.6786E-045 0.1362E-050 0.1455E-005 0.8448E-061 0.5649E-017 0.5239E-055 0.2296E-008 0.3451E-057 0.5199E-019 0.6648E-078 0.7178E-021 0.6383E-020 0.2848E-012 0.2543E-059 0.1724E-021 0.3165E-024 0.0000E+000 0.0000E+000
0.1535E+002 0.1000E+001 0.0000E+000 0.0000E+000 0.2250E+001 0.0000E+000 -.1686E-040 0.2550E-004 0.9317E-055 -.1232E-044 0.4425E-011 0.4882E-009 0.5047E-045 0.8480E-051 0.1455E-005 0.4955E-061 0.5649E-017 0.3261E-055 0.2296E-008 0.2043E-057 0.5209E-019 0.3170E-078 0.7182E-021 0.6386E-020 0.2848E-012 0.1583E-059 0.1733E-021 0.3195E-024 0.0000E+000 0.0000E+000
0.1534E+002 0.1000E+001 0.0000E+000 0.0000E+000 0.2250E+001 0.0000E+000 -.5455E-042 0.2550E-004 0.5801E-055 -.6016E-046 0.4425E-011 0.4882E-009 0.3755E-045 0.5282E-051 0.1455E-005 0.2908E-061 0.5649E-017 0.2030E-055 0.2296E-008 0.1210E-057 0.5220E-019 0.1512E-078 0.7186E-021 0.6389E-020 0.2848E-012 0.9852E-060 0.1743E-021 0.3225E-024 0.0000E+000 0.0000E+000
0.1533E+002 0.1000E+001 0.0000E+000 0.0000E+000 0.2250E+001 0.0000E+000 -.1768E-043 0.2550E-004 0.3613E-055 -.2395E-047 0.4425E-011 0.4882E-009 0.2793E-045 0.3290E-051 0.1455E-005 0.1707E-061 0.5649E-017 0.1264E-055 0.2296E-008 0.7167E-058 0.5230E-019 0.7212E-079 0.7190E-021 0.6391E-020 0.2848E-012 0.6134E-060 0.1752E-021 0.3256E-024 0.0000E+000 0.0000E+000
0.1532E+002 0.1000E+001 0.0000E+000 0.0000E+000 0.2250E+001 0.0000E+000 -.1327E-039 0.2550E-004 0.2250E-055 0.9114E-045 0.4425E-011 0.4882E-009 0.2078E-045 0.2050E-051 0.1455E-005 0.1003E-061 0.5649E-017 0.7875E-056 0.2296E-008 0.4246E-058 0.5241E-019 0.3442E-079 0.7194E-021 0.6394E-020 0.2848E-012 0.3819E-060 0.1761E-021 0.3286E-024 0.0000E+000 0.0000E+000
0.1531E+002 0.1000E+001 0.0000E+000 0.0000E+000 0.2250E+001 0.0000E+000 0.2239E-039 0.2550E-004 0.1402E-055 0.6346E-044 0.4425E-011 0.4882E-009 0.1546E-045 0.1277E-051 0.1455E-005 0.5891E-062 0.5649E-017 0.4906E-056 0.2296E-008 0.2516E-058 0.5251E-019 0.1643E-079 0.7198E-021 0.6396E-020 0.2848E-012 0.2379E-060 0.1771E-021 0.3316E-024 0.0000E+000 0.0000E+000
0.1530E+002 0.1000E+001 0.0000E+000 0.0000E+000 0.2250E+001 0.0000E+000 0.7291E-041 0.2550E-004 0.8735E-056 0.5826E-045 0.4425E-011 0.4882E-009 0.1151E-045 0.7959E-052 0.1455E-005 0.3462E-062 0.5649E-017 0.3057E-056 0.2296E-008 0.1492E-058 0.5262E-019 0.7842E-080 0.7202E-021 0.6398E-020 0.2848E-012 0.1482E-060 0.1780E-021 0.3347E-024 0.0000E+000 0.0000E+000
0.1529E+002 0.1000E+001 0.0000E+000 0.0000E+000 0.2250E+001 0.0000E+000 0.1165E-040 0.2550E-004 0.5443E-056 0.2935E-044 0.4425E-011 0.4882E-009 0.8565E-046 0.4961E-052 0.1455E-005 0.2036E-062 0.5648E-017 0.1905E-056 0.2296E-008 0.8843E-059 0.5272E-019 0.3745E-080 0.7206E-021 0.6401E-020 0.2848E-012 0.9232E-061 0.1789E-021 0.3378E-024 0.0000E+000 0.0000E+000
0.1528E+002 0.1000E+001 0.0000E+000 0.0000E+000 0.2250E+001 0.0000E+000 -.1227E-039 0.2550E-004 0.3393E-056 -.3260E-044 0.4425E-011 0.4882E-009 0.6375E-046 0.3093E-052 0.1455E-005 0.1197E-062 0.5648E-017 0.1187E-056 0.2296E-008 0.5244E-059 0.5283E-019 0.1789E-080 0.7210E-021 0.6403E-020 0.2848E-012 0.5753E-061 0.1799E-021 0.3409E-024 0.0000E+000 0.0000E+000
0.1527E+002 0.1000E+001 0.0000E+000 0.0000E+000 0.2250E+001 0.0000E+000 0.9261E-040 0.2550E-004 0.2115E-056 -.2405E-044 0.4425E-011 0.4882E-009 0.4746E-046 0.1928E-052 0.1455E-005 0.7044E-063 0.5648E-017 0.7400E-057 0.2296E-008 0.3111E-059 0.5293E-019 0.8546E-081 0.7214E-021 0.6405E-020 0.2848E-012 0.3586E-061 0.1808E-021 0.3440E-024 0.0000E+000 0.0000E+000
0.1526E+002 0.1000E+001 0.0000E+000 0.0000E+000 0.2250E+001 0.0000E+000 -.3675E-039 0.2550E-004 0.1319E-056 -.8875E-044 0.4425E-011 0.4882E-009 0.3533E-046 0.1203E-052 0.1455E-005 0.4146E-063 0.5648E-017 0.4614E-057 0.2296E-008 0.1845E-059 0.5304E-019 0.4084E-081 0.7218E-021 0.6408E-020 0.2848E-012 0.2235E-061 0.1818E-021 0.3471E-024 0.0000E+000 0.0000E+000
0.1525E+002 0.1000E+001 0.0000E+000 0.0000E+000 0.2250E+001 0.0000E+000 -.5100E-039 0.2550E-004 0.8225E-057 -.1239E-043 0.4425E-011 0.4882E-009 0.2631E-046 0.7500E-053 0.1455E-005 0.2441E-063 0.5648E-017 0.2877E-057 0.2296E-008 0.1095E-059 0.5315E-019 0.1952E-081 0.7222E-021 0.6410E-020 0.2848E-012 0.1394E-061 0.1827E-021 0.3503E-024 0.0000E+000 0.0000E+000
0.1524E+002 0.1000E+001 0.0000E+000 0.0000E+000 0.2250E+001 0.0000E+000 0.5212E-039 0.2550E-004 0.5130E-057 0.1288E-043 0.4425E-011 0.4882E-009 0.1959E-046 0.4679E-053 0.1455E-005 0.1438E-063 0.5648E-017 0.1795E-057 0.2296E-008 0.6499E-060 0.5325E-019 0.9334E-082 0.7226E-021 0.6412E-020 0.2848E-012 0.8691E-062 0.1836E-021 0.3534E-024 0.0000E+000 0.0000E+000
0.1523E+002 0.1000E+001 0.0000E+000 0.0000E+000 0.2250E+001 0.0000E+000 0.1716E-040 0.2550E-004 0.3200E-057 0.1326E-044 0.4425E-011 0.4882E-009 0.1459E-046 0.2919E-053 0.1455E-005 0.8469E-064 0.5648E-017 0.1119E-057 0.2296E-008 0.3858E-060 0.5336E-019 0.4464E-082 0.7230E-021 0.6414E-020 0.2848E-012 0.5421E-062 0.1846E-021 0.3566E-024 0.0000E+000 0.0000E+000
0.1522E+002 0.1000E+001 0.0000E+000 0.0000E+000 0.2250E+001 0.0000E+000 0.6409E-039 0.2550E-004 0.1997E-057 0.1534E-043 0.4425E-011 0.4882E-009 0.1087E-046 0.1821E-053 0.1455E-005 0.4991E-064 0.5648E-017 0.6985E-058 0.2296E-008 0.2291E-060 0.5346E-019 0.2136E-082 0.7234E-021 0.6416E-020 0.2848E-012 0.3382E-062 0.1855E-021 0.3598E-024 0.0000E+000 0.0000E+000
0.1521E+002 0.1000E+001 0.0000E+000 0.0000E+000 0.2250E+001 0.0000E+000 0.3677E-039 0.2550E-004 0.1246E-057 0.3081E-044 0.4425E-011 0.4882E-009 0.8093E-047 0.1137E-053 0.1455E-005 0.2942E-064 0.5648E-017 0.4359E-058 0.2296E-008 0.1361E-060 0.5357E-019 0.1022E-082 0.7238E-021 0.6418E-020 0.2848E-012 0.2110E-062 0.1865E-021 0.3630E-024 0.0000E+000 0.0000E+000
0.1520E+002 0.1000E+001 0.0000E+000 0.0000E+000 0.2250E+001 0.0000E+000 0.1935E-039 0.2550E-004 0.7777E-058 0.1013E-043 0.4425E-011 0.4882E-009 0.6029E-047 0.7096E-054 0.1455E-005 0.1735E-064 0.5647E-017 0.2720E-058 0.2296E-008 0.8083E-061 0.5367E-019 0.4891E-083 0.7242E-021 0.6420E-020 0.2848E-012 0.1317E-062 0.1874E-021 0.3662E-024 0.0000E+000 0.0000E+000
0.1519E+002 0.1000E+001 0.0000E+000 0.0000E+000 0.2250E+001 0.0000E+000 -.2868E-039 0.2550E-004 0.4855E-058 -.2039E-044 0.4425E-011 0.4882E-009 0.4491E-047 0.4430E-054 0.1455E-005 0.1023E-064 0.5647E-017 0.1698E-058 0.2296E-008 0.4803E-061 0.5378E-019 0.2341E-083 0.7246E-021 0.6422E-020 0.2848E-012 0.8218E-063 0.1884E-021 0.3694E-024 0.0000E+000 0.0000E+000
0.1518E+002 0.1000E+001 0.0000E+000 0.0000E+000 0.2250E+001 0.0000E+000 -.9517E-041 0.2550E-004 0.3031E-058 -.6200E-045 0.4425E-011 0.4882E-009 0.3347E-047 0.2766E-054 0.1455E-005 0.6036E-065 0.5647E-017 0.1060E-058 0.2296E-008 0.2854E-061 0.5388E-019 0.1121E-083 0.7250E-021 0.6424E-020 0.2848E-012 0.5131E-063 0.1893E-021 0.3727E-024 0.0000E+000 0.0000E+000
0.1517E+002 0.1000E+001 0.0000E+000 0.0000E+000 0.2250E+001 0.0000E+000 -.3164E-042 0.2550E-004 0.1893E-058 -.3309E-046 0.4425E-011 0.4882E-009 0.2494E-047 0.1728E-054 0.1455E-005 0.3562E-065 0.5647E-017 0.6621E-059 0.2296E-008 0.1697E-061 0.5399E-019 0.5370E-084 0.7255E-021 0.6426E-020 0.2848E-012 0.3203E-063 0.1903E-021 0.3759E-024 0.0000E+000 0.0000E+000
0.1516E+002 0.1000E+001 0.0000E+000 0.0000E+000 0.2250E+001 0.0000E+000 -.1053E-043 0.2550E-004 0.1182E-058 -.1384E-047 0.4425E-011 0.4882E-009 0.1858E-047 0.1079E-054 0.1455E-005 0.2103E-065 0.5647E-017 0.4135E-059 0.2296E-008 0.1009E-061 0.5409E-019 0.2573E-084 0.7259E-021 0.6428E-020 0.2848E-012 0.2001E-063 0.1913E-021 0.3792E-024 0.0000E+000 0.0000E+000
0.1515E+002 0.1000E+001 0.0000E+000 0.0000E+000 0.2250E+001 0.0000E+000 -.4287E-040 0.2550E-004 0.7385E-059 -.9250E-045 0.4425E-011 0.4882E-009 0.1385E-047 0.6741E-055 0.1455E-005 0.1242E-065 0.5647E-017 0.2583E-059 0.2296E-008 0.5999E-062 0.5419E-019 0.1233E-084 0.7263E-021 0.6430E-020 0.2848E-012 0.1250E-063 0.1922E-021 0.3825E-024 0.0000E+000 0.0000E+000
0.1514E+002 0.1000E+001 0.0000E+000 0.0000E+000 0.2250E+001 0.0000E+000 -.3432E-039 0.2550E-004 0.4614E-059 -.4808E-044 0.4425E-011 0.4882E-009 0.1032E-047 0.4212E-055 0.1455E-005 0.7333E-066 0.5647E-017 0.1614E-059 0.2296E-008 0.3569E-062 0.5430E-019 0.5910E-085 0.7267E-021 0.6432E-020 0.2848E-012 0.7806E-064 0.1932E-021 0.3858E-024 0.0000E+000 0.0000E+000
0.1513E+002 0.1000E+001 0.0000E+000 0.0000E+000 0.2250E+001 0.0000E+000 -.3870E-039 0.2550E-004 0.2883E-059 -.8204E-044 0.4425E-011 0.4882E-009 0.7696E-048 0.2632E-055 0.1455E-005 0.4332E-066 0.5647E-017 0.1008E-059 0.2296E-008 0.2123E-062 0.5440E-019 0.2834E-085 0.7271E-021 0.6433E-020 0.2848E-012 0.4877E-064 0.1941E-021 0.3892E-024 0.0000E+000 0.0000E+000
0.1512E+002 0.1000E+001 0.0000E+000 0.0000E+000 0.2250E+001 0.0000E+000 -.7870E-039 0.2550E-004 0.1802E-059 -.1728E-043 0.4425E-011 0.4882E-009 0.5738E-048 0.1645E-055 0.1455E-005 0.2560E-066 0.5647E-017 0.6302E-060 0.2296E-008 0.1263E-062 0.5451E-019 0.1359E-085 0.7275E-021 0.6435E-020 0.2848E-012 0.3048E-064 0.1951E-021 0.3925E-024 0.0000E+000 0.0000E+000
0.1511E+002 0.1000E+001 0.0000E+000 0.0000E+000 0.2250E+001 0.0000E+000 0.6409E-039 0.2550E-004 0.1126E-059 0.7558E-044 0.4425E-011 0.4882E-009 0.4278E-048 0.1028E-055 0.1455E-005 0.1513E-066 0.5647E-017 0.3940E-060 0.2296E-008 0.7520E-063 0.5461E-019 0.6519E-086 0.7279E-021 0.6437E-020 0.2848E-012 0.1905E-064 0.1961E-021 0.3958E-024 0.0000E+000 0.0000E+000
0.1510E+002 0.1000E+001 0.0000E+000 0.0000E+000 0.2250E+001 0.0000E+000 -.6513E-039 0.2550E-004 0.7042E-060 -.1328E-043 0.4425E-011 0.4882E-009 0.3190E-048 0.6430E-056 0.1455E-005 0.8945E-067 0.5646E-017 0.2463E-060 0.2296E-008 0.4477E-063 0.5472E-019 0.3128E-086 0.7283E-021 0.6439E-020 0.2848E-012 0.1191E-064 0.1970E-021 0.3992E-024 0.0000E+000 0.0000E+000
0.1509E+002 0.1000E+001 0.0000E+000 0.0000E+000 0.2250E+001 0.0000E+000 0.8653E-040 0.2550E-004 0.4403E-060 -.2633E-044 0.4425E-011 0.4882E-009 0.2379E-048 0.4021E-056 0.1455E-005 0.5290E-067 0.5646E-017 0.1540E-060 0.2296E-008 0.2666E-063 0.5482E-019 0.1501E-086 0.7287E-021 0.6440E-020 0.2848E-012 0.7447E-065 0.1980E-021 0.4026E-024 0.0000E+000 0.0000E+000
0.1508E+002 0.1000E+001 0.0000E+000 0.0000E+000 0.2250E+001 0.0000E+000 0.4867E-039 0.2550E-004 0.2754E-060 0.1205E-043 0.4425E-011 0.4882E-009 0.1774E-048 0.2515E-056 0.1455E-005 0.3129E-067 0.5646E-017 0.9632E-061 0.2296E-008 0.1588E-063 0.5493E-019 0.7208E-087 0.7291E-021 0.6442E-020 0.2848E-012 0.4657E-065 0.1990E-021 0.4060E-024 0.0000E+000 0.0000E+000
0.1507E+002 0.1000E+001 0.0000E+000 0.0000E+000 0.2250E+001 0.0000E+000 -.5910E-039 0.2550E-004 0.1723E-060 -.7036E-044 0.4425E-011 0.4882E-009 0.1324E-048 0.1573E-056 0.1455E-005 0.1851E-067 0.5646E-017 0.6025E-061 0.2296E-008 0.9460E-064 0.5503E-019 0.3461E-087 0.7295E-021 0.6444E-020 0.2848E-012 0.2913E-065 0.1999E-021 0.4094E-024 0.0000E+000 0.0000E+000
0.1506E+002 0.1000E+001 0.0000E+000 0.0000E+000 0.2250E+001 0.0000E+000 0.2730E-041 0.2550E-004 0.1078E-060 -.1673E-045 0.4425E-011 0.4882E-009 0.9874E-049 0.9841E-057 0.1455E-005 0.1096E-067 0.5646E-017 0.3769E-061 0.2296E-008 0.5637E-064 0.5514E-019 0.1662E-087 0.7299E-021 0.6445E-020 0.2848E-012 0.1822E-065 0.2009E-021 0.4129E-024 0.0000E+000 0.0000E+000
0.1505E+002 0.1000E+001 0.0000E+000 0.0000E+000 0.2250E+001 0.0000E+000 -.1200E-039 0.2550E-004 0.6743E-061 -.3635E-044 0.4425E-011 0.4882E-009 0.7367E-049 0.6158E-057 0.1455E-005 0.6486E-068 0.5646E-017 0.2358E-061 0.2296E-008 0.3360E-064 0.5524E-019 0.7987E-088 0.7304E-021 0.6447E-020 0.2848E-012 0.1140E-065 0.2019E-021 0.4163E-024 0.0000E+000 0.0000E+000
0.1504E+002 0.1000E+001 0.0000E+000 0.0000E+000 0.2250E+001 0.0000E+000 0.6959E-039 0.2550E-004 0.4220E-061 0.1076E-043 0.4425E-011 0.4882E-009 0.5497E-049 0.3854E-057 0.1455E-005 0.3840E-068 0.5646E-017 0.1476E-061 0.2296E-008 0.2003E-064 0.5535E-019 0.3838E-088 0.7308E-021 0.6448E-020 0.2848E-012 0.7134E-066 0.2029E-021 0.4198E-024 0.0000E+000 0.0000E+000
0.1503E+002 0.1000E+001 0.0000E+000 0.0000E+000 0.2250E+001 0.0000E+000 0.2365E-040 0.2550E-004 0.2641E-061 0.1665E-044 0.4425E-011 0.4882E-009 0.4102E-049 0.2412E-057 0.1455E-005 0.2274E-068 0.5646E-017 0.9238E-062 0.2296E-008 0.1194E-064 0.5545E-019 0.1845E-088 0.7312E-021 0.6450E-020 0.2848E-012 0.4465E-066 0.2038E-021 0.4233E-024 0.0000E+000 0.0000E+000
0.1502E+002 0.1000E+001 0.0000E+000 0.0000E+000 0.2250E+001 0.0000E+000 -.3547E-039 0.2550E-004 0.1654E-061 -.4178E-044 0.4425E-011 0.4882E-009 0.3061E-049 0.1510E-057 0.1455E-005 0.1347E-068 0.5646E-017 0.5783E-062 0.2296E-008 0.7123E-065 0.5555E-019 0.8870E-089 0.7316E-021 0.6451E-020 0.2848E-012 0.2795E-066 0.2048E-021 0.4267E-024 0.0000E+000 0.0000E+000
0.1501E+002 0.1000E+001 0.0000E+000 0.0000E+000 0.2250E+001 0.0000E+000 0.3584E-040 0.2550E-004 0.1035E-061 0.9560E-045 0.4425E-011 0.4882E-009 0.2285E-049 0.9455E-058 0.1455E-005 0.7982E-069 0.5645E-017 0.3621E-062 0.2296E-008 0.4249E-065 0.5566E-019 0.4266E-089 0.7320E-021 0.6452E-020 0.2848E-012 0.1750E-066 0.2058E-021 0.4303E-024 0.0000E+000 0.0000E+000
0.1500E+002 0.1000E+001 0.0000E+000 0.0000E+000 0.2250E+001 0.0000E+000 -.5646E-039 0.2550E-004 -.1582E-068 -.1297E-039 0.4425E-011 0.4882E-009 -.2812E-040 -.1445E-064 0.1455E-005 -.6389E-076 0.5635E-017 -.5532E-069 0.2296E-008 -.3799E-072 0.6606E-019 -.2742E-096 0.7341E-021 0.6527E-020 0.2848E-012 -.2673E-073 0.3130E-021 0.8711E-024 0.0000E+000 0.0000E+000
0.1400E+002 0.1000E+001 0.0000E+000 0.0000E+000 0.2250E+001 0.0000E+000 0.6122E-039 0.2550E-004 -.1960E-075 -.1427E-038 0.4425E-011 0.4882E-009 0.7056E-040 -.1732E-071 0.1455E-005 0.1618E-082 0.5625E-017 -.6750E-076 0.2296E-008 0.2833E-079 0.7606E-019 0.5555E-103 0.8809E-021 0.6454E-020 0.2848E-012 -.3353E-080 0.4337E-021 0.1484E-023 0.0000E+000 0.0000E+000
0.1300E+002 0.1000E+001 0.0000E+000 0.0000E+000 0.2250E+001 0.0000E+000 -.9480E-039 0.2550E-004 -.2924E-081 -.8172E-039 0.4425E-011 0.4882E-009 -.2197E-040 -.2680E-077 0.1455E-005 -.3788E-089 0.5615E-017 -.1039E-081 0.2296E-008 0.2380E-085 0.8565E-019 -.3396E-109 0.9464E-021 0.6402E-020 0.2848E-012 -.4973E-086 0.5656E-021 0.2275E-023 0.0000E+000 0.0000E+000
0.1200E+002 0.1000E+001 0.0000E+000 0.0000E+000 0.2250E+001 0.0000E+000 -.2306E-039 0.2550E-004 -.8106E-087 -.1953E-039 0.4425E-011 0.4882E-009 -.1082E-041 -.7328E-083 0.1455E-005 -.2806E-095 0.5606E-017 -.2844E-087 0.2296E-008 0.5250E-091 0.9482E-019 0.1990E-115 0.1023E-020 0.6351E-020 0.2848E-012 -.1376E-091 0.7067E-021 0.3241E-023 0.0000E+000 0.0000E+000
0.1100E+002 0.1000E+001 0.0000E+000 0.0000E+000 0.2250E+001 0.0000E+000 0.1266E-038 0.2550E-004 -.1154E-092 0.1521E-038 0.4425E-011 0.4882E-009 0.3476E-040 -.1043E-088 0.1455E-005 -.8140E-101 0.5597E-017 -.4040E-093 0.2296E-008 0.1151E-096 0.1035E-018 0.1414E-121 0.1114E-020 0.6298E-020 0.2848E-012 -.1954E-097 0.8548E-021 0.4374E-023 0.0000E+000 0.0000E+000
0.1000E+002 0.1000E+001 0.0000E+000 0.0000E+000 0.2250E+001 0.0000E+000 0.9289E-040 0.2550E-004 0.3438E-098 -.5525E-039 0.4425E-011 0.4882E-009 -.5633E-040 0.3138E-094 0.1455E-005 -.1615E-106 0.5589E-017 0.1212E-098 0.2296E-008 -.2073E-102 0.1118E-018 0.2292E-127 0.1223E-020 0.6239E-020 0.2848E-012 0.5833E-103 0.1008E-020 0.5660E-023 0.0000E+000 0.0000E+000
