0.1734E+002 0.4918E-003 0.8995E+000 0.9995E+000 0.5144E-004 0.9995E-001 0.6807E-013 0.2674E-006 0.2523E-004 0.3143E-016 0.4420E-011 0.4881E-009 0.3112E-020 0.4740E-013 0.1455E-005 0.5667E-012 0.2789E-019 0.1942E-015 0.2102E-008 0.3649E-015 0.1391E-021 0.1746E-016 0.5054E-018 0.1733E-024 0.2411E-012 0.5693E-020 0.5306E-026 0.1582E-030 0.0000E+000 0.0000E+000
0.1733E+002 0.1000E+001 0.0000E+000 0.0000E+000 0.2250E+001 0.0000E+000 0.2050E-014 0.1403E-004 0.1147E-004 0.7064E-018 0.4420E-011 0.4881E-009 0.2253E-020 0.2353E-012 0.1455E-005 0.2964E-012 0.8927E-018 0.1232E-014 0.2144E-008 0.3674E-014 0.4272E-020 0.7940E-017 0.3991E-018 0.9347E-021 0.2504E-012 0.1519E-019 0.2258E-023 0.4220E-027 0.0000E+000 0.0000E+000
0.1732E+002 0.1000E+001 0.0000E+000 0.0000E+000 0.2250E+001 0.0000E+000 0.6199E-016 0.2028E-004 0.5218E-005 0.1741E-019 0.4420E-011 0.4881E-009 0.1638E-020 0.2502E-012 0.1455E-005 0.1550E-012 0.1740E-017 0.1885E-014 0.2163E-008 0.3664E-014 0.1059E-019 0.3611E-017 0.3152E-018 0.1626E-020 0.2547E-012 0.4226E-019 0.7240E-023 0.1170E-026 0.0000E+000 0.0000E+000
0.1731E+002 0.1000E+001 0.0000E+000 0.0000E+000 0.2250E+001 0.0000E+000 0.1879E-017 0.2312E-004 0.2374E-005 0.4592E-021 0.4420E-011 0.4881E-009 0.1193E-020 0.2077E-012 0.1455E-005 0.8110E-013 0.2422E-017 0.1855E-014 0.2172E-008 0.2799E-014 0.1653E-019 0.1643E-017 0.2490E-018 0.2143E-020 0.2567E-012 0.5937E-019 0.1316E-022 0.1986E-026 0.0000E+000 0.0000E+000
0.1730E+002 0.1000E+001 0.0000E+000 0.0000E+000 0.2250E+001 0.0000E+000 0.5710E-019 0.2442E-004 0.1080E-005 0.1270E-022 0.4420E-011 0.4881E-009 0.8703E-021 0.1551E-012 0.1455E-005 0.4244E-013 0.2923E-017 0.1500E-014 0.2176E-008 0.1917E-014 0.2121E-019 0.7475E-018 0.1968E-018 0.2532E-020 0.2576E-012 0.6022E-019 0.1855E-022 0.2775E-026 0.0000E+000 0.0000E+000
0.1729E+002 0.1000E+001 0.0000E+000 0.0000E+000 0.2250E+001 0.0000E+000 0.1738E-020 0.2501E-004 0.4916E-006 0.3627E-024 0.4420E-011 0.4881E-009 0.6350E-021 0.1092E-012 0.1455E-005 0.2222E-013 0.3273E-017 0.1087E-014 0.2177E-008 0.1238E-014 0.2455E-019 0.3402E-018 0.1555E-018 0.2829E-020 0.2580E-012 0.5106E-019 0.2284E-022 0.3512E-026 0.0000E+000 0.0000E+000
0.1728E+002 0.1000E+001 0.0000E+000 0.0000E+000 0.2250E+001 0.0000E+000 0.5296E-022 0.2527E-004 0.2238E-006 0.1058E-025 0.4420E-011 0.4881E-009 0.4635E-021 0.7410E-013 0.1455E-005 0.1163E-013 0.3508E-017 0.7366E-015 0.2178E-008 0.7711E-015 0.2680E-019 0.1549E-018 0.1229E-018 0.3059E-020 0.2582E-012 0.3878E-019 0.2604E-022 0.4202E-026 0.0000E+000 0.0000E+000
0.1727E+002 0.1000E+001 0.0000E+000 0.0000E+000 0.2250E+001 0.0000E+000 0.1617E-023 0.2540E-004 0.1019E-006 0.3134E-027 0.4420E-011 0.4881E-009 0.3383E-021 0.4904E-013 0.1455E-005 0.6091E-014 0.3663E-017 0.4771E-015 0.2179E-008 0.4692E-015 0.2828E-019 0.7053E-019 0.9723E-019 0.3238E-020 0.2582E-012 0.2739E-019 0.2836E-022 0.4858E-026 0.0000E+000 0.0000E+000
0.1726E+002 0.1000E+001 0.0000E+000 0.0000E+000 0.2250E+001 0.0000E+000 0.4941E-025 0.2545E-004 0.4641E-007 0.9381E-029 0.4420E-011 0.4881E-009 0.2470E-021 0.3187E-013 0.1455E-005 0.3191E-014 0.3763E-017 0.2994E-015 0.2179E-008 0.2808E-015 0.2923E-019 0.3212E-019 0.7693E-019 0.3381E-020 0.2583E-012 0.1839E-019 0.3006E-022 0.5493E-026 0.0000E+000 0.0000E+000
0.1725E+002 0.1000E+001 0.0000E+000 0.0000E+000 0.2250E+001 0.0000E+000 0.1512E-026 0.2548E-004 0.2114E-007 0.2830E-030 0.4420E-011 0.4881E-009 0.1803E-021 0.2044E-013 0.1455E-005 0.1672E-014 0.3828E-017 0.1836E-015 0.2179E-008 0.1661E-015 0.2984E-019 0.1463E-019 0.6090E-019 0.3498E-020 0.2583E-012 0.1190E-019 0.3134E-022 0.6117E-026 0.0000E+000 0.0000E+000
0.1724E+002 0.1000E+001 0.0000E+000 0.0000E+000 0.2250E+001 0.0000E+000 0.4636E-028 0.2549E-004 0.9635E-008 0.8584E-032 0.4420E-011 0.4881E-009 0.1317E-021 0.1297E-013 0.1455E-005 0.8762E-015 0.3868E-017 0.1108E-015 0.2179E-008 0.9737E-016 0.3024E-019 0.6669E-020 0.4825E-019 0.3595E-020 0.2583E-012 0.7492E-020 0.3235E-022 0.6739E-026 0.0000E+000 0.0000E+000
0.1723E+002 0.1000E+001 0.0000E+000 0.0000E+000 0.2250E+001 0.0000E+000 0.1421E-029 0.2549E-004 0.4391E-008 0.2611E-033 0.4420E-011 0.4881E-009 0.9618E-022 0.8166E-014 0.1455E-005 0.4593E-015 0.3894E-017 0.6598E-016 0.2179E-008 0.5673E-016 0.3051E-019 0.3039E-020 0.3825E-019 0.3677E-020 0.2583E-012 0.4620E-020 0.3319E-022 0.7363E-026 0.0000E+000 0.0000E+000
0.1722E+002 0.1000E+001 0.0000E+000 0.0000E+000 0.2250E+001 0.0000E+000 0.4510E-031 0.2550E-004 0.2002E-008 0.8033E-035 0.4420E-011 0.4881E-009 0.7025E-022 0.5108E-014 0.1455E-005 0.2408E-015 0.3909E-017 0.3892E-016 0.2179E-008 0.3288E-016 0.3070E-019 0.1386E-020 0.3036E-019 0.3749E-020 0.2583E-012 0.2804E-020 0.3393E-022 0.7992E-026 0.0000E+000 0.0000E+000
0.1721E+002 0.1000E+001 0.0000E+000 0.0000E+000 0.2250E+001 0.0000E+000 0.1655E-032 0.2550E-004 0.9129E-009 0.2552E-036 0.4420E-011 0.4881E-009 0.5131E-022 0.3178E-014 0.1455E-005 0.1263E-015 0.3919E-017 0.2279E-016 0.2179E-008 0.1899E-016 0.3085E-019 0.6319E-021 0.2412E-019 0.3812E-020 0.2583E-012 0.1681E-020 0.3460E-022 0.8628E-026 0.0000E+000 0.0000E+000
0.1720E+002 0.1000E+001 0.0000E+000 0.0000E+000 0.2250E+001 0.0000E+000 0.1575E-033 0.2550E-004 0.4164E-009 0.9725E-038 0.4420E-011 0.4881E-009 0.3748E-022 0.1969E-014 0.1455E-005 0.6625E-016 0.3925E-017 0.1327E-016 0.2179E-008 0.1094E-016 0.3096E-019 0.2882E-021 0.1920E-019 0.3869E-020 0.2583E-012 0.9975E-021 0.3524E-022 0.9274E-026 0.0000E+000 0.0000E+000
0.1719E+002 0.1000E+001 0.0000E+000 0.0000E+000 0.2250E+001 0.0000E+000 -.1283E-035 0.2550E-004 0.1900E-009 0.5689E-039 0.4420E-011 0.4881E-009 0.2738E-022 0.1216E-014 0.1455E-005 0.3476E-016 0.3929E-017 0.7695E-017 0.2179E-008 0.6285E-017 0.3106E-019 0.1315E-021 0.1531E-019 0.3922E-020 0.2583E-012 0.5873E-021 0.3586E-022 0.9929E-026 0.0000E+000 0.0000E+000
0.1718E+002 0.1000E+001 0.0000E+000 0.0000E+000 0.2250E+001 0.0000E+000 0.2309E-034 0.2550E-004 0.8668E-010 0.7662E-039 0.4420E-011 0.4881E-009 0.2001E-022 0.7489E-015 0.1455E-005 0.1825E-016 0.3931E-017 0.4446E-017 0.2179E-008 0.3605E-017 0.3115E-019 0.6000E-022 0.1223E-019 0.3971E-020 0.2583E-012 0.3437E-021 0.3647E-022 0.1059E-025 0.0000E+000 0.0000E+000
0.1717E+002 0.1000E+001 0.0000E+000 0.0000E+000 0.2250E+001 0.0000E+000 -.3689E-034 0.2550E-004 0.3957E-010 -.6133E-039 0.4420E-011 0.4881E-009 0.1462E-022 0.4600E-015 0.1455E-005 0.9578E-017 0.3933E-017 0.2562E-017 0.2179E-008 0.2066E-017 0.3124E-019 0.2738E-022 0.9805E-020 0.4018E-020 0.2583E-012 0.2001E-021 0.3707E-022 0.1127E-025 0.0000E+000 0.0000E+000
0.1716E+002 0.1000E+001 0.0000E+000 0.0000E+000 0.2250E+001 0.0000E+000 0.2105E-034 0.2550E-004 0.1806E-010 0.1605E-039 0.4420E-011 0.4881E-009 0.1068E-022 0.2820E-015 0.1455E-005 0.5029E-017 0.3933E-017 0.1473E-017 0.2179E-008 0.1182E-017 0.3132E-019 0.1250E-022 0.7887E-020 0.4062E-020 0.2583E-012 0.1161E-021 0.3767E-022 0.1195E-025 0.0000E+000 0.0000E+000
0.1715E+002 0.1000E+001 0.0000E+000 0.0000E+000 0.2250E+001 0.0000E+000 0.1285E-034 0.2550E-004 0.8249E-011 0.2126E-039 0.4420E-011 0.4881E-009 0.7809E-023 0.1726E-015 0.1455E-005 0.2641E-017 0.3934E-017 0.8460E-018 0.2179E-008 0.6762E-018 0.3140E-019 0.5709E-023 0.6371E-020 0.4105E-020 0.2583E-012 0.6710E-022 0.3827E-022 0.1265E-025 0.0000E+000 0.0000E+000
0.1714E+002 0.1000E+001 0.0000E+000 0.0000E+000 0.2250E+001 0.0000E+000 0.4010E-036 0.2550E-004 0.3768E-011 0.2535E-040 0.4420E-011 0.4881E-009 0.5708E-023 0.1055E-015 0.1455E-005 0.1388E-017 0.3934E-017 0.4852E-018 0.2179E-008 0.3866E-018 0.3148E-019 0.2608E-023 0.5174E-020 0.4146E-020 0.2583E-012 0.3870E-022 0.3887E-022 0.1336E-025 0.0000E+000 0.0000E+000
0.1713E+002 0.1000E+001 0.0000E+000 0.0000E+000 0.2250E+001 0.0000E+000 0.2023E-035 0.2550E-004 0.1721E-011 0.4084E-040 0.4420E-011 0.4881E-009 0.4172E-023 0.6443E-016 0.1455E-005 0.7292E-018 0.3934E-017 0.2780E-018 0.2179E-008 0.2209E-018 0.3156E-019 0.1191E-023 0.4227E-020 0.4186E-020 0.2583E-012 0.2227E-022 0.3946E-022 0.1408E-025 0.0000E+000 0.0000E+000
0.1712E+002 0.1000E+001 0.0000E+000 0.0000E+000 0.2250E+001 0.0000E+000 0.3363E-035 0.2550E-004 0.7866E-012 0.6858E-040 0.4420E-011 0.4881E-009 0.3050E-023 0.3930E-016 0.1455E-005 0.3832E-018 0.3934E-017 0.1592E-018 0.2179E-008 0.1262E-018 0.3164E-019 0.5444E-024 0.3479E-020 0.4224E-020 0.2583E-012 0.1280E-022 0.4006E-022 0.1480E-025 0.0000E+000 0.0000E+000
0.1711E+002 0.1000E+001 0.0000E+000 0.0000E+000 0.2250E+001 0.0000E+000 0.1054E-036 0.2550E-004 0.3595E-012 0.6950E-041 0.4420E-011 0.4881E-009 0.2230E-023 0.2395E-016 0.1455E-005 0.2015E-018 0.3934E-017 0.9110E-019 0.2179E-008 0.7207E-019 0.3172E-019 0.2488E-024 0.2888E-020 0.4262E-020 0.2583E-012 0.7345E-023 0.4066E-022 0.1554E-025 0.0000E+000 0.0000E+000
0.1710E+002 0.1000E+001 0.0000E+000 0.0000E+000 0.2250E+001 0.0000E+000 -.5318E-037 0.2550E-004 0.1644E-012 -.2681E-040 0.4420E-011 0.4881E-009 0.1631E-023 0.1459E-016 0.1455E-005 0.1059E-018 0.3934E-017 0.5212E-019 0.2179E-008 0.4116E-019 0.3180E-019 0.1138E-024 0.2421E-020 0.4299E-020 0.2583E-012 0.4212E-023 0.4126E-022 0.1629E-025 0.0000E+000 0.0000E+000
0.1709E+002 0.1000E+001 0.0000E+000 0.0000E+000 0.2250E+001 0.0000E+000 0.6539E-036 0.2550E-004 0.7517E-013 0.1505E-040 0.4420E-011 0.4881E-009 0.1192E-023 0.8882E-017 0.1455E-005 0.5573E-019 0.3934E-017 0.2981E-019 0.2179E-008 0.2351E-019 0.3187E-019 0.5203E-025 0.2052E-020 0.4336E-020 0.2583E-012 0.2413E-023 0.4186E-022 0.1705E-025 0.0000E+000 0.0000E+000
0.1708E+002 0.1000E+001 0.0000E+000 0.0000E+000 0.2250E+001 0.0000E+000 0.4720E-037 0.2550E-004 0.3438E-013 0.1467E-041 0.4420E-011 0.4881E-009 0.8721E-024 0.5405E-017 0.1455E-005 0.2932E-019 0.3934E-017 0.1705E-019 0.2179E-008 0.1343E-019 0.3195E-019 0.2380E-025 0.1760E-020 0.4371E-020 0.2583E-012 0.1382E-023 0.4247E-022 0.1782E-025 0.0000E+000 0.0000E+000
0.1707E+002 0.1000E+001 0.0000E+000 0.0000E+000 0.2250E+001 0.0000E+000 -.2463E-036 0.2550E-004 0.1573E-013 -.1041E-041 0.4420E-011 0.4881E-009 0.6379E-024 0.3288E-017 0.1455E-005 0.1543E-019 0.3934E-017 0.9752E-020 0.2179E-008 0.7668E-020 0.3203E-019 0.1089E-025 0.1530E-020 0.4406E-020 0.2583E-012 0.7911E-024 0.4307E-022 0.1861E-025 0.0000E+000 0.0000E+000
0.1706E+002 0.1000E+001 0.0000E+000 0.0000E+000 0.2250E+001 0.0000E+000 -.5132E-037 0.2550E-004 0.7199E-014 -.1685E-041 0.4420E-011 0.4881E-009 0.4666E-024 0.1999E-017 0.1455E-005 0.8121E-020 0.3934E-017 0.5577E-020 0.2179E-008 0.4380E-020 0.3211E-019 0.4983E-026 0.1347E-020 0.4441E-020 0.2583E-012 0.4528E-024 0.4368E-022 0.1940E-025 0.0000E+000 0.0000E+000
0.1705E+002 0.1000E+001 0.0000E+000 0.0000E+000 0.2250E+001 0.0000E+000 0.1052E-036 0.2550E-004 0.3295E-014 0.3323E-041 0.4420E-011 0.4881E-009 0.3413E-024 0.1215E-017 0.1455E-005 0.4276E-020 0.3934E-017 0.3190E-020 0.2179E-008 0.2502E-020 0.3218E-019 0.2281E-026 0.1203E-020 0.4474E-020 0.2583E-012 0.2591E-024 0.4428E-022 0.2020E-025 0.0000E+000 0.0000E+000
0.1704E+002 0.1000E+001 0.0000E+000 0.0000E+000 0.2250E+001 0.0000E+000 -.1694E-037 0.2550E-004 0.1509E-014 -.4055E-042 0.4420E-011 0.4881E-009 0.2497E-024 0.7388E-018 0.1455E-005 0.2252E-020 0.3934E-017 0.1825E-020 0.2179E-008 0.1430E-020 0.3226E-019 0.1044E-026 0.1089E-020 0.4508E-020 0.2583E-012 0.1482E-024 0.4489E-022 0.2102E-025 0.0000E+000 0.0000E+000
0.1703E+002 0.1000E+001 0.0000E+000 0.0000E+000 0.2250E+001 0.0000E+000 0.1017E-037 0.2550E-004 0.6909E-015 0.8592E-042 0.4420E-011 0.4881E-009 0.1827E-024 0.4490E-018 0.1455E-005 0.1186E-020 0.3934E-017 0.1044E-020 0.2179E-008 0.8168E-021 0.3234E-019 0.4782E-027 0.9993E-021 0.4540E-020 0.2583E-012 0.8481E-025 0.4550E-022 0.2184E-025 0.0000E+000 0.0000E+000
0.1702E+002 0.1000E+001 0.0000E+000 0.0000E+000 0.2250E+001 0.0000E+000 0.4856E-038 0.2550E-004 0.3165E-015 0.3140E-042 0.4420E-011 0.4881E-009 0.1337E-024 0.2729E-018 0.1455E-005 0.6249E-021 0.3934E-017 0.5973E-021 0.2179E-008 0.4668E-021 0.3242E-019 0.2191E-027 0.9282E-021 0.4572E-020 0.2583E-012 0.4852E-025 0.4611E-022 0.2268E-025 0.0000E+000 0.0000E+000
0.1701E+002 0.1000E+001 0.0000E+000 0.0000E+000 0.2250E+001 0.0000E+000 0.1543E-039 0.2550E-004 0.1450E-015 0.1506E-043 0.4420E-011 0.4881E-009 0.9786E-025 0.1658E-018 0.1455E-005 0.3293E-021 0.3934E-017 0.3418E-021 0.2179E-008 0.2668E-021 0.3249E-019 0.1004E-027 0.8721E-021 0.4604E-020 0.2583E-012 0.2776E-025 0.4673E-022 0.2352E-025 0.0000E+000 0.0000E+000
0.1700E+002 0.1000E+001 0.0000E+000 0.0000E+000 0.2250E+001 0.0000E+000 0.4369E-038 0.2550E-004 0.6645E-016 0.1228E-042 0.4420E-011 0.4881E-009 0.7162E-025 0.1008E-018 0.1455E-005 0.1736E-021 0.3933E-017 0.1957E-021 0.2179E-008 0.1525E-021 0.3257E-019 0.4600E-028 0.8277E-021 0.4635E-020 0.2583E-012 0.1589E-025 0.4734E-022 0.2438E-025 0.0000E+000 0.0000E+000
0.1699E+002 0.1000E+001 0.0000E+000 0.0000E+000 0.2250E+001 0.0000E+000 -.4446E-038 0.2550E-004 0.3046E-016 -.8693E-043 0.4420E-011 0.4881E-009 0.5243E-025 0.6123E-019 0.1455E-005 0.9153E-022 0.3933E-017 0.1120E-021 0.2179E-008 0.8723E-022 0.3265E-019 0.2108E-028 0.7927E-021 0.4665E-020 0.2583E-012 0.9093E-026 0.4795E-022 0.2525E-025 0.0000E+000 0.0000E+000
0.1698E+002 0.1000E+001 0.0000E+000 0.0000E+000 0.2250E+001 0.0000E+000 0.7269E-039 0.2550E-004 0.1397E-016 -.1200E-043 0.4420E-011 0.4881E-009 0.3838E-025 0.3720E-019 0.1455E-005 0.4827E-022 0.3933E-017 0.6416E-022 0.2179E-008 0.4989E-022 0.3273E-019 0.9667E-029 0.7650E-021 0.4696E-020 0.2583E-012 0.5205E-026 0.4857E-022 0.2613E-025 0.0000E+000 0.0000E+000
0.1697E+002 0.1000E+001 0.0000E+000 0.0000E+000 0.2250E+001 0.0000E+000 -.1529E-039 0.2550E-004 0.6405E-017 0.1906E-044 0.4420E-011 0.4881E-009 0.2810E-025 0.2261E-019 0.1455E-005 0.2546E-022 0.3933E-017 0.3675E-022 0.2179E-008 0.2854E-022 0.3280E-019 0.4434E-029 0.7432E-021 0.4725E-020 0.2583E-012 0.2980E-026 0.4919E-022 0.2702E-025 0.0000E+000 0.0000E+000
0.1696E+002 0.1000E+001 0.0000E+000 0.0000E+000 0.2250E+001 0.0000E+000 0.4584E-040 0.2550E-004 0.2938E-017 -.5156E-044 0.4420E-011 0.4881E-009 0.2057E-025 0.1374E-019 0.1455E-005 0.1344E-022 0.3933E-017 0.2106E-022 0.2179E-008 0.1633E-022 0.3288E-019 0.2034E-029 0.7261E-021 0.4754E-020 0.2583E-012 0.1707E-026 0.4980E-022 0.2792E-025 0.0000E+000 0.0000E+000
0.1695E+002 0.1000E+001 0.0000E+000 0.0000E+000 0.2250E+001 0.0000E+000 0.1136E-039 0.2550E-004 0.1348E-017 0.3703E-044 0.4420E-011 0.4881E-009 0.1506E-025 0.8350E-020 0.1455E-005 0.7091E-023 0.3933E-017 0.1207E-022 0.2179E-008 0.9343E-023 0.3296E-019 0.9332E-030 0.7125E-021 0.4783E-020 0.2583E-012 0.9775E-027 0.5042E-022 0.2884E-025 0.0000E+000 0.0000E+000
0.1694E+002 0.1000E+001 0.0000E+000 0.0000E+000 0.2250E+001 0.0000E+000 0.1028E-040 0.2550E-004 0.6187E-018 0.1558E-044 0.4420E-011 0.4881E-009 0.1103E-025 0.5075E-020 0.1455E-005 0.3743E-023 0.3933E-017 0.6919E-023 0.2179E-008 0.5347E-023 0.3304E-019 0.4283E-030 0.7019E-021 0.4811E-020 0.2583E-012 0.5600E-027 0.5104E-022 0.2976E-025 0.0000E+000 0.0000E+000
0.1693E+002 0.1000E+001 0.0000E+000 0.0000E+000 0.2250E+001 0.0000E+000 -.4081E-039 0.2550E-004 0.2840E-018 -.7118E-044 0.4420E-011 0.4881E-009 0.8080E-026 0.3085E-020 0.1455E-005 0.1977E-023 0.3933E-017 0.3967E-023 0.2179E-008 0.3061E-023 0.3311E-019 0.1966E-030 0.6936E-021 0.4839E-020 0.2583E-012 0.3209E-027 0.5167E-022 0.3070E-025 0.0000E+000 0.0000E+000
0.1692E+002 0.1000E+001 0.0000E+000 0.0000E+000 0.2250E+001 0.0000E+000 0.7231E-040 0.2550E-004 0.1304E-018 -.4066E-045 0.4420E-011 0.4881E-009 0.5918E-026 0.1875E-020 0.1455E-005 0.1044E-023 0.3933E-017 0.2276E-023 0.2179E-008 0.1753E-023 0.3319E-019 0.9027E-031 0.6870E-021 0.4866E-020 0.2583E-012 0.1839E-027 0.5229E-022 0.3164E-025 0.0000E+000 0.0000E+000
0.1691E+002 0.1000E+001 0.0000E+000 0.0000E+000 0.2250E+001 0.0000E+000 -.7511E-040 0.2550E-004 0.5990E-019 -.1317E-044 0.4420E-011 0.4881E-009 0.4335E-026 0.1140E-020 0.1455E-005 0.5516E-024 0.3933E-017 0.1306E-023 0.2179E-008 0.1004E-023 0.3327E-019 0.4146E-031 0.6819E-021 0.4893E-020 0.2583E-012 0.1055E-027 0.5291E-022 0.3260E-025 0.0000E+000 0.0000E+000
0.1690E+002 0.1000E+001 0.0000E+000 0.0000E+000 0.2250E+001 0.0000E+000 0.2912E-039 0.2550E-004 0.2752E-019 0.4421E-044 0.4420E-011 0.4881E-009 0.3176E-026 0.6931E-021 0.1455E-005 0.2915E-024 0.3933E-017 0.7496E-024 0.2179E-008 0.5750E-024 0.3335E-019 0.1904E-031 0.6780E-021 0.4919E-020 0.2583E-012 0.6047E-028 0.5354E-022 0.3357E-025 0.0000E+000 0.0000E+000
0.1689E+002 0.1000E+001 0.0000E+000 0.0000E+000 0.2250E+001 0.0000E+000 0.3068E-040 0.2550E-004 0.1264E-019 0.7938E-045 0.4420E-011 0.4881E-009 0.2327E-026 0.4215E-021 0.1455E-005 0.1541E-024 0.3933E-017 0.4304E-024 0.2179E-008 0.3295E-024 0.3342E-019 0.8751E-032 0.6749E-021 0.4945E-020 0.2583E-012 0.3469E-028 0.5417E-022 0.3455E-025 0.0000E+000 0.0000E+000
0.1688E+002 0.1000E+001 0.0000E+000 0.0000E+000 0.2250E+001 0.0000E+000 -.5461E-040 0.2550E-004 0.5811E-020 -.1019E-044 0.4420E-011 0.4881E-009 0.1705E-026 0.2563E-021 0.1455E-005 0.8145E-025 0.3932E-017 0.2472E-024 0.2179E-008 0.1888E-024 0.3350E-019 0.4022E-032 0.6725E-021 0.4971E-020 0.2583E-012 0.1990E-028 0.5480E-022 0.3554E-025 0.0000E+000 0.0000E+000
0.1687E+002 0.1000E+001 0.0000E+000 0.0000E+000 0.2250E+001 0.0000E+000 -.6719E-040 0.2550E-004 0.2671E-020 -.1128E-044 0.4420E-011 0.4881E-009 0.1249E-026 0.1559E-021 0.1455E-005 0.4307E-025 0.3932E-017 0.1420E-024 0.2179E-008 0.1082E-024 0.3358E-019 0.1849E-032 0.6707E-021 0.4996E-020 0.2583E-012 0.1142E-028 0.5542E-022 0.3654E-025 0.0000E+000 0.0000E+000
0.1686E+002 0.1000E+001 0.0000E+000 0.0000E+000 0.2250E+001 0.0000E+000 0.1047E-040 0.2550E-004 0.1228E-020 -.3951E-045 0.4420E-011 0.4881E-009 0.9157E-027 0.9484E-022 0.1455E-005 0.2278E-025 0.3932E-017 0.8163E-025 0.2179E-008 0.6205E-025 0.3365E-019 0.8502E-033 0.6694E-021 0.5021E-020 0.2583E-012 0.6558E-029 0.5606E-022 0.3755E-025 0.0000E+000 0.0000E+000
0.1685E+002 0.1000E+001 0.0000E+000 0.0000E+000 0.2250E+001 0.0000E+000 -.1105E-040 0.2550E-004 0.5650E-021 0.4122E-046 0.4420E-011 0.4881E-009 0.6712E-027 0.5770E-022 0.1455E-005 0.1205E-025 0.3932E-017 0.4693E-025 0.2179E-008 0.3558E-025 0.3373E-019 0.3910E-033 0.6684E-021 0.5045E-020 0.2583E-012 0.3766E-029 0.5669E-022 0.3857E-025 0.0000E+000 0.0000E+000
0.1684E+002 0.1000E+001 0.0000E+000 0.0000E+000 0.2250E+001 0.0000E+000 -.3595E-042 0.2550E-004 0.2599E-021 -.1726E-046 0.4420E-011 0.4881E-009 0.4920E-027 0.3511E-022 0.1455E-005 0.6380E-026 0.3932E-017 0.2699E-025 0.2179E-008 0.2041E-025 0.3381E-019 0.1799E-033 0.6676E-021 0.5069E-020 0.2583E-012 0.2164E-029 0.5732E-022 0.3961E-025 0.0000E+000 0.0000E+000
0.1683E+002 0.1000E+001 0.0000E+000 0.0000E+000 0.2250E+001 0.0000E+000 -.3782E-040 0.2550E-004 0.1196E-021 -.3537E-045 0.4420E-011 0.4881E-009 0.3607E-027 0.2137E-022 0.1455E-005 0.3377E-026 0.3932E-017 0.1553E-025 0.2179E-008 0.1171E-025 0.3389E-019 0.8278E-034 0.6671E-021 0.5093E-020 0.2583E-012 0.1243E-029 0.5796E-022 0.4066E-025 0.0000E+000 0.0000E+000
0.1682E+002 0.1000E+001 0.0000E+000 0.0000E+000 0.2250E+001 0.0000E+000 -.1233E-041 0.2550E-004 0.5506E-022 -.7084E-046 0.4420E-011 0.4881E-009 0.2644E-027 0.1300E-022 0.1455E-005 0.1788E-026 0.3932E-017 0.8939E-026 0.2179E-008 0.6717E-026 0.3396E-019 0.3810E-034 0.6668E-021 0.5116E-020 0.2583E-012 0.7146E-030 0.5859E-022 0.4171E-025 0.0000E+000 0.0000E+000
0.1681E+002 0.1000E+001 0.0000E+000 0.0000E+000 0.2250E+001 0.0000E+000 0.7214E-041 0.2550E-004 0.2535E-022 0.4508E-045 0.4420E-011 0.4881E-009 0.1939E-027 0.7916E-023 0.1455E-005 0.9470E-027 0.3932E-017 0.5147E-026 0.2179E-008 0.3855E-026 0.3404E-019 0.1754E-034 0.6666E-021 0.5139E-020 0.2583E-012 0.4109E-030 0.5923E-022 0.4278E-025 0.0000E+000 0.0000E+000
0.1680E+002 0.1000E+001 0.0000E+000 0.0000E+000 0.2250E+001 0.0000E+000 -.2215E-041 0.2550E-004 0.1167E-022 -.9732E-046 0.4420E-011 0.4881E-009 0.1422E-027 0.4819E-023 0.1455E-005 0.5017E-027 0.3932E-017 0.2965E-026 0.2179E-008 0.2213E-026 0.3412E-019 0.8077E-035 0.6666E-021 0.5161E-020 0.2583E-012 0.2363E-030 0.5987E-022 0.4386E-025 0.0000E+000 0.0000E+000
0.1679E+002 0.1000E+001 0.0000E+000 0.0000E+000 0.2250E+001 0.0000E+000 0.7373E-041 0.2550E-004 0.5378E-023 -.4718E-047 0.4420E-011 0.4881E-009 0.1043E-027 0.2935E-023 0.1455E-005 0.2659E-027 0.3932E-017 0.1709E-026 0.2179E-008 0.1271E-026 0.3419E-019 0.3720E-035 0.6666E-021 0.5184E-020 0.2583E-012 0.1360E-030 0.6051E-022 0.4495E-025 0.0000E+000 0.0000E+000
0.1678E+002 0.1000E+001 0.0000E+000 0.0000E+000 0.2250E+001 0.0000E+000 -.3675E-040 0.2550E-004 0.2478E-023 -.5667E-045 0.4420E-011 0.4881E-009 0.7648E-028 0.1787E-023 0.1455E-005 0.1409E-027 0.3932E-017 0.9851E-027 0.2179E-008 0.7296E-027 0.3427E-019 0.1714E-035 0.6666E-021 0.5205E-020 0.2583E-012 0.7826E-031 0.6115E-022 0.4605E-025 0.0000E+000 0.0000E+000
0.1677E+002 0.1000E+001 0.0000E+000 0.0000E+000 0.2250E+001 0.0000E+000 0.2801E-040 0.2550E-004 0.1142E-023 0.5261E-045 0.4420E-011 0.4881E-009 0.5610E-028 0.1088E-023 0.1455E-005 0.7471E-028 0.3932E-017 0.5682E-027 0.2179E-008 0.4191E-027 0.3435E-019 0.7898E-036 0.6668E-021 0.5227E-020 0.2583E-012 0.4506E-031 0.6179E-022 0.4717E-025 0.0000E+000 0.0000E+000
0.1676E+002 0.1000E+001 0.0000E+000 0.0000E+000 0.2250E+001 0.0000E+000 -.5713E-041 0.2550E-004 0.5266E-024 -.9522E-046 0.4420E-011 0.4881E-009 0.4115E-028 0.6631E-024 0.1455E-005 0.3962E-028 0.3932E-017 0.3278E-027 0.2179E-008 0.2408E-027 0.3443E-019 0.3640E-036 0.6669E-021 0.5248E-020 0.2583E-012 0.2595E-031 0.6243E-022 0.4829E-025 0.0000E+000 0.0000E+000
0.1675E+002 0.1000E+001 0.0000E+000 0.0000E+000 0.2250E+001 0.0000E+000 -.1059E-040 0.2550E-004 0.2429E-024 -.2324E-045 0.4420E-011 0.4881E-009 0.3019E-028 0.4040E-024 0.1455E-005 0.2101E-028 0.3931E-017 0.1893E-027 0.2179E-008 0.1384E-027 0.3450E-019 0.1678E-036 0.6672E-021 0.5269E-020 0.2583E-012 0.1495E-031 0.6308E-022 0.4943E-025 0.0000E+000 0.0000E+000
0.1674E+002 0.1000E+001 0.0000E+000 0.0000E+000 0.2250E+001 0.0000E+000 -.3492E-042 0.2550E-004 0.1120E-024 -.2319E-046 0.4420E-011 0.4881E-009 0.2215E-028 0.2462E-024 0.1455E-005 0.1115E-028 0.3931E-017 0.1093E-027 0.2179E-008 0.7952E-028 0.3458E-019 0.7740E-037 0.6674E-021 0.5289E-020 0.2583E-012 0.8619E-032 0.6372E-022 0.5058E-025 0.0000E+000 0.0000E+000
0.1673E+002 0.1000E+001 0.0000E+000 0.0000E+000 0.2250E+001 0.0000E+000 -.3207E-041 0.2550E-004 0.5171E-025 -.1710E-045 0.4420E-011 0.4881E-009 0.1626E-028 0.1500E-024 0.1455E-005 0.5918E-029 0.3931E-017 0.6315E-028 0.2179E-008 0.4572E-028 0.3466E-019 0.3570E-037 0.6676E-021 0.5309E-020 0.2583E-012 0.4970E-032 0.6437E-022 0.5173E-025 0.0000E+000 0.0000E+000
0.1672E+002 0.1000E+001 0.0000E+000 0.0000E+000 0.2250E+001 0.0000E+000 -.2438E-040 0.2550E-004 0.2387E-025 -.3074E-045 0.4420E-011 0.4881E-009 0.1193E-028 0.9144E-025 0.1455E-005 0.3141E-029 0.3931E-017 0.3651E-028 0.2179E-008 0.2629E-028 0.3473E-019 0.1647E-037 0.6679E-021 0.5329E-020 0.2583E-012 0.2867E-032 0.6502E-022 0.5290E-025 0.0000E+000 0.0000E+000
0.1671E+002 0.1000E+001 0.0000E+000 0.0000E+000 0.2250E+001 0.0000E+000 0.3651E-040 0.2550E-004 0.1103E-025 0.4747E-045 0.4420E-011 0.4881E-009 0.8756E-029 0.5574E-025 0.1455E-005 0.1668E-029 0.3931E-017 0.2112E-028 0.2179E-008 0.1512E-028 0.3481E-019 0.7601E-038 0.6682E-021 0.5349E-020 0.2583E-012 0.1654E-032 0.6567E-022 0.5409E-025 0.0000E+000 0.0000E+000
0.1670E+002 0.1000E+001 0.0000E+000 0.0000E+000 0.2250E+001 0.0000E+000 0.1210E-041 0.2550E-004 0.5095E-026 0.7244E-046 0.4420E-011 0.4881E-009 0.6427E-029 0.3399E-025 0.1455E-005 0.8860E-030 0.3931E-017 0.1222E-028 0.2179E-008 0.8697E-029 0.3489E-019 0.3509E-038 0.6685E-021 0.5368E-020 0.2583E-012 0.9550E-033 0.6632E-022 0.5528E-025 0.0000E+000 0.0000E+000
0.1669E+002 0.1000E+001 0.0000E+000 0.0000E+000 0.2250E+001 0.0000E+000 0.5235E-040 0.2550E-004 0.2356E-026 0.1214E-044 0.4420E-011 0.4881E-009 0.4718E-029 0.2073E-025 0.1455E-005 0.4707E-030 0.3931E-017 0.7075E-029 0.2179E-008 0.5004E-029 0.3496E-019 0.1620E-038 0.6688E-021 0.5387E-020 0.2583E-012 0.5515E-033 0.6697E-022 0.5648E-025 0.0000E+000 0.0000E+000
0.1668E+002 0.1000E+001 0.0000E+000 0.0000E+000 0.2250E+001 0.0000E+000 0.1160E-040 0.2550E-004 0.1090E-026 0.2767E-045 0.4420E-011 0.4881E-009 0.3464E-029 0.1264E-025 0.1455E-005 0.2502E-030 0.3931E-017 0.4098E-029 0.2179E-008 0.2880E-029 0.3504E-019 0.7481E-039 0.6691E-021 0.5405E-020 0.2583E-012 0.3186E-033 0.6762E-022 0.5770E-025 0.0000E+000 0.0000E+000
0.1667E+002 0.1000E+001 0.0000E+000 0.0000E+000 0.2250E+001 0.0000E+000 -.1603E-040 0.2550E-004 0.5045E-027 -.4027E-045 0.4420E-011 0.4881E-009 0.2543E-029 0.7711E-026 0.1455E-005 0.1330E-030 0.3931E-017 0.2375E-029 0.2179E-008 0.1658E-029 0.3512E-019 0.3456E-039 0.6695E-021 0.5423E-020 0.2583E-012 0.1842E-033 0.6827E-022 0.5893E-025 0.0000E+000 0.0000E+000
0.1666E+002 0.1000E+001 0.0000E+000 0.0000E+000 0.2250E+001 0.0000E+000 -.3394E-040 0.2550E-004 0.2337E-027 -.4274E-045 0.4420E-011 0.4881E-009 0.1867E-029 0.4704E-026 0.1455E-005 0.7071E-031 0.3931E-017 0.1378E-029 0.2179E-008 0.9543E-030 0.3519E-019 0.1597E-039 0.6698E-021 0.5441E-020 0.2583E-012 0.1065E-033 0.6893E-022 0.6016E-025 0.0000E+000 0.0000E+000
0.1665E+002 0.1000E+001 0.0000E+000 0.0000E+000 0.2250E+001 0.0000E+000 -.1133E-041 0.2550E-004 0.1084E-027 -.6736E-046 0.4420E-011 0.4881E-009 0.1371E-029 0.2870E-026 0.1455E-005 0.3761E-031 0.3931E-017 0.7994E-030 0.2179E-008 0.5496E-030 0.3527E-019 0.7379E-040 0.6701E-021 0.5459E-020 0.2583E-012 0.6162E-034 0.6959E-022 0.6141E-025 0.0000E+000 0.0000E+000
0.1664E+002 0.1000E+001 0.0000E+000 0.0000E+000 0.2250E+001 0.0000E+000 0.9427E-041 0.2550E-004 0.5031E-028 -.1122E-045 0.4420E-011 0.4881E-009 0.1007E-029 0.1752E-026 0.1455E-005 0.2001E-031 0.3931E-017 0.4641E-030 0.2179E-008 0.3165E-030 0.3535E-019 0.3411E-040 0.6705E-021 0.5477E-020 0.2583E-012 0.3567E-034 0.7024E-022 0.6268E-025 0.0000E+000 0.0000E+000
0.1663E+002 0.1000E+001 0.0000E+000 0.0000E+000 0.2250E+001 0.0000E+000 0.3155E-042 0.2550E-004 0.2339E-028 0.1314E-046 0.4420E-011 0.4881E-009 0.7398E-030 0.1069E-026 0.1455E-005 0.1065E-031 0.3931E-017 0.2697E-030 0.2179E-008 0.1824E-030 0.3542E-019 0.1577E-040 0.6708E-021 0.5494E-020 0.2583E-012 0.2065E-034 0.7090E-022 0.6395E-025 0.0000E+000 0.0000E+000
0.1662E+002 0.1000E+001 0.0000E+000 0.0000E+000 0.2250E+001 0.0000E+000 -.5038E-042 0.2550E-004 0.1089E-028 -.1192E-045 0.4420E-011 0.4881E-009 0.5434E-030 0.6527E-027 0.1455E-005 0.5669E-032 0.3930E-017 0.1568E-030 0.2179E-008 0.1051E-030 0.3550E-019 0.7294E-041 0.6711E-021 0.5511E-020 0.2583E-012 0.1197E-034 0.7156E-022 0.6523E-025 0.0000E+000 0.0000E+000
0.1661E+002 0.1000E+001 0.0000E+000 0.0000E+000 0.2250E+001 0.0000E+000 0.2517E-041 0.2550E-004 0.5079E-029 0.3354E-045 0.4420E-011 0.4881E-009 0.3992E-030 0.3985E-027 0.1455E-005 0.3019E-032 0.3930E-017 0.9119E-031 0.2179E-008 0.6056E-031 0.3558E-019 0.3374E-041 0.6715E-021 0.5527E-020 0.2583E-012 0.6937E-035 0.7222E-022 0.6653E-025 0.0000E+000 0.0000E+000
0.1660E+002 0.1000E+001 0.0000E+000 0.0000E+000 0.2250E+001 0.0000E+000 0.6236E-041 0.2550E-004 0.2375E-029 -.7690E-046 0.4420E-011 0.4881E-009 0.2933E-030 0.2433E-027 0.1455E-005 0.1608E-032 0.3930E-017 0.5308E-031 0.2179E-008 0.3491E-031 0.3565E-019 0.1561E-041 0.6718E-021 0.5543E-020 0.2583E-012 0.4023E-035 0.7289E-022 0.6784E-025 0.0000E+000 0.0000E+000
0.1659E+002 0.1000E+001 0.0000E+000 0.0000E+000 0.2250E+001 0.0000E+000 0.2099E-042 0.2550E-004 0.1114E-029 0.8651E-047 0.4420E-011 0.4881E-009 0.2155E-030 0.1486E-027 0.1455E-005 0.8567E-033 0.3930E-017 0.3092E-031 0.2179E-008 0.2013E-031 0.3573E-019 0.7226E-042 0.6722E-021 0.5560E-020 0.2583E-012 0.2335E-035 0.7355E-022 0.6915E-025 0.0000E+000 0.0000E+000
0.1658E+002 0.1000E+001 0.0000E+000 0.0000E+000 0.2250E+001 0.0000E+000 -.6126E-041 0.2550E-004 0.5240E-030 0.6505E-046 0.4420E-011 0.4881E-009 0.1584E-030 0.9078E-028 0.1455E-005 0.4566E-033 0.3930E-017 0.1802E-031 0.2179E-008 0.1161E-031 0.3580E-019 0.3345E-042 0.6725E-021 0.5575E-020 0.2583E-012 0.1355E-035 0.7422E-022 0.7049E-025 0.0000E+000 0.0000E+000
0.1657E+002 0.1000E+001 0.0000E+000 0.0000E+000 0.2250E+001 0.0000E+000 -.2068E-042 0.2550E-004 0.2476E-030 -.8769E-047 0.4420E-011 0.4881E-009 0.1164E-030 0.5546E-028 0.1455E-005 0.2434E-033 0.3930E-017 0.1051E-031 0.2179E-008 0.6697E-032 0.3588E-019 0.1549E-042 0.6728E-021 0.5591E-020 0.2583E-012 0.7874E-036 0.7488E-022 0.7183E-025 0.0000E+000 0.0000E+000
0.1656E+002 0.1000E+001 0.0000E+000 0.0000E+000 0.2250E+001 0.0000E+000 -.2730E-040 0.2550E-004 0.1176E-030 -.4364E-045 0.4420E-011 0.4881E-009 0.8556E-031 0.3389E-028 0.1455E-005 0.1298E-033 0.3930E-017 0.6137E-032 0.2179E-008 0.3864E-032 0.3596E-019 0.7174E-043 0.6732E-021 0.5606E-020 0.2583E-012 0.4577E-036 0.7555E-022 0.7318E-025 0.0000E+000 0.0000E+000
0.1655E+002 0.1000E+001 0.0000E+000 0.0000E+000 0.2250E+001 0.0000E+000 -.1436E-040 0.2550E-004 0.5618E-031 -.1201E-045 0.4420E-011 0.4881E-009 0.6289E-031 0.2071E-028 0.1455E-005 0.6926E-034 0.3930E-017 0.3585E-032 0.2179E-008 0.2230E-032 0.3603E-019 0.3323E-043 0.6735E-021 0.5621E-020 0.2583E-012 0.2662E-036 0.7622E-022 0.7455E-025 0.0000E+000 0.0000E+000
0.1654E+002 0.1000E+001 0.0000E+000 0.0000E+000 0.2250E+001 0.0000E+000 0.1220E-041 0.2550E-004 0.2704E-031 -.2269E-045 0.4420E-011 0.4881E-009 0.4623E-031 0.1266E-028 0.1455E-005 0.3696E-034 0.3930E-017 0.2096E-032 0.2179E-008 0.1287E-032 0.3611E-019 0.1540E-043 0.6739E-021 0.5636E-020 0.2583E-012 0.1549E-036 0.7689E-022 0.7592E-025 0.0000E+000 0.0000E+000
0.1653E+002 0.1000E+001 0.0000E+000 0.0000E+000 0.2250E+001 0.0000E+000 0.3950E-040 0.2550E-004 0.1313E-031 0.7752E-045 0.4420E-011 0.4881E-009 0.3399E-031 0.7737E-029 0.1455E-005 0.1973E-034 0.3930E-017 0.1226E-032 0.2179E-008 0.7430E-033 0.3619E-019 0.7138E-044 0.6742E-021 0.5651E-020 0.2583E-012 0.9021E-037 0.7756E-022 0.7731E-025 0.0000E+000 0.0000E+000
0.1652E+002 0.1000E+001 0.0000E+000 0.0000E+000 0.2250E+001 0.0000E+000 0.8414E-041 0.2550E-004 0.6434E-032 0.1380E-045 0.4420E-011 0.4881E-009 0.2499E-031 0.4730E-029 0.1455E-005 0.1054E-034 0.3930E-017 0.7181E-033 0.2179E-008 0.4290E-033 0.3626E-019 0.3309E-044 0.6746E-021 0.5665E-020 0.2583E-012 0.5257E-037 0.7823E-022 0.7871E-025 0.0000E+000 0.0000E+000
0.1651E+002 0.1000E+001 0.0000E+000 0.0000E+000 0.2250E+001 0.0000E+000 0.2259E-040 0.2550E-004 0.3189E-032 0.2950E-045 0.4420E-011 0.4881E-009 0.1838E-031 0.2893E-029 0.1455E-005 0.5628E-035 0.3930E-017 0.4208E-033 0.2179E-008 0.2478E-033 0.3634E-019 0.1535E-044 0.6749E-021 0.5679E-020 0.2583E-012 0.3065E-037 0.7890E-022 0.8012E-025 0.0000E+000 0.0000E+000
0.1650E+002 0.1000E+001 0.0000E+000 0.0000E+000 0.2250E+001 0.0000E+000 0.4140E-040 0.2550E-004 0.1600E-032 0.8035E-045 0.4420E-011 0.4881E-009 0.1352E-031 0.1769E-029 0.1455E-005 0.3008E-035 0.3930E-017 0.2468E-033 0.2179E-008 0.1432E-033 0.3642E-019 0.7117E-045 0.6753E-021 0.5693E-020 0.2583E-012 0.1788E-037 0.7958E-022 0.8155E-025 0.0000E+000 0.0000E+000
0.1649E+002 0.1000E+001 0.0000E+000 0.0000E+000 0.2250E+001 0.0000E+000 -.3708E-041 0.2550E-004 0.8141E-033 0.5386E-046 0.4420E-011 0.4881E-009 0.9942E-032 0.1082E-029 0.1455E-005 0.1608E-035 0.3929E-017 0.1449E-033 0.2179E-008 0.8272E-034 0.3649E-019 0.3302E-045 0.6756E-021 0.5707E-020 0.2583E-012 0.1044E-037 0.8026E-022 0.8298E-025 0.0000E+000 0.0000E+000
0.1648E+002 0.1000E+001 0.0000E+000 0.0000E+000 0.2250E+001 0.0000E+000 -.1267E-042 0.2550E-004 0.4202E-033 -.4987E-047 0.4420E-011 0.4881E-009 0.7313E-032 0.6620E-030 0.1455E-005 0.8598E-036 0.3929E-017 0.8512E-034 0.2179E-008 0.4781E-034 0.3657E-019 0.1532E-045 0.6760E-021 0.5720E-020 0.2583E-012 0.6101E-038 0.8093E-022 0.8443E-025 0.0000E+000 0.0000E+000
0.1647E+002 0.1000E+001 0.0000E+000 0.0000E+000 0.2250E+001 0.0000E+000 0.2193E-040 0.2550E-004 0.2200E-033 0.1397E-044 0.4420E-011 0.4881E-009 0.5380E-032 0.4050E-030 0.1455E-005 0.4598E-036 0.3929E-017 0.5004E-034 0.2179E-008 0.2763E-034 0.3664E-019 0.7107E-046 0.6763E-021 0.5734E-020 0.2583E-012 0.3567E-038 0.8161E-022 0.8589E-025 0.0000E+000 0.0000E+000
0.1646E+002 0.1000E+001 0.0000E+000 0.0000E+000 0.2250E+001 0.0000E+000 0.5989E-042 0.2550E-004 0.1169E-033 0.6326E-046 0.4420E-011 0.4881E-009 0.3958E-032 0.2478E-030 0.1455E-005 0.2460E-036 0.3929E-017 0.2945E-034 0.2179E-008 0.1597E-034 0.3672E-019 0.3297E-046 0.6767E-021 0.5747E-020 0.2583E-012 0.2087E-038 0.8229E-022 0.8736E-025 0.0000E+000 0.0000E+000
0.1645E+002 0.1000E+001 0.0000E+000 0.0000E+000 0.2250E+001 0.0000E+000 -.3638E-039 0.2550E-004 0.6307E-034 -.4636E-044 0.4420E-011 0.4881E-009 0.2912E-032 0.1516E-030 0.1455E-005 0.1316E-036 0.3929E-017 0.1734E-034 0.2179E-008 0.9235E-035 0.3680E-019 0.1530E-046 0.6770E-021 0.5759E-020 0.2583E-012 0.1222E-038 0.8297E-022 0.8884E-025 0.0000E+000 0.0000E+000
0.1644E+002 0.1000E+001 0.0000E+000 0.0000E+000 0.2250E+001 0.0000E+000 -.9912E-041 0.2550E-004 0.3450E-034 -.7204E-045 0.4420E-011 0.4881E-009 0.2143E-032 0.9282E-031 0.1455E-005 0.7048E-037 0.3929E-017 0.1022E-034 0.2179E-008 0.5340E-035 0.3687E-019 0.7101E-047 0.6774E-021 0.5772E-020 0.2583E-012 0.7157E-039 0.8365E-022 0.9033E-025 0.0000E+000 0.0000E+000
0.1643E+002 0.1000E+001 0.0000E+000 0.0000E+000 0.2250E+001 0.0000E+000 -.7291E-039 0.2550E-004 0.1913E-034 -.1551E-043 0.4420E-011 0.4881E-009 0.1577E-032 0.5682E-031 0.1455E-005 0.3775E-037 0.3929E-017 0.6032E-035 0.2179E-008 0.3089E-035 0.3695E-019 0.3297E-047 0.6777E-021 0.5785E-020 0.2583E-012 0.4197E-039 0.8433E-022 0.9184E-025 0.0000E+000 0.0000E+000
0.1642E+002 0.1000E+001 0.0000E+000 0.0000E+000 0.2250E+001 0.0000E+000 -.2002E-040 0.2550E-004 0.1073E-034 -.1559E-044 0.4420E-011 0.4881E-009 0.1161E-032 0.3479E-031 0.1455E-005 0.2023E-037 0.3929E-017 0.3562E-035 0.2179E-008 0.1787E-035 0.3702E-019 0.1531E-047 0.6781E-021 0.5797E-020 0.2583E-012 0.2463E-039 0.8502E-022 0.9335E-025 0.0000E+000 0.0000E+000
0.1641E+002 0.1000E+001 0.0000E+000 0.0000E+000 0.2250E+001 0.0000E+000 -.3769E-039 0.2550E-004 0.6083E-035 -.8466E-044 0.4420E-011 0.4881E-009 0.8543E-033 0.2130E-031 0.1455E-005 0.1085E-037 0.3929E-017 0.2106E-035 0.2179E-008 0.1034E-035 0.3710E-019 0.7110E-048 0.6784E-021 0.5809E-020 0.2583E-012 0.1446E-039 0.8570E-022 0.9488E-025 0.0000E+000 0.0000E+000
0.1640E+002 0.1000E+001 0.0000E+000 0.0000E+000 0.2250E+001 0.0000E+000 -.2371E-039 0.2550E-004 0.3481E-035 -.6931E-044 0.4420E-011 0.4881E-009 0.6289E-033 0.1305E-031 0.1455E-005 0.5817E-038 0.3929E-017 0.1246E-035 0.2179E-008 0.5986E-036 0.3718E-019 0.3303E-048 0.6788E-021 0.5821E-020 0.2583E-012 0.8502E-040 0.8639E-022 0.9642E-025 0.0000E+000 0.0000E+000
0.1639E+002 0.1000E+001 0.0000E+000 0.0000E+000 0.2250E+001 0.0000E+000 -.2608E-039 0.2550E-004 0.2009E-035 -.7677E-044 0.4420E-011 0.4881E-009 0.4630E-033 0.7992E-032 0.1455E-005 0.3121E-038 0.3929E-017 0.7379E-036 0.2179E-008 0.3466E-036 0.3725E-019 0.1535E-048 0.6791E-021 0.5832E-020 0.2583E-012 0.5002E-040 0.8708E-022 0.9798E-025 0.0000E+000 0.0000E+000
0.1638E+002 0.1000E+001 0.0000E+000 0.0000E+000 0.2250E+001 0.0000E+000 0.7754E-039 0.2550E-004 0.1167E-035 0.1345E-043 0.4420E-011 0.4881E-009 0.3409E-033 0.4896E-032 0.1455E-005 0.1676E-038 0.3929E-017 0.4375E-036 0.2179E-008 0.2007E-036 0.3733E-019 0.7136E-049 0.6795E-021 0.5844E-020 0.2583E-012 0.2945E-040 0.8777E-022 0.9954E-025 0.0000E+000 0.0000E+000
0.1637E+002 0.1000E+001 0.0000E+000 0.0000E+000 0.2250E+001 0.0000E+000 0.5538E-039 0.2550E-004 0.6818E-036 0.1773E-043 0.4420E-011 0.4881E-009 0.2510E-033 0.3000E-032 0.1455E-005 0.9002E-039 0.3929E-017 0.2596E-036 0.2179E-008 0.1162E-036 0.3740E-019 0.3318E-049 0.6798E-021 0.5855E-020 0.2583E-012 0.1736E-040 0.8846E-022 0.1011E-024 0.0000E+000 0.0000E+000
0.1636E+002 0.1000E+001 0.0000E+000 0.0000E+000 0.2250E+001 0.0000E+000 -.6619E-039 0.2550E-004 0.4004E-036 -.1674E-043 0.4420E-011 0.4881E-009 0.1848E-033 0.1838E-032 0.1455E-005 0.4838E-039 0.3928E-017 0.1542E-036 0.2179E-008 0.6733E-037 0.3748E-019 0.1543E-049 0.6802E-021 0.5866E-020 0.2583E-012 0.1024E-040 0.8915E-022 0.1027E-024 0.0000E+000 0.0000E+000
0.1635E+002 0.1000E+001 0.0000E+000 0.0000E+000 0.2250E+001 0.0000E+000 -.5714E-039 0.2550E-004 0.2361E-036 -.1296E-043 0.4420E-011 0.4881E-009 0.1361E-033 0.1127E-032 0.1455E-005 0.2601E-039 0.3928E-017 0.9168E-037 0.2179E-008 0.3901E-037 0.3756E-019 0.7177E-050 0.6806E-021 0.5877E-020 0.2583E-012 0.6044E-041 0.8984E-022 0.1043E-024 0.0000E+000 0.0000E+000
0.1634E+002 0.1000E+001 0.0000E+000 0.0000E+000 0.2250E+001 0.0000E+000 -.1588E-040 0.2550E-004 0.1398E-036 -.1248E-044 0.4420E-011 0.4881E-009 0.1003E-033 0.6908E-033 0.1455E-005 0.1400E-039 0.3928E-017 0.5456E-037 0.2179E-008 0.2261E-037 0.3763E-019 0.3339E-050 0.6809E-021 0.5888E-020 0.2583E-012 0.3572E-041 0.9053E-022 0.1059E-024 0.0000E+000 0.0000E+000
0.1633E+002 0.1000E+001 0.0000E+000 0.0000E+000 0.2250E+001 0.0000E+000 -.7059E-039 0.2550E-004 0.8298E-037 -.1377E-043 0.4420E-011 0.4881E-009 0.7386E-034 0.4235E-033 0.1455E-005 0.7534E-040 0.3928E-017 0.3250E-037 0.2179E-008 0.1311E-037 0.3771E-019 0.1554E-050 0.6813E-021 0.5898E-020 0.2583E-012 0.2112E-041 0.9123E-022 0.1075E-024 0.0000E+000 0.0000E+000
0.1632E+002 0.1000E+001 0.0000E+000 0.0000E+000 0.2250E+001 0.0000E+000 0.2259E-040 0.2550E-004 0.4939E-037 0.5081E-044 0.4420E-011 0.4881E-009 0.5441E-034 0.2597E-033 0.1455E-005 0.4058E-040 0.3928E-017 0.1938E-037 0.2179E-008 0.7599E-038 0.3778E-019 0.7234E-051 0.6816E-021 0.5909E-020 0.2583E-012 0.1251E-041 0.9192E-022 0.1092E-024 0.0000E+000 0.0000E+000
0.1631E+002 0.1000E+001 0.0000E+000 0.0000E+000 0.2250E+001 0.0000E+000 0.3753E-039 0.2550E-004 0.2946E-037 0.1607E-043 0.4420E-011 0.4881E-009 0.4009E-034 0.1593E-033 0.1455E-005 0.2187E-040 0.3928E-017 0.1157E-037 0.2179E-008 0.4407E-038 0.3786E-019 0.3368E-051 0.6820E-021 0.5919E-020 0.2583E-012 0.7411E-042 0.9262E-022 0.1108E-024 0.0000E+000 0.0000E+000
0.1630E+002 0.1000E+001 0.0000E+000 0.0000E+000 0.2250E+001 0.0000E+000 0.2157E-040 0.2550E-004 0.1761E-037 0.2128E-044 0.4420E-011 0.4881E-009 0.2954E-034 0.9771E-034 0.1455E-005 0.1180E-040 0.3928E-017 0.6912E-038 0.2179E-008 0.2556E-038 0.3793E-019 0.1569E-051 0.6823E-021 0.5929E-020 0.2583E-012 0.4395E-042 0.9332E-022 0.1125E-024 0.0000E+000 0.0000E+000
0.1629E+002 0.1000E+001 0.0000E+000 0.0000E+000 0.2250E+001 0.0000E+000 0.6799E-039 0.2550E-004 0.1055E-037 0.1357E-043 0.4420E-011 0.4881E-009 0.2177E-034 0.5994E-034 0.1455E-005 0.6367E-041 0.3928E-017 0.4134E-038 0.2179E-008 0.1483E-038 0.3801E-019 0.7308E-052 0.6827E-021 0.5939E-020 0.2583E-012 0.2609E-042 0.9402E-022 0.1142E-024 0.0000E+000 0.0000E+000
0.1628E+002 0.1000E+001 0.0000E+000 0.0000E+000 0.2250E+001 0.0000E+000 0.1523E-039 0.2550E-004 0.6324E-038 0.4393E-044 0.4420E-011 0.4881E-009 0.1604E-034 0.3678E-034 0.1455E-005 0.3439E-041 0.3928E-017 0.2474E-038 0.2179E-008 0.8606E-039 0.3809E-019 0.3405E-052 0.6830E-021 0.5949E-020 0.2583E-012 0.1551E-042 0.9472E-022 0.1158E-024 0.0000E+000 0.0000E+000
0.1627E+002 0.1000E+001 0.0000E+000 0.0000E+000 0.2250E+001 0.0000E+000 -.3942E-039 0.2550E-004 0.3798E-038 -.5152E-044 0.4420E-011 0.4881E-009 0.1183E-034 0.2257E-034 0.1455E-005 0.1858E-041 0.3928E-017 0.1483E-038 0.2179E-008 0.4995E-039 0.3816E-019 0.1587E-052 0.6834E-021 0.5959E-020 0.2583E-012 0.9224E-043 0.9542E-022 0.1175E-024 0.0000E+000 0.0000E+000
0.1626E+002 0.1000E+001 0.0000E+000 0.0000E+000 0.2250E+001 0.0000E+000 -.6842E-039 0.2550E-004 0.2284E-038 -.1499E-043 0.4420E-011 0.4881E-009 0.8717E-035 0.1385E-034 0.1455E-005 0.1005E-041 0.3928E-017 0.8892E-039 0.2179E-008 0.2900E-039 0.3824E-019 0.7398E-053 0.6838E-021 0.5968E-020 0.2583E-012 0.5492E-043 0.9612E-022 0.1192E-024 0.0000E+000 0.0000E+000
0.1625E+002 0.1000E+001 0.0000E+000 0.0000E+000 0.2250E+001 0.0000E+000 -.2397E-039 0.2550E-004 0.1375E-038 -.4958E-044 0.4420E-011 0.4881E-009 0.6426E-035 0.8505E-035 0.1455E-005 0.5441E-042 0.3928E-017 0.5338E-039 0.2179E-008 0.1684E-039 0.3831E-019 0.3450E-053 0.6841E-021 0.5977E-020 0.2583E-012 0.3273E-043 0.9683E-022 0.1210E-024 0.0000E+000 0.0000E+000
0.1624E+002 0.1000E+001 0.0000E+000 0.0000E+000 0.2250E+001 0.0000E+000 0.4535E-039 0.2550E-004 0.8287E-039 0.7047E-044 0.4420E-011 0.4881E-009 0.4738E-035 0.5222E-035 0.1455E-005 0.2948E-042 0.3928E-017 0.3207E-039 0.2179E-008 0.9780E-040 0.3839E-019 0.1609E-053 0.6845E-021 0.5986E-020 0.2583E-012 0.1953E-043 0.9753E-022 0.1227E-024 0.0000E+000 0.0000E+000
0.1623E+002 0.1000E+001 0.0000E+000 0.0000E+000 0.2250E+001 0.0000E+000 0.2947E-040 0.2550E-004 0.5000E-039 0.1200E-044 0.4420E-011 0.4881E-009 0.3493E-035 0.3207E-035 0.1455E-005 0.1598E-042 0.3927E-017 0.1929E-039 0.2179E-008 0.5681E-040 0.3846E-019 0.7507E-054 0.6848E-021 0.5996E-020 0.2583E-012 0.1166E-043 0.9824E-022 0.1244E-024 0.0000E+000 0.0000E+000
0.1622E+002 0.1000E+001 0.0000E+000 0.0000E+000 0.2250E+001 0.0000E+000 -.3288E-040 0.2550E-004 0.3019E-039 -.5784E-044 0.4420E-011 0.4881E-009 0.2576E-035 0.1969E-035 0.1455E-005 0.8674E-043 0.3927E-017 0.1161E-039 0.2179E-008 0.3301E-040 0.3854E-019 0.3503E-054 0.6852E-021 0.6004E-020 0.2583E-012 0.6968E-044 0.9895E-022 0.1262E-024 0.0000E+000 0.0000E+000
0.1621E+002 0.1000E+001 0.0000E+000 0.0000E+000 0.2250E+001 0.0000E+000 0.6125E-039 0.2550E-004 0.1825E-039 0.1227E-043 0.4420E-011 0.4881E-009 0.1900E-035 0.1210E-035 0.1455E-005 0.4712E-043 0.3927E-017 0.6995E-040 0.2179E-008 0.1918E-040 0.3861E-019 0.1635E-054 0.6856E-021 0.6013E-020 0.2583E-012 0.4169E-044 0.9966E-022 0.1280E-024 0.0000E+000 0.0000E+000
0.1620E+002 0.1000E+001 0.0000E+000 0.0000E+000 0.2250E+001 0.0000E+000 -.4331E-039 0.2550E-004 0.1104E-039 -.9802E-044 0.4420E-011 0.4881E-009 0.1401E-035 0.7432E-036 0.1455E-005 0.2562E-043 0.3927E-017 0.4218E-040 0.2179E-008 0.1115E-040 0.3869E-019 0.7633E-055 0.6859E-021 0.6022E-020 0.2583E-012 0.2497E-044 0.1004E-021 0.1297E-024 0.0000E+000 0.0000E+000
0.1619E+002 0.1000E+001 0.0000E+000 0.0000E+000 0.2250E+001 0.0000E+000 0.1371E-040 0.2550E-004 0.6685E-040 0.6563E-044 0.4420E-011 0.4881E-009 0.1034E-035 0.4567E-036 0.1455E-005 0.1394E-043 0.3927E-017 0.2546E-040 0.2179E-008 0.6484E-041 0.3876E-019 0.3565E-055 0.6863E-021 0.6030E-020 0.2583E-012 0.1496E-044 0.1011E-021 0.1315E-024 0.0000E+000 0.0000E+000
0.1618E+002 0.1000E+001 0.0000E+000 0.0000E+000 0.2250E+001 0.0000E+000 -.9843E-040 0.2550E-004 0.4051E-040 -.7113E-044 0.4420E-011 0.4881E-009 0.7625E-036 0.2806E-036 0.1455E-005 0.7595E-044 0.3927E-017 0.1538E-040 0.2179E-008 0.3771E-041 0.3884E-019 0.1665E-055 0.6866E-021 0.6038E-020 0.2583E-012 0.8978E-045 0.1018E-021 0.1333E-024 0.0000E+000 0.0000E+000
0.1617E+002 0.1000E+001 0.0000E+000 0.0000E+000 0.2250E+001 0.0000E+000 -.2805E-041 0.2550E-004 0.2457E-040 -.3110E-045 0.4420E-011 0.4881E-009 0.5626E-036 0.1725E-036 0.1455E-005 0.4142E-044 0.3927E-017 0.9295E-041 0.2179E-008 0.2193E-041 0.3892E-019 0.7779E-056 0.6870E-021 0.6047E-020 0.2583E-012 0.5392E-045 0.1025E-021 0.1351E-024 0.0000E+000 0.0000E+000
0.1616E+002 0.1000E+001 0.0000E+000 0.0000E+000 0.2250E+001 0.0000E+000 0.2463E-040 0.2550E-004 0.1491E-040 -.4973E-045 0.4420E-011 0.4881E-009 0.4151E-036 0.1060E-036 0.1455E-005 0.2261E-044 0.3927E-017 0.5624E-041 0.2179E-008 0.1276E-041 0.3899E-019 0.3635E-056 0.6874E-021 0.6055E-020 0.2583E-012 0.3241E-045 0.1032E-021 0.1370E-024 0.0000E+000 0.0000E+000
0.1615E+002 0.1000E+001 0.0000E+000 0.0000E+000 0.2250E+001 0.0000E+000 -.1246E-039 0.2550E-004 0.9056E-041 -.2597E-044 0.4420E-011 0.4881E-009 0.3063E-036 0.6520E-037 0.1455E-005 0.1236E-044 0.3927E-017 0.3405E-041 0.2179E-008 0.7425E-042 0.3907E-019 0.1699E-056 0.6877E-021 0.6063E-020 0.2583E-012 0.1950E-045 0.1039E-021 0.1388E-024 0.0000E+000 0.0000E+000
0.1614E+002 0.1000E+001 0.0000E+000 0.0000E+000 0.2250E+001 0.0000E+000 0.1721E-039 0.2550E-004 0.5504E-041 0.1097E-044 0.4420E-011 0.4881E-009 0.2261E-036 0.4009E-037 0.1455E-005 0.6763E-045 0.3927E-017 0.2063E-041 0.2179E-008 0.4322E-042 0.3914E-019 0.7945E-057 0.6881E-021 0.6070E-020 0.2583E-012 0.1174E-045 0.1046E-021 0.1407E-024 0.0000E+000 0.0000E+000
0.1613E+002 0.1000E+001 0.0000E+000 0.0000E+000 0.2250E+001 0.0000E+000 -.9463E-040 0.2550E-004 0.3348E-041 -.4326E-045 0.4420E-011 0.4881E-009 0.1669E-036 0.2466E-037 0.1455E-005 0.3705E-045 0.3927E-017 0.1251E-041 0.2179E-008 0.2516E-042 0.3922E-019 0.3716E-057 0.6885E-021 0.6078E-020 0.2583E-012 0.7077E-046 0.1054E-021 0.1425E-024 0.0000E+000 0.0000E+000
0.1612E+002 0.1000E+001 0.0000E+000 0.0000E+000 0.2250E+001 0.0000E+000 -.3807E-039 0.2550E-004 0.2037E-041 -.8156E-044 0.4420E-011 0.4881E-009 0.1232E-036 0.1517E-037 0.1455E-005 0.2032E-045 0.3927E-017 0.7594E-042 0.2179E-008 0.1465E-042 0.3929E-019 0.1738E-057 0.6888E-021 0.6086E-020 0.2583E-012 0.4269E-046 0.1061E-021 0.1444E-024 0.0000E+000 0.0000E+000
0.1611E+002 0.1000E+001 0.0000E+000 0.0000E+000 0.2250E+001 0.0000E+000 -.1094E-040 0.2550E-004 0.1241E-041 -.8458E-045 0.4420E-011 0.4881E-009 0.9092E-037 0.9332E-038 0.1455E-005 0.1116E-045 0.3927E-017 0.4612E-042 0.2179E-008 0.8532E-043 0.3937E-019 0.8133E-058 0.6892E-021 0.6093E-020 0.2583E-012 0.2578E-046 0.1068E-021 0.1463E-024 0.0000E+000 0.0000E+000
0.1610E+002 0.1000E+001 0.0000E+000 0.0000E+000 0.2250E+001 0.0000E+000 -.8034E-039 0.2550E-004 0.7561E-042 -.1708E-043 0.4420E-011 0.4881E-009 0.6713E-037 0.5742E-038 0.1455E-005 0.6139E-046 0.3927E-017 0.2803E-042 0.2179E-008 0.4970E-043 0.3944E-019 0.3806E-058 0.6895E-021 0.6100E-020 0.2583E-012 0.1558E-046 0.1075E-021 0.1482E-024 0.0000E+000 0.0000E+000
0.1609E+002 0.1000E+001 0.0000E+000 0.0000E+000 0.2250E+001 0.0000E+000 -.3511E-039 0.2550E-004 0.4610E-042 -.1017E-043 0.4420E-011 0.4881E-009 0.4956E-037 0.3534E-038 0.1455E-005 0.3380E-046 0.3926E-017 0.1705E-042 0.2179E-008 0.2896E-043 0.3952E-019 0.1782E-058 0.6899E-021 0.6108E-020 0.2583E-012 0.9420E-047 0.1082E-021 0.1501E-024 0.0000E+000 0.0000E+000
0.1608E+002 0.1000E+001 0.0000E+000 0.0000E+000 0.2250E+001 0.0000E+000 0.8785E-039 0.2550E-004 0.2813E-042 0.1941E-043 0.4420E-011 0.4881E-009 0.3660E-037 0.2175E-038 0.1455E-005 0.1864E-046 0.3926E-017 0.1037E-042 0.2179E-008 0.1688E-043 0.3959E-019 0.8343E-059 0.6903E-021 0.6115E-020 0.2583E-012 0.5702E-047 0.1090E-021 0.1520E-024 0.0000E+000 0.0000E+000
0.1607E+002 0.1000E+001 0.0000E+000 0.0000E+000 0.2250E+001 0.0000E+000 -.4934E-039 0.2550E-004 0.1717E-042 -.8449E-044 0.4420E-011 0.4881E-009 0.2703E-037 0.1339E-038 0.1455E-005 0.1029E-046 0.3926E-017 0.6317E-043 0.2179E-008 0.9839E-044 0.3967E-019 0.3908E-059 0.6906E-021 0.6122E-020 0.2583E-012 0.3454E-047 0.1097E-021 0.1540E-024 0.0000E+000 0.0000E+000
0.1606E+002 0.1000E+001 0.0000E+000 0.0000E+000 0.2250E+001 0.0000E+000 -.1429E-040 0.2550E-004 0.1049E-042 -.1062E-044 0.4420E-011 0.4881E-009 0.1996E-037 0.8245E-039 0.1455E-005 0.5692E-047 0.3926E-017 0.3849E-043 0.2179E-008 0.5736E-044 0.3974E-019 0.1831E-059 0.6910E-021 0.6128E-020 0.2583E-012 0.2094E-047 0.1104E-021 0.1559E-024 0.0000E+000 0.0000E+000
0.1605E+002 0.1000E+001 0.0000E+000 0.0000E+000 0.2250E+001 0.0000E+000 0.2920E-040 0.2550E-004 0.6409E-043 0.4649E-045 0.4420E-011 0.4881E-009 0.1475E-037 0.5077E-039 0.1455E-005 0.3152E-047 0.3926E-017 0.2347E-043 0.2179E-008 0.3345E-044 0.3982E-019 0.8578E-060 0.6914E-021 0.6135E-020 0.2583E-012 0.1271E-047 0.1111E-021 0.1579E-024 0.0000E+000 0.0000E+000
0.1604E+002 0.1000E+001 0.0000E+000 0.0000E+000 0.2250E+001 0.0000E+000 -.6707E-039 0.2550E-004 0.3919E-043 -.1339E-043 0.4420E-011 0.4881E-009 0.1089E-037 0.3127E-039 0.1455E-005 0.1748E-047 0.3926E-017 0.1432E-043 0.2179E-008 0.1951E-044 0.3989E-019 0.4020E-060 0.6917E-021 0.6142E-020 0.2583E-012 0.7715E-048 0.1119E-021 0.1599E-024 0.0000E+000 0.0000E+000
0.1603E+002 0.1000E+001 0.0000E+000 0.0000E+000 0.2250E+001 0.0000E+000 0.4439E-040 0.2550E-004 0.2397E-043 -.2591E-044 0.4420E-011 0.4881E-009 0.8048E-038 0.1926E-039 0.1455E-005 0.9708E-048 0.3926E-017 0.8742E-044 0.2179E-008 0.1138E-044 0.3997E-019 0.1885E-060 0.6921E-021 0.6148E-020 0.2583E-012 0.4688E-048 0.1126E-021 0.1618E-024 0.0000E+000 0.0000E+000
0.1602E+002 0.1000E+001 0.0000E+000 0.0000E+000 0.2250E+001 0.0000E+000 0.6190E-039 0.2550E-004 0.1467E-043 0.1287E-043 0.4420E-011 0.4881E-009 0.5946E-038 0.1187E-039 0.1455E-005 0.5400E-048 0.3926E-017 0.5340E-044 0.2179E-008 0.6643E-045 0.4004E-019 0.8839E-061 0.6925E-021 0.6155E-020 0.2583E-012 0.2850E-048 0.1133E-021 0.1638E-024 0.0000E+000 0.0000E+000
0.1601E+002 0.1000E+001 0.0000E+000 0.0000E+000 0.2250E+001 0.0000E+000 -.2627E-039 0.2550E-004 0.8985E-044 -.5035E-044 0.4420E-011 0.4881E-009 0.4394E-038 0.7313E-040 0.1455E-005 0.3008E-048 0.3926E-017 0.3263E-044 0.2179E-008 0.3877E-045 0.4012E-019 0.4146E-061 0.6928E-021 0.6161E-020 0.2583E-012 0.1735E-048 0.1141E-021 0.1658E-024 0.0000E+000 0.0000E+000
0.1600E+002 0.1000E+001 0.0000E+000 0.0000E+000 0.2250E+001 0.0000E+000 0.4545E-039 0.2550E-004 0.5504E-044 0.8641E-044 0.4420E-011 0.4881E-009 0.3247E-038 0.4507E-040 0.1455E-005 0.1678E-048 0.3926E-017 0.1996E-044 0.2179E-008 0.2264E-045 0.4019E-019 0.1945E-061 0.6932E-021 0.6167E-020 0.2583E-012 0.1056E-048 0.1148E-021 0.1679E-024 0.0000E+000 0.0000E+000
0.1599E+002 0.1000E+001 0.0000E+000 0.0000E+000 0.2250E+001 0.0000E+000 -.1428E-038 0.2550E-004 0.3373E-044 -.3052E-043 0.4420E-011 0.4881E-009 0.2400E-038 0.2778E-040 0.1455E-005 0.9378E-049 0.3926E-017 0.1221E-044 0.2179E-008 0.1322E-045 0.4027E-019 0.9128E-062 0.6936E-021 0.6173E-020 0.2583E-012 0.6436E-049 0.1155E-021 0.1699E-024 0.0000E+000 0.0000E+000
0.1598E+002 0.1000E+001 0.0000E+000 0.0000E+000 0.2250E+001 0.0000E+000 -.9453E-040 0.2550E-004 0.2069E-044 -.8123E-044 0.4420E-011 0.4881E-009 0.1774E-038 0.1713E-040 0.1455E-005 0.5248E-049 0.3926E-017 0.7473E-045 0.2179E-008 0.7720E-046 0.4034E-019 0.4285E-062 0.6940E-021 0.6179E-020 0.2583E-012 0.3924E-049 0.1163E-021 0.1720E-024 0.0000E+000 0.0000E+000
0.1597E+002 0.1000E+001 0.0000E+000 0.0000E+000 0.2250E+001 0.0000E+000 -.6924E-040 0.2550E-004 0.1269E-044 -.6578E-044 0.4420E-011 0.4881E-009 0.1311E-038 0.1056E-040 0.1455E-005 0.2941E-049 0.3926E-017 0.4577E-045 0.2179E-008 0.4510E-046 0.4042E-019 0.2012E-062 0.6943E-021 0.6185E-020 0.2583E-012 0.2394E-049 0.1170E-021 0.1740E-024 0.0000E+000 0.0000E+000
0.1596E+002 0.1000E+001 0.0000E+000 0.0000E+000 0.2250E+001 0.0000E+000 -.7434E-039 0.2550E-004 0.7787E-045 -.1115E-043 0.4420E-011 0.4881E-009 0.9695E-039 0.6512E-041 0.1455E-005 0.1651E-049 0.3925E-017 0.2804E-045 0.2179E-008 0.2635E-046 0.4049E-019 0.9447E-063 0.6947E-021 0.6191E-020 0.2583E-012 0.1462E-049 0.1177E-021 0.1761E-024 0.0000E+000 0.0000E+000
0.1595E+002 0.1000E+001 0.0000E+000 0.0000E+000 0.2250E+001 0.0000E+000 0.4098E-039 0.2550E-004 0.4780E-045 0.7909E-044 0.4420E-011 0.4881E-009 0.7168E-039 0.4016E-041 0.1455E-005 0.9283E-050 0.3925E-017 0.1719E-045 0.2179E-008 0.1540E-046 0.4057E-019 0.4438E-063 0.6951E-021 0.6197E-020 0.2583E-012 0.8930E-050 0.1185E-021 0.1782E-024 0.0000E+000 0.0000E+000
0.1594E+002 0.1000E+001 0.0000E+000 0.0000E+000 0.2250E+001 0.0000E+000 0.1208E-040 0.2550E-004 0.2936E-045 0.9121E-045 0.4420E-011 0.4881E-009 0.5301E-039 0.2478E-041 0.1455E-005 0.5227E-050 0.3925E-017 0.1054E-045 0.2179E-008 0.9002E-047 0.4064E-019 0.2085E-063 0.6954E-021 0.6203E-020 0.2583E-012 0.5458E-050 0.1192E-021 0.1803E-024 0.0000E+000 0.0000E+000
0.1593E+002 0.1000E+001 0.0000E+000 0.0000E+000 0.2250E+001 0.0000E+000 0.2697E-039 0.2550E-004 0.1804E-045 0.4397E-044 0.4420E-011 0.4881E-009 0.3920E-039 0.1529E-041 0.1455E-005 0.2947E-050 0.3925E-017 0.6469E-046 0.2179E-008 0.5263E-047 0.4072E-019 0.9799E-064 0.6958E-021 0.6208E-020 0.2583E-012 0.3338E-050 0.1200E-021 0.1824E-024 0.0000E+000 0.0000E+000
0.1592E+002 0.1000E+001 0.0000E+000 0.0000E+000 0.2250E+001 0.0000E+000 0.3019E-039 0.2550E-004 0.1109E-045 0.5668E-044 0.4420E-011 0.4881E-009 0.2899E-039 0.9433E-042 0.1455E-005 0.1664E-050 0.3925E-017 0.3971E-046 0.2179E-008 0.3078E-047 0.4079E-019 0.4607E-064 0.6962E-021 0.6214E-020 0.2583E-012 0.2043E-050 0.1207E-021 0.1845E-024 0.0000E+000 0.0000E+000
0.1591E+002 0.1000E+001 0.0000E+000 0.0000E+000 0.2250E+001 0.0000E+000 -.7853E-040 0.2550E-004 0.6816E-046 -.1318E-044 0.4420E-011 0.4881E-009 0.2144E-039 0.5822E-042 0.1455E-005 0.9413E-051 0.3925E-017 0.2438E-046 0.2179E-008 0.1800E-047 0.4086E-019 0.2166E-064 0.6966E-021 0.6219E-020 0.2583E-012 0.1251E-050 0.1214E-021 0.1866E-024 0.0000E+000 0.0000E+000
0.1590E+002 0.1000E+001 0.0000E+000 0.0000E+000 0.2250E+001 0.0000E+000 -.2383E-039 0.2550E-004 0.4192E-046 -.2202E-044 0.4420E-011 0.4881E-009 0.1586E-039 0.3594E-042 0.1455E-005 0.5331E-051 0.3925E-017 0.1498E-046 0.2179E-008 0.1053E-047 0.4094E-019 0.1019E-064 0.6969E-021 0.6224E-020 0.2583E-012 0.7662E-051 0.1222E-021 0.1888E-024 0.0000E+000 0.0000E+000
0.1589E+002 0.1000E+001 0.0000E+000 0.0000E+000 0.2250E+001 0.0000E+000 -.1071E-039 0.2550E-004 0.2579E-046 -.1742E-044 0.4420E-011 0.4881E-009 0.1174E-039 0.2219E-042 0.1455E-005 0.3024E-051 0.3925E-017 0.9205E-047 0.2179E-008 0.6164E-048 0.4101E-019 0.4793E-065 0.6973E-021 0.6229E-020 0.2583E-012 0.4696E-051 0.1229E-021 0.1909E-024 0.0000E+000 0.0000E+000
0.1588E+002 0.1000E+001 0.0000E+000 0.0000E+000 0.2250E+001 0.0000E+000 0.3603E-039 0.2550E-004 0.1588E-046 0.7081E-044 0.4420E-011 0.4881E-009 0.8684E-040 0.1370E-042 0.1455E-005 0.1717E-051 0.3925E-017 0.5659E-047 0.2179E-008 0.3608E-048 0.4109E-019 0.2255E-065 0.6977E-021 0.6234E-020 0.2583E-012 0.2880E-051 0.1237E-021 0.1931E-024 0.0000E+000 0.0000E+000
0.1587E+002 0.1000E+001 0.0000E+000 0.0000E+000 0.2250E+001 0.0000E+000 -.7520E-041 0.2550E-004 0.9774E-047 0.5490E-045 0.4420E-011 0.4881E-009 0.6426E-040 0.8460E-043 0.1455E-005 0.9768E-052 0.3925E-017 0.3481E-047 0.2179E-008 0.2112E-048 0.4116E-019 0.1061E-065 0.6980E-021 0.6239E-020 0.2583E-012 0.1767E-051 0.1244E-021 0.1953E-024 0.0000E+000 0.0000E+000
0.1586E+002 0.1000E+001 0.0000E+000 0.0000E+000 0.2250E+001 0.0000E+000 0.4983E-039 0.2550E-004 0.6020E-047 0.1347E-043 0.4420E-011 0.4881E-009 0.4755E-040 0.5225E-043 0.1455E-005 0.5563E-052 0.3925E-017 0.2142E-047 0.2179E-008 0.1237E-048 0.4124E-019 0.4997E-066 0.6984E-021 0.6244E-020 0.2583E-012 0.1084E-051 0.1252E-021 0.1975E-024 0.0000E+000 0.0000E+000
0.1585E+002 0.1000E+001 0.0000E+000 0.0000E+000 0.2250E+001 0.0000E+000 0.1490E-040 0.2550E-004 0.3708E-047 0.1198E-044 0.4420E-011 0.4881E-009 0.3519E-040 0.3228E-043 0.1455E-005 0.3172E-052 0.3925E-017 0.1318E-047 0.2179E-008 0.7243E-049 0.4131E-019 0.2353E-066 0.6988E-021 0.6249E-020 0.2583E-012 0.6659E-052 0.1259E-021 0.1997E-024 0.0000E+000 0.0000E+000
0.1584E+002 0.1000E+001 0.0000E+000 0.0000E+000 0.2250E+001 0.0000E+000 0.2417E-039 0.2550E-004 0.2285E-047 0.8136E-044 0.4420E-011 0.4881E-009 0.2605E-040 0.1994E-043 0.1455E-005 0.1811E-052 0.3925E-017 0.8115E-048 0.2179E-008 0.4243E-049 0.4139E-019 0.1108E-066 0.6992E-021 0.6254E-020 0.2583E-012 0.4091E-052 0.1267E-021 0.2019E-024 0.0000E+000 0.0000E+000
0.1583E+002 0.1000E+001 0.0000E+000 0.0000E+000 0.2250E+001 0.0000E+000 -.2611E-039 0.2550E-004 0.1409E-047 -.1750E-044 0.4420E-011 0.4881E-009 0.1928E-040 0.1232E-043 0.1455E-005 0.1035E-052 0.3924E-017 0.4998E-048 0.2179E-008 0.2486E-049 0.4146E-019 0.5222E-067 0.6995E-021 0.6259E-020 0.2583E-012 0.2514E-052 0.1274E-021 0.2041E-024 0.0000E+000 0.0000E+000
0.1582E+002 0.1000E+001 0.0000E+000 0.0000E+000 0.2250E+001 0.0000E+000 -.7843E-041 0.2550E-004 0.8685E-048 -.5238E-045 0.4420E-011 0.4881E-009 0.1428E-040 0.7617E-044 0.1455E-005 0.5926E-053 0.3924E-017 0.3079E-048 0.2179E-008 0.1457E-049 0.4154E-019 0.2461E-067 0.6999E-021 0.6263E-020 0.2583E-012 0.1546E-052 0.1282E-021 0.2064E-024 0.0000E+000 0.0000E+000
0.1581E+002 0.1000E+001 0.0000E+000 0.0000E+000 0.2250E+001 0.0000E+000 0.7555E-040 0.2550E-004 0.5357E-048 -.4231E-044 0.4420E-011 0.4881E-009 0.1057E-040 0.4708E-044 0.1455E-005 0.3396E-053 0.3924E-017 0.1898E-048 0.2179E-008 0.8542E-050 0.4161E-019 0.1160E-067 0.7003E-021 0.6268E-020 0.2583E-012 0.9510E-053 0.1289E-021 0.2087E-024 0.0000E+000 0.0000E+000
0.1580E+002 0.1000E+001 0.0000E+000 0.0000E+000 0.2250E+001 0.0000E+000 0.3971E-039 0.2550E-004 0.3305E-048 0.5889E-044 0.4420E-011 0.4881E-009 0.7827E-041 0.2911E-044 0.1455E-005 0.1948E-053 0.3924E-017 0.1170E-048 0.2179E-008 0.5008E-050 0.4168E-019 0.5469E-068 0.7007E-021 0.6272E-020 0.2583E-012 0.5852E-053 0.1297E-021 0.2109E-024 0.0000E+000 0.0000E+000
0.1579E+002 0.1000E+001 0.0000E+000 0.0000E+000 0.2250E+001 0.0000E+000 -.5251E-039 0.2550E-004 0.2039E-048 -.1065E-043 0.4420E-011 0.4881E-009 0.5796E-041 0.1800E-044 0.1455E-005 0.1119E-053 0.3924E-017 0.7215E-049 0.2179E-008 0.2937E-050 0.4176E-019 0.2579E-068 0.7011E-021 0.6277E-020 0.2583E-012 0.3603E-053 0.1304E-021 0.2132E-024 0.0000E+000 0.0000E+000
0.1578E+002 0.1000E+001 0.0000E+000 0.0000E+000 0.2250E+001 0.0000E+000 0.7380E-039 0.2550E-004 0.1259E-048 0.9638E-044 0.4420E-011 0.4881E-009 0.4293E-041 0.1113E-044 0.1455E-005 0.6431E-054 0.3924E-017 0.4450E-049 0.2179E-008 0.1723E-050 0.4183E-019 0.1217E-068 0.7014E-021 0.6281E-020 0.2583E-012 0.2219E-053 0.1312E-021 0.2155E-024 0.0000E+000 0.0000E+000
0.1577E+002 0.1000E+001 0.0000E+000 0.0000E+000 0.2250E+001 0.0000E+000 -.6094E-039 0.2550E-004 0.7772E-049 -.1077E-043 0.4420E-011 0.4881E-009 0.3180E-041 0.6885E-045 0.1455E-005 0.3701E-054 0.3924E-017 0.2746E-049 0.2179E-008 0.1011E-050 0.4191E-019 0.5741E-069 0.7018E-021 0.6285E-020 0.2583E-012 0.1367E-053 0.1319E-021 0.2178E-024 0.0000E+000 0.0000E+000
0.1576E+002 0.1000E+001 0.0000E+000 0.0000E+000 0.2250E+001 0.0000E+000 0.3661E-040 0.2550E-004 0.4800E-049 0.3769E-045 0.4420E-011 0.4881E-009 0.2355E-041 0.4259E-045 0.1455E-005 0.2132E-054 0.3924E-017 0.1695E-049 0.2179E-008 0.5932E-051 0.4198E-019 0.2709E-069 0.7022E-021 0.6290E-020 0.2583E-012 0.8424E-054 0.1327E-021 0.2201E-024 0.0000E+000 0.0000E+000
0.1575E+002 0.1000E+001 0.0000E+000 0.0000E+000 0.2250E+001 0.0000E+000 0.4770E-039 0.2550E-004 0.2965E-049 0.8921E-044 0.4420E-011 0.4881E-009 0.1745E-041 0.2635E-045 0.1455E-005 0.1229E-054 0.3924E-017 0.1046E-049 0.2179E-008 0.3482E-051 0.4206E-019 0.1279E-069 0.7026E-021 0.6294E-020 0.2583E-012 0.5194E-054 0.1335E-021 0.2225E-024 0.0000E+000 0.0000E+000
0.1574E+002 0.1000E+001 0.0000E+000 0.0000E+000 0.2250E+001 0.0000E+000 -.2875E-039 0.2550E-004 0.1832E-049 -.1121E-044 0.4420E-011 0.4881E-009 0.1293E-041 0.1631E-045 0.1455E-005 0.7093E-055 0.3924E-017 0.6462E-050 0.2179E-008 0.2044E-051 0.4213E-019 0.6039E-070 0.7029E-021 0.6298E-020 0.2583E-012 0.3203E-054 0.1342E-021 0.2248E-024 0.0000E+000 0.0000E+000
0.1573E+002 0.1000E+001 0.0000E+000 0.0000E+000 0.2250E+001 0.0000E+000 -.2579E-039 0.2550E-004 0.1132E-049 -.6153E-044 0.4420E-011 0.4881E-009 0.9580E-042 0.1009E-045 0.1455E-005 0.4097E-055 0.3924E-017 0.3992E-050 0.2179E-008 0.1200E-051 0.4220E-019 0.2852E-070 0.7033E-021 0.6302E-020 0.2583E-012 0.1976E-054 0.1350E-021 0.2272E-024 0.0000E+000 0.0000E+000
0.1572E+002 0.1000E+001 0.0000E+000 0.0000E+000 0.2250E+001 0.0000E+000 -.7448E-039 0.2550E-004 0.7000E-050 -.1293E-043 0.4420E-011 0.4881E-009 0.7100E-042 0.6249E-046 0.1455E-005 0.2368E-055 0.3924E-017 0.2466E-050 0.2179E-008 0.7050E-052 0.4228E-019 0.1348E-070 0.7037E-021 0.6306E-020 0.2583E-012 0.1219E-054 0.1358E-021 0.2295E-024 0.0000E+000 0.0000E+000
0.1571E+002 0.1000E+001 0.0000E+000 0.0000E+000 0.2250E+001 0.0000E+000 0.1091E-038 0.2550E-004 0.4328E-050 0.1998E-043 0.4420E-011 0.4881E-009 0.5262E-042 0.3869E-046 0.1455E-005 0.1370E-055 0.3924E-017 0.1524E-050 0.2179E-008 0.4141E-052 0.4235E-019 0.6368E-071 0.7041E-021 0.6310E-020 0.2583E-012 0.7528E-055 0.1365E-021 0.2319E-024 0.0000E+000 0.0000E+000
0.1570E+002 0.1000E+001 0.0000E+000 0.0000E+000 0.2250E+001 0.0000E+000 0.2315E-039 0.2550E-004 0.2677E-050 0.4703E-044 0.4420E-011 0.4881E-009 0.3900E-042 0.2396E-046 0.1455E-005 0.7934E-056 0.3923E-017 0.9423E-051 0.2179E-008 0.2434E-052 0.4243E-019 0.3010E-071 0.7045E-021 0.6313E-020 0.2583E-012 0.4648E-055 0.1373E-021 0.2343E-024 0.0000E+000 0.0000E+000
0.1569E+002 0.1000E+001 0.0000E+000 0.0000E+000 0.2250E+001 0.0000E+000 -.3090E-039 0.2550E-004 0.1656E-050 -.6433E-044 0.4420E-011 0.4881E-009 0.2891E-042 0.1484E-046 0.1455E-005 0.4597E-056 0.3923E-017 0.5827E-051 0.2179E-008 0.1430E-052 0.4250E-019 0.1423E-071 0.7048E-021 0.6317E-020 0.2583E-012 0.2871E-055 0.1380E-021 0.2367E-024 0.0000E+000 0.0000E+000
0.1568E+002 0.1000E+001 0.0000E+000 0.0000E+000 0.2250E+001 0.0000E+000 -.2476E-040 0.2550E-004 0.1024E-050 0.2408E-044 0.4420E-011 0.4881E-009 0.2143E-042 0.9190E-047 0.1455E-005 0.2666E-056 0.3923E-017 0.3604E-051 0.2179E-008 0.8408E-053 0.4257E-019 0.6729E-072 0.7052E-021 0.6321E-020 0.2583E-012 0.1774E-055 0.1388E-021 0.2392E-024 0.0000E+000 0.0000E+000
0.1567E+002 0.1000E+001 0.0000E+000 0.0000E+000 0.2250E+001 0.0000E+000 -.3939E-039 0.2550E-004 0.6340E-051 -.7170E-044 0.4420E-011 0.4881E-009 0.1589E-042 0.5693E-047 0.1455E-005 0.1547E-056 0.3923E-017 0.2229E-051 0.2179E-008 0.4944E-053 0.4265E-019 0.3183E-072 0.7056E-021 0.6324E-020 0.2583E-012 0.1096E-055 0.1396E-021 0.2416E-024 0.0000E+000 0.0000E+000
0.1566E+002 0.1000E+001 0.0000E+000 0.0000E+000 0.2250E+001 0.0000E+000 -.4470E-039 0.2550E-004 0.3925E-051 -.6705E-044 0.4420E-011 0.4881E-009 0.1178E-042 0.3528E-047 0.1455E-005 0.8981E-057 0.3923E-017 0.1380E-051 0.2179E-008 0.2907E-053 0.4272E-019 0.1506E-072 0.7060E-021 0.6328E-020 0.2583E-012 0.6778E-056 0.1404E-021 0.2440E-024 0.0000E+000 0.0000E+000
0.1565E+002 0.1000E+001 0.0000E+000 0.0000E+000 0.2250E+001 0.0000E+000 -.3648E-039 0.2550E-004 0.2430E-051 -.1132E-043 0.4420E-011 0.4881E-009 0.8738E-043 0.2186E-047 0.1455E-005 0.5218E-057 0.3923E-017 0.8539E-052 0.2179E-008 0.1710E-053 0.4280E-019 0.7127E-073 0.7064E-021 0.6331E-020 0.2583E-012 0.4192E-056 0.1411E-021 0.2465E-024 0.0000E+000 0.0000E+000
0.1564E+002 0.1000E+001 0.0000E+000 0.0000E+000 0.2250E+001 0.0000E+000 -.1462E-039 0.2550E-004 0.1505E-051 -.9165E-044 0.4420E-011 0.4881E-009 0.6481E-043 0.1355E-047 0.1455E-005 0.3034E-057 0.3923E-017 0.5286E-052 0.2179E-008 0.1006E-053 0.4287E-019 0.3374E-073 0.7068E-021 0.6335E-020 0.2583E-012 0.2593E-056 0.1419E-021 0.2490E-024 0.0000E+000 0.0000E+000
0.1563E+002 0.1000E+001 0.0000E+000 0.0000E+000 0.2250E+001 0.0000E+000 -.7435E-040 0.2550E-004 0.9320E-052 -.7435E-045 0.4420E-011 0.4881E-009 0.4807E-043 0.8400E-048 0.1455E-005 0.1765E-057 0.3923E-017 0.3273E-052 0.2179E-008 0.5921E-054 0.4294E-019 0.1597E-073 0.7071E-021 0.6338E-020 0.2583E-012 0.1604E-056 0.1427E-021 0.2514E-024 0.0000E+000 0.0000E+000
0.1562E+002 0.1000E+001 0.0000E+000 0.0000E+000 0.2250E+001 0.0000E+000 -.6878E-039 0.2550E-004 0.5774E-052 -.1432E-043 0.4420E-011 0.4881E-009 0.3566E-043 0.5208E-048 0.1455E-005 0.1027E-057 0.3923E-017 0.2027E-052 0.2179E-008 0.3485E-054 0.4302E-019 0.7565E-074 0.7075E-021 0.6342E-020 0.2583E-012 0.9929E-057 0.1434E-021 0.2539E-024 0.0000E+000 0.0000E+000
0.1561E+002 0.1000E+001 0.0000E+000 0.0000E+000 0.2250E+001 0.0000E+000 -.2133E-040 0.2550E-004 0.3578E-052 -.1614E-044 0.4420E-011 0.4881E-009 0.2645E-043 0.3230E-048 0.1455E-005 0.5982E-058 0.3923E-017 0.1256E-052 0.2179E-008 0.2052E-054 0.4309E-019 0.3584E-074 0.7079E-021 0.6345E-020 0.2583E-012 0.6146E-057 0.1442E-021 0.2565E-024 0.0000E+000 0.0000E+000
0.1560E+002 0.1000E+001 0.0000E+000 0.0000E+000 0.2250E+001 0.0000E+000 -.3096E-039 0.2550E-004 0.2217E-052 -.1218E-043 0.4420E-011 0.4881E-009 0.1963E-043 0.2003E-048 0.1455E-005 0.3485E-058 0.3923E-017 0.7781E-053 0.2179E-008 0.1208E-054 0.4317E-019 0.1698E-074 0.7083E-021 0.6348E-020 0.2583E-012 0.3806E-057 0.1450E-021 0.2590E-024 0.0000E+000 0.0000E+000
0.1559E+002 0.1000E+001 0.0000E+000 0.0000E+000 0.2250E+001 0.0000E+000 -.3454E-040 0.2550E-004 0.1375E-052 0.8297E-045 0.4420E-011 0.4881E-009 0.1456E-043 0.1243E-048 0.1455E-005 0.2032E-058 0.3923E-017 0.4822E-053 0.2179E-008 0.7117E-055 0.4324E-019 0.8048E-075 0.7087E-021 0.6351E-020 0.2583E-012 0.2357E-057 0.1458E-021 0.2615E-024 0.0000E+000 0.0000E+000
0.1558E+002 0.1000E+001 0.0000E+000 0.0000E+000 0.2250E+001 0.0000E+000 -.1076E-041 0.2550E-004 0.8523E-053 -.4894E-046 0.4420E-011 0.4881E-009 0.1081E-043 0.7709E-049 0.1455E-005 0.1185E-058 0.3923E-017 0.2989E-053 0.2179E-008 0.4193E-055 0.4331E-019 0.3815E-075 0.7091E-021 0.6354E-020 0.2583E-012 0.1460E-057 0.1465E-021 0.2641E-024 0.0000E+000 0.0000E+000
0.1557E+002 0.1000E+001 0.0000E+000 0.0000E+000 0.2250E+001 0.0000E+000 -.6250E-039 0.2550E-004 0.5285E-053 -.1507E-043 0.4420E-011 0.4881E-009 0.8022E-044 0.4784E-049 0.1455E-005 0.6915E-059 0.3923E-017 0.1853E-053 0.2179E-008 0.2471E-055 0.4339E-019 0.1809E-075 0.7095E-021 0.6357E-020 0.2583E-012 0.9048E-058 0.1473E-021 0.2666E-024 0.0000E+000 0.0000E+000
0.1556E+002 0.1000E+001 0.0000E+000 0.0000E+000 0.2250E+001 0.0000E+000 0.3575E-041 0.2550E-004 0.3278E-053 -.2039E-044 0.4420E-011 0.4881E-009 0.5954E-044 0.2969E-049 0.1455E-005 0.4037E-059 0.3922E-017 0.1149E-053 0.2179E-008 0.1456E-055 0.4346E-019 0.8581E-076 0.7098E-021 0.6360E-020 0.2583E-012 0.5608E-058 0.1481E-021 0.2692E-024 0.0000E+000 0.0000E+000
0.1555E+002 0.1000E+001 0.0000E+000 0.0000E+000 0.2250E+001 0.0000E+000 0.1118E-042 0.2550E-004 0.2034E-053 -.3603E-046 0.4420E-011 0.4881E-009 0.4420E-044 0.1843E-049 0.1455E-005 0.2358E-059 0.3922E-017 0.7129E-054 0.2179E-008 0.8585E-056 0.4353E-019 0.4071E-076 0.7102E-021 0.6363E-020 0.2583E-012 0.3477E-058 0.1489E-021 0.2718E-024 0.0000E+000 0.0000E+000
0.1554E+002 0.1000E+001 0.0000E+000 0.0000E+000 0.2250E+001 0.0000E+000 -.1780E-039 0.2550E-004 0.1262E-053 -.1081E-044 0.4420E-011 0.4881E-009 0.3281E-044 0.1144E-049 0.1455E-005 0.1378E-059 0.3922E-017 0.4423E-054 0.2179E-008 0.5062E-056 0.4361E-019 0.1932E-076 0.7106E-021 0.6366E-020 0.2583E-012 0.2156E-058 0.1497E-021 0.2744E-024 0.0000E+000 0.0000E+000
0.1553E+002 0.1000E+001 0.0000E+000 0.0000E+000 0.2250E+001 0.0000E+000 -.8049E-039 0.2550E-004 0.7831E-054 -.1626E-043 0.4420E-011 0.4881E-009 0.2436E-044 0.7103E-050 0.1455E-005 0.8052E-060 0.3922E-017 0.2744E-054 0.2179E-008 0.2985E-056 0.4368E-019 0.9170E-077 0.7110E-021 0.6369E-020 0.2583E-012 0.1337E-058 0.1505E-021 0.2770E-024 0.0000E+000 0.0000E+000
0.1552E+002 0.1000E+001 0.0000E+000 0.0000E+000 0.2250E+001 0.0000E+000 -.2532E-040 0.2550E-004 0.4861E-054 -.1899E-044 0.4420E-011 0.4881E-009 0.1809E-044 0.4411E-050 0.1455E-005 0.4709E-060 0.3922E-017 0.1703E-054 0.2179E-008 0.1761E-056 0.4375E-019 0.4354E-077 0.7114E-021 0.6372E-020 0.2583E-012 0.8294E-059 0.1512E-021 0.2796E-024 0.0000E+000 0.0000E+000
0.1551E+002 0.1000E+001 0.0000E+000 0.0000E+000 0.2250E+001 0.0000E+000 0.9036E-039 0.2550E-004 0.3018E-054 0.1124E-043 0.4420E-011 0.4881E-009 0.1343E-044 0.2740E-050 0.1455E-005 0.2754E-060 0.3922E-017 0.1057E-054 0.2179E-008 0.1039E-056 0.4383E-019 0.2068E-077 0.7118E-021 0.6375E-020 0.2583E-012 0.5146E-059 0.1520E-021 0.2823E-024 0.0000E+000 0.0000E+000
0.1550E+002 0.1000E+001 0.0000E+000 0.0000E+000 0.2250E+001 0.0000E+000 0.9893E-039 0.2550E-004 0.1874E-054 0.2021E-043 0.4420E-011 0.4881E-009 0.9977E-045 0.1702E-050 0.1455E-005 0.1612E-060 0.3922E-017 0.6564E-055 0.2179E-008 0.6132E-057 0.4390E-019 0.9822E-078 0.7122E-021 0.6377E-020 0.2583E-012 0.3194E-059 0.1528E-021 0.2849E-024 0.0000E+000 0.0000E+000
0.1549E+002 0.1000E+001 0.0000E+000 0.0000E+000 0.2250E+001 0.0000E+000 -.8023E-039 0.2550E-004 0.1164E-054 -.1439E-043 0.4420E-011 0.4881E-009 0.7411E-045 0.1057E-050 0.1455E-005 0.9437E-061 0.3922E-017 0.4076E-055 0.2179E-008 0.3620E-057 0.4398E-019 0.4667E-078 0.7126E-021 0.6380E-020 0.2583E-012 0.1983E-059 0.1536E-021 0.2876E-024 0.0000E+000 0.0000E+000
0.1548E+002 0.1000E+001 0.0000E+000 0.0000E+000 0.2250E+001 0.0000E+000 -.2539E-040 0.2550E-004 0.7230E-055 -.1863E-044 0.4420E-011 0.4881E-009 0.5505E-045 0.6571E-051 0.1455E-005 0.5526E-061 0.3922E-017 0.2532E-055 0.2179E-008 0.2137E-057 0.4405E-019 0.2218E-078 0.7130E-021 0.6383E-020 0.2583E-012 0.1231E-059 0.1544E-021 0.2902E-024 0.0000E+000 0.0000E+000
0.1547E+002 0.1000E+001 0.0000E+000 0.0000E+000 0.2250E+001 0.0000E+000 0.4720E-039 0.2550E-004 0.4492E-055 0.3906E-044 0.4420E-011 0.4881E-009 0.4090E-045 0.4084E-051 0.1455E-005 0.3238E-061 0.3922E-017 0.1573E-055 0.2179E-008 0.1262E-057 0.4412E-019 0.1054E-078 0.7134E-021 0.6385E-020 0.2583E-012 0.7644E-060 0.1552E-021 0.2929E-024 0.0000E+000 0.0000E+000
0.1546E+002 0.1000E+001 0.0000E+000 0.0000E+000 0.2250E+001 0.0000E+000 0.1744E-039 0.2550E-004 0.2791E-055 0.3686E-045 0.4420E-011 0.4881E-009 0.3039E-045 0.2538E-051 0.1455E-005 0.1897E-061 0.3922E-017 0.9772E-056 0.2179E-008 0.7455E-058 0.4420E-019 0.5013E-079 0.7137E-021 0.6388E-020 0.2583E-012 0.4748E-060 0.1560E-021 0.2956E-024 0.0000E+000 0.0000E+000
0.1545E+002 0.1000E+001 0.0000E+000 0.0000E+000 0.2250E+001 0.0000E+000 0.5546E-041 0.2550E-004 0.1735E-055 0.3472E-045 0.4420E-011 0.4881E-009 0.2258E-045 0.1578E-051 0.1455E-005 0.1112E-061 0.3922E-017 0.6073E-056 0.2179E-008 0.4404E-058 0.4427E-019 0.2384E-079 0.7141E-021 0.6390E-020 0.2583E-012 0.2950E-060 0.1568E-021 0.2983E-024 0.0000E+000 0.0000E+000
0.1544E+002 0.1000E+001 0.0000E+000 0.0000E+000 0.2250E+001 0.0000E+000 0.8166E-039 0.2550E-004 0.1078E-055 0.1851E-043 0.4420E-011 0.4881E-009 0.1678E-045 0.9813E-052 0.1455E-005 0.6522E-062 0.3922E-017 0.3775E-056 0.2179E-008 0.2603E-058 0.4434E-019 0.1134E-079 0.7145E-021 0.6393E-020 0.2583E-012 0.1833E-060 0.1576E-021 0.3011E-024 0.0000E+000 0.0000E+000
0.1543E+002 0.1000E+001 0.0000E+000 0.0000E+000 0.2250E+001 0.0000E+000 0.4656E-039 0.2550E-004 0.6704E-056 0.1030E-043 0.4420E-011 0.4881E-009 0.1247E-045 0.6103E-052 0.1455E-005 0.3826E-062 0.3921E-017 0.2347E-056 0.2179E-008 0.1538E-058 0.4442E-019 0.5398E-080 0.7149E-021 0.6395E-020 0.2583E-012 0.1139E-060 0.1583E-021 0.3038E-024 0.0000E+000 0.0000E+000
0.1542E+002 0.1000E+001 0.0000E+000 0.0000E+000 0.2250E+001 0.0000E+000 0.3137E-040 0.2550E-004 0.4169E-056 -.1143E-044 0.4420E-011 0.4881E-009 0.9269E-046 0.3796E-052 0.1455E-005 0.2245E-062 0.3921E-017 0.1459E-056 0.2179E-008 0.9095E-059 0.4449E-019 0.2569E-080 0.7153E-021 0.6397E-020 0.2583E-012 0.7081E-061 0.1591E-021 0.3066E-024 0.0000E+000 0.0000E+000
0.1541E+002 0.1000E+001 0.0000E+000 0.0000E+000 0.2250E+001 0.0000E+000 -.2288E-039 0.2550E-004 0.2593E-056 -.4079E-044 0.4420E-011 0.4881E-009 0.6890E-046 0.2361E-052 0.1455E-005 0.1318E-062 0.3921E-017 0.9074E-057 0.2179E-008 0.5378E-059 0.4456E-019 0.1223E-080 0.7157E-021 0.6400E-020 0.2583E-012 0.4403E-061 0.1599E-021 0.3093E-024 0.0000E+000 0.0000E+000
0.1540E+002 0.1000E+001 0.0000E+000 0.0000E+000 0.2250E+001 0.0000E+000 -.7332E-041 0.2550E-004 0.1613E-056 -.5357E-045 0.4420E-011 0.4881E-009 0.5123E-046 0.1469E-052 0.1455E-005 0.7737E-063 0.3921E-017 0.5644E-057 0.2179E-008 0.3181E-059 0.4464E-019 0.5825E-081 0.7161E-021 0.6402E-020 0.2583E-012 0.2738E-061 0.1607E-021 0.3121E-024 0.0000E+000 0.0000E+000
0.1539E+002 0.1000E+001 0.0000E+000 0.0000E+000 0.2250E+001 0.0000E+000 -.4420E-039 0.2550E-004 0.1004E-056 -.1282E-043 0.4420E-011 0.4881E-009 0.3809E-046 0.9144E-053 0.1455E-005 0.4544E-063 0.3921E-017 0.3511E-057 0.2179E-008 0.1882E-059 0.4471E-019 0.2775E-081 0.7165E-021 0.6404E-020 0.2583E-012 0.1703E-061 0.1615E-021 0.3149E-024 0.0000E+000 0.0000E+000
0.1538E+002 0.1000E+001 0.0000E+000 0.0000E+000 0.2250E+001 0.0000E+000 0.3024E-039 0.2550E-004 0.6245E-057 0.6189E-044 0.4420E-011 0.4881E-009 0.2832E-046 0.5691E-053 0.1455E-005 0.2669E-063 0.3921E-017 0.2185E-057 0.2179E-008 0.1113E-059 0.4478E-019 0.1322E-081 0.7169E-021 0.6406E-020 0.2583E-012 0.1059E-061 0.1623E-021 0.3177E-024 0.0000E+000 0.0000E+000
0.1537E+002 0.1000E+001 0.0000E+000 0.0000E+000 0.2250E+001 0.0000E+000 -.1923E-039 0.2550E-004 0.3887E-057 -.3200E-044 0.4420E-011 0.4881E-009 0.2106E-046 0.3543E-053 0.1455E-005 0.1569E-063 0.3921E-017 0.1360E-057 0.2179E-008 0.6589E-060 0.4486E-019 0.6300E-082 0.7173E-021 0.6409E-020 0.2583E-012 0.6592E-062 0.1631E-021 0.3205E-024 0.0000E+000 0.0000E+000
0.1536E+002 0.1000E+001 0.0000E+000 0.0000E+000 0.2250E+001 0.0000E+000 -.3735E-039 0.2550E-004 0.2419E-057 -.6080E-044 0.4420E-011 0.4881E-009 0.1566E-046 0.2206E-053 0.1455E-005 0.9220E-064 0.3921E-017 0.8464E-058 0.2179E-008 0.3901E-060 0.4493E-019 0.3003E-082 0.7177E-021 0.6411E-020 0.2583E-012 0.4102E-062 0.1639E-021 0.3234E-024 0.0000E+000 0.0000E+000
0.1535E+002 0.1000E+001 0.0000E+000 0.0000E+000 0.2250E+001 0.0000E+000 -.1206E-040 0.2550E-004 0.1506E-057 -.8671E-045 0.4420E-011 0.4881E-009 0.1165E-046 0.1373E-053 0.1455E-005 0.5421E-064 0.3921E-017 0.5269E-058 0.2179E-008 0.2310E-060 0.4500E-019 0.1432E-082 0.7181E-021 0.6413E-020 0.2583E-012 0.2553E-062 0.1647E-021 0.3262E-024 0.0000E+000 0.0000E+000
0.1534E+002 0.1000E+001 0.0000E+000 0.0000E+000 0.2250E+001 0.0000E+000 -.3904E-042 0.2550E-004 0.9380E-058 -.4273E-046 0.4420E-011 0.4881E-009 0.8667E-047 0.8554E-054 0.1455E-005 0.3188E-064 0.3921E-017 0.3281E-058 0.2179E-008 0.1368E-060 0.4507E-019 0.6829E-083 0.7185E-021 0.6415E-020 0.2583E-012 0.1590E-062 0.1655E-021 0.3291E-024 0.0000E+000 0.0000E+000
0.1533E+002 0.1000E+001 0.0000E+000 0.0000E+000 0.2250E+001 0.0000E+000 0.2087E-039 0.2550E-004 0.5842E-058 0.3119E-044 0.4420E-011 0.4881E-009 0.6448E-047 0.5328E-054 0.1455E-005 0.1875E-064 0.3921E-017 0.2043E-058 0.2179E-008 0.8102E-061 0.4515E-019 0.3258E-083 0.7189E-021 0.6417E-020 0.2583E-012 0.9899E-063 0.1663E-021 0.3319E-024 0.0000E+000 0.0000E+000
0.1532E+002 0.1000E+001 0.0000E+000 0.0000E+000 0.2250E+001 0.0000E+000 0.6773E-041 0.2550E-004 0.3639E-058 0.4801E-045 0.4420E-011 0.4881E-009 0.4797E-047 0.3320E-054 0.1455E-005 0.1103E-064 0.3921E-017 0.1273E-058 0.2179E-008 0.4800E-061 0.4522E-019 0.1555E-083 0.7193E-021 0.6419E-020 0.2583E-012 0.6165E-063 0.1671E-021 0.3348E-024 0.0000E+000 0.0000E+000
0.1531E+002 0.1000E+001 0.0000E+000 0.0000E+000 0.2250E+001 0.0000E+000 -.2543E-039 0.2550E-004 0.2267E-058 -.4174E-044 0.4420E-011 0.4881E-009 0.3570E-047 0.2068E-054 0.1455E-005 0.6495E-065 0.3921E-017 0.7930E-059 0.2179E-008 0.2845E-061 0.4529E-019 0.7420E-084 0.7197E-021 0.6421E-020 0.2583E-012 0.3840E-063 0.1680E-021 0.3377E-024 0.0000E+000 0.0000E+000
0.1530E+002 0.1000E+001 0.0000E+000 0.0000E+000 0.2250E+001 0.0000E+000 -.8279E-041 0.2550E-004 0.1413E-058 -.5947E-045 0.4420E-011 0.4881E-009 0.2657E-047 0.1289E-054 0.1455E-005 0.3824E-065 0.3921E-017 0.4941E-059 0.2179E-008 0.1686E-061 0.4537E-019 0.3542E-084 0.7201E-021 0.6423E-020 0.2583E-012 0.2392E-063 0.1688E-021 0.3406E-024 0.0000E+000 0.0000E+000
0.1529E+002 0.1000E+001 0.0000E+000 0.0000E+000 0.2250E+001 0.0000E+000 -.2700E-042 0.2550E-004 0.8805E-059 -.2953E-046 0.4420E-011 0.4881E-009 0.1977E-047 0.8035E-055 0.1455E-005 0.2252E-065 0.3920E-017 0.3079E-059 0.2179E-008 0.9997E-062 0.4544E-019 0.1692E-084 0.7205E-021 0.6425E-020 0.2583E-012 0.1491E-063 0.1696E-021 0.3435E-024 0.0000E+000 0.0000E+000
0.1528E+002 0.1000E+001 0.0000E+000 0.0000E+000 0.2250E+001 0.0000E+000 -.3830E-039 0.2550E-004 0.5488E-059 -.5385E-044 0.4420E-011 0.4881E-009 0.1472E-047 0.5009E-055 0.1455E-005 0.1326E-065 0.3920E-017 0.1919E-059 0.2179E-008 0.5928E-062 0.4551E-019 0.8080E-085 0.7209E-021 0.6426E-020 0.2583E-012 0.9291E-064 0.1704E-021 0.3465E-024 0.0000E+000 0.0000E+000
0.1527E+002 0.1000E+001 0.0000E+000 0.0000E+000 0.2250E+001 0.0000E+000 0.7727E-039 0.2550E-004 0.3422E-059 0.1343E-043 0.4420E-011 0.4881E-009 0.1096E-047 0.3123E-055 0.1455E-005 0.7813E-066 0.3920E-017 0.1197E-059 0.2179E-008 0.3516E-062 0.4559E-019 0.3860E-085 0.7213E-021 0.6428E-020 0.2583E-012 0.5792E-064 0.1712E-021 0.3494E-024 0.0000E+000 0.0000E+000
0.1526E+002 0.1000E+001 0.0000E+000 0.0000E+000 0.2250E+001 0.0000E+000 0.2532E-040 0.2550E-004 0.2134E-059 0.1832E-044 0.4420E-011 0.4881E-009 0.8156E-048 0.1948E-055 0.1455E-005 0.4604E-066 0.3920E-017 0.7462E-060 0.2179E-008 0.2086E-062 0.4566E-019 0.1845E-085 0.7217E-021 0.6430E-020 0.2583E-012 0.3611E-064 0.1720E-021 0.3524E-024 0.0000E+000 0.0000E+000
0.1525E+002 0.1000E+001 0.0000E+000 0.0000E+000 0.2250E+001 0.0000E+000 0.5508E-039 0.2550E-004 0.1331E-059 0.1363E-043 0.4420E-011 0.4881E-009 0.6073E-048 0.1215E-055 0.1455E-005 0.2714E-066 0.3920E-017 0.4653E-060 0.2179E-008 0.1238E-062 0.4573E-019 0.8818E-086 0.7221E-021 0.6432E-020 0.2583E-012 0.2252E-064 0.1728E-021 0.3553E-024 0.0000E+000 0.0000E+000
0.1524E+002 0.1000E+001 0.0000E+000 0.0000E+000 0.2250E+001 0.0000E+000 -.1292E-040 0.2550E-004 0.8300E-060 0.7468E-045 0.4420E-011 0.4881E-009 0.4522E-048 0.7577E-056 0.1455E-005 0.1600E-066 0.3920E-017 0.2902E-060 0.2179E-008 0.7347E-063 0.4580E-019 0.4216E-086 0.7225E-021 0.6433E-020 0.2583E-012 0.1404E-064 0.1736E-021 0.3583E-024 0.0000E+000 0.0000E+000
0.1523E+002 0.1000E+001 0.0000E+000 0.0000E+000 0.2250E+001 0.0000E+000 -.4258E-039 0.2550E-004 0.5178E-060 -.1222E-043 0.4420E-011 0.4881E-009 0.3368E-048 0.4728E-056 0.1455E-005 0.9436E-067 0.3920E-017 0.1811E-060 0.2179E-008 0.4362E-063 0.4588E-019 0.2016E-086 0.7229E-021 0.6435E-020 0.2583E-012 0.8760E-065 0.1744E-021 0.3613E-024 0.0000E+000 0.0000E+000
0.1522E+002 0.1000E+001 0.0000E+000 0.0000E+000 0.2250E+001 0.0000E+000 0.9085E-040 0.2550E-004 0.3231E-060 -.8538E-045 0.4420E-011 0.4881E-009 0.2508E-048 0.2950E-056 0.1455E-005 0.5566E-067 0.3920E-017 0.1130E-060 0.2179E-008 0.2590E-063 0.4595E-019 0.9646E-087 0.7233E-021 0.6437E-020 0.2583E-012 0.5465E-065 0.1753E-021 0.3643E-024 0.0000E+000 0.0000E+000
0.1521E+002 0.1000E+001 0.0000E+000 0.0000E+000 0.2250E+001 0.0000E+000 -.1521E-039 0.2550E-004 0.2016E-060 -.5144E-044 0.4420E-011 0.4881E-009 0.1868E-048 0.1841E-056 0.1455E-005 0.3284E-067 0.3920E-017 0.7051E-061 0.2179E-008 0.1538E-063 0.4602E-019 0.4616E-087 0.7237E-021 0.6438E-020 0.2583E-012 0.3410E-065 0.1761E-021 0.3674E-024 0.0000E+000 0.0000E+000
0.1520E+002 0.1000E+001 0.0000E+000 0.0000E+000 0.2250E+001 0.0000E+000 -.7104E-039 0.2550E-004 0.1259E-060 -.7429E-044 0.4420E-011 0.4881E-009 0.1392E-048 0.1149E-056 0.1455E-005 0.1938E-067 0.3920E-017 0.4401E-061 0.2179E-008 0.9137E-064 0.4609E-019 0.2209E-087 0.7241E-021 0.6440E-020 0.2583E-012 0.2129E-065 0.1769E-021 0.3704E-024 0.0000E+000 0.0000E+000
0.1519E+002 0.1000E+001 0.0000E+000 0.0000E+000 0.2250E+001 0.0000E+000 0.4794E-039 0.2550E-004 0.7857E-061 0.6057E-044 0.4420E-011 0.4881E-009 0.1037E-048 0.7175E-057 0.1455E-005 0.1144E-067 0.3920E-017 0.2747E-061 0.2179E-008 0.5429E-064 0.4617E-019 0.1058E-087 0.7245E-021 0.6442E-020 0.2583E-012 0.1329E-065 0.1777E-021 0.3734E-024 0.0000E+000 0.0000E+000
0.1518E+002 0.1000E+001 0.0000E+000 0.0000E+000 0.2250E+001 0.0000E+000 -.3485E-040 0.2550E-004 0.4906E-061 -.1127E-045 0.4420E-011 0.4881E-009 0.7725E-049 0.4480E-057 0.1455E-005 0.6753E-068 0.3920E-017 0.1715E-061 0.2179E-008 0.3227E-064 0.4624E-019 0.5064E-088 0.7249E-021 0.6443E-020 0.2583E-012 0.8295E-066 0.1785E-021 0.3765E-024 0.0000E+000 0.0000E+000
0.1517E+002 0.1000E+001 0.0000E+000 0.0000E+000 0.2250E+001 0.0000E+000 0.1067E-038 0.2550E-004 0.3064E-061 0.2015E-043 0.4420E-011 0.4881E-009 0.5756E-049 0.2798E-057 0.1455E-005 0.3988E-068 0.3920E-017 0.1071E-061 0.2179E-008 0.1918E-064 0.4631E-019 0.2426E-088 0.7253E-021 0.6445E-020 0.2583E-012 0.5180E-066 0.1793E-021 0.3796E-024 0.0000E+000 0.0000E+000
0.1516E+002 0.1000E+001 0.0000E+000 0.0000E+000 0.2250E+001 0.0000E+000 0.9181E-040 0.2550E-004 0.1913E-061 0.3840E-044 0.4420E-011 0.4881E-009 0.4290E-049 0.1748E-057 0.1455E-005 0.2356E-068 0.3919E-017 0.6691E-062 0.2179E-008 0.1140E-064 0.4639E-019 0.1162E-088 0.7257E-021 0.6446E-020 0.2583E-012 0.3235E-066 0.1802E-021 0.3827E-024 0.0000E+000 0.0000E+000
0.1515E+002 0.1000E+001 0.0000E+000 0.0000E+000 0.2250E+001 0.0000E+000 -.4399E-039 0.2550E-004 0.1195E-061 -.8776E-044 0.4420E-011 0.4881E-009 0.3197E-049 0.1092E-057 0.1455E-005 0.1392E-068 0.3919E-017 0.4180E-062 0.2179E-008 0.6782E-065 0.4646E-019 0.5569E-089 0.7261E-021 0.6448E-020 0.2583E-012 0.2021E-066 0.1810E-021 0.3858E-024 0.0000E+000 0.0000E+000
0.1514E+002 0.1000E+001 0.0000E+000 0.0000E+000 0.2250E+001 0.0000E+000 -.1862E-039 0.2550E-004 0.7468E-062 -.1825E-044 0.4420E-011 0.4881E-009 0.2383E-049 0.6821E-058 0.1455E-005 0.8225E-069 0.3919E-017 0.2611E-062 0.2179E-008 0.4034E-065 0.4653E-019 0.2670E-089 0.7265E-021 0.6449E-020 0.2583E-012 0.1262E-066 0.1818E-021 0.3889E-024 0.0000E+000 0.0000E+000
0.1513E+002 0.1000E+001 0.0000E+000 0.0000E+000 0.2250E+001 0.0000E+000 0.2449E-039 0.2550E-004 0.4667E-062 0.2368E-044 0.4420E-011 0.4881E-009 0.1777E-049 0.4263E-058 0.1455E-005 0.4861E-069 0.3919E-017 0.1632E-062 0.2179E-008 0.2400E-065 0.4660E-019 0.1280E-089 0.7269E-021 0.6450E-020 0.2583E-012 0.7889E-067 0.1826E-021 0.3920E-024 0.0000E+000 0.0000E+000
0.1512E+002 0.1000E+001 0.0000E+000 0.0000E+000 0.2250E+001 0.0000E+000 0.5763E-039 0.2550E-004 0.2917E-062 0.1268E-043 0.4420E-011 0.4881E-009 0.1325E-049 0.2664E-058 0.1455E-005 0.2874E-069 0.3919E-017 0.1020E-062 0.2179E-008 0.1428E-065 0.4668E-019 0.6139E-090 0.7273E-021 0.6452E-020 0.2583E-012 0.4930E-067 0.1835E-021 0.3952E-024 0.0000E+000 0.0000E+000
0.1511E+002 0.1000E+001 0.0000E+000 0.0000E+000 0.2250E+001 0.0000E+000 0.1380E-040 0.2550E-004 0.1823E-062 -.4995E-045 0.4420E-011 0.4881E-009 0.9876E-050 0.1666E-058 0.1455E-005 0.1700E-069 0.3919E-017 0.6376E-063 0.2179E-008 0.8501E-066 0.4675E-019 0.2945E-090 0.7277E-021 0.6453E-020 0.2583E-012 0.3082E-067 0.1843E-021 0.3983E-024 0.0000E+000 0.0000E+000
0.1510E+002 0.1000E+001 0.0000E+000 0.0000E+000 0.2250E+001 0.0000E+000 -.2271E-039 0.2550E-004 0.1140E-062 -.3215E-044 0.4420E-011 0.4881E-009 0.7364E-050 0.1041E-058 0.1455E-005 0.1005E-069 0.3919E-017 0.3986E-063 0.2179E-008 0.5061E-066 0.4682E-019 0.1413E-090 0.7282E-021 0.6454E-020 0.2583E-012 0.1927E-067 0.1851E-021 0.4015E-024 0.0000E+000 0.0000E+000
0.1509E+002 0.1000E+001 0.0000E+000 0.0000E+000 0.2250E+001 0.0000E+000 0.9302E-039 0.2550E-004 0.7128E-063 0.1765E-043 0.4420E-011 0.4881E-009 0.5492E-050 0.6512E-059 0.1455E-005 0.5947E-070 0.3919E-017 0.2493E-063 0.2179E-008 0.3014E-066 0.4689E-019 0.6782E-091 0.7286E-021 0.6456E-020 0.2583E-012 0.1205E-067 0.1859E-021 0.4047E-024 0.0000E+000 0.0000E+000
0.1508E+002 0.1000E+001 0.0000E+000 0.0000E+000 0.2250E+001 0.0000E+000 -.1113E-039 0.2550E-004 0.4458E-063 -.3484E-044 0.4420E-011 0.4881E-009 0.4096E-050 0.4073E-059 0.1455E-005 0.3519E-070 0.3919E-017 0.1559E-063 0.2179E-008 0.1795E-066 0.4697E-019 0.3256E-091 0.7290E-021 0.6457E-020 0.2583E-012 0.7534E-068 0.1868E-021 0.4079E-024 0.0000E+000 0.0000E+000
0.1507E+002 0.1000E+001 0.0000E+000 0.0000E+000 0.2250E+001 0.0000E+000 0.7072E-039 0.2550E-004 0.2789E-063 0.1336E-043 0.4420E-011 0.4881E-009 0.3055E-050 0.2547E-059 0.1455E-005 0.2083E-070 0.3919E-017 0.9751E-064 0.2179E-008 0.1069E-066 0.4704E-019 0.1563E-091 0.7294E-021 0.6458E-020 0.2583E-012 0.4713E-068 0.1876E-021 0.4111E-024 0.0000E+000 0.0000E+000
0.1506E+002 0.1000E+001 0.0000E+000 0.0000E+000 0.2250E+001 0.0000E+000 0.7219E-039 0.2550E-004 0.1745E-063 0.1039E-043 0.4420E-011 0.4881E-009 0.2279E-050 0.1594E-059 0.1455E-005 0.1233E-070 0.3919E-017 0.6101E-064 0.2179E-008 0.6373E-067 0.4711E-019 0.7509E-092 0.7298E-021 0.6459E-020 0.2583E-012 0.2948E-068 0.1884E-021 0.4143E-024 0.0000E+000 0.0000E+000
0.1505E+002 0.1000E+001 0.0000E+000 0.0000E+000 0.2250E+001 0.0000E+000 0.8944E-039 0.2550E-004 0.1092E-063 0.1604E-043 0.4420E-011 0.4881E-009 0.1700E-050 0.9973E-060 0.1455E-005 0.7301E-071 0.3919E-017 0.3817E-064 0.2179E-008 0.3798E-067 0.4718E-019 0.3608E-092 0.7302E-021 0.6461E-020 0.2583E-012 0.1845E-068 0.1893E-021 0.4175E-024 0.0000E+000 0.0000E+000
0.1504E+002 0.1000E+001 0.0000E+000 0.0000E+000 0.2250E+001 0.0000E+000 0.7181E-039 0.2550E-004 0.6832E-064 0.9278E-044 0.4420E-011 0.4881E-009 0.1269E-050 0.6241E-060 0.1455E-005 0.4324E-071 0.3919E-017 0.2389E-064 0.2179E-008 0.2264E-067 0.4725E-019 0.1734E-092 0.7306E-021 0.6462E-020 0.2583E-012 0.1154E-068 0.1901E-021 0.4208E-024 0.0000E+000 0.0000E+000
0.1503E+002 0.1000E+001 0.0000E+000 0.0000E+000 0.2250E+001 0.0000E+000 -.3363E-039 0.2550E-004 0.4276E-064 -.3214E-044 0.4420E-011 0.4881E-009 0.9468E-051 0.3907E-060 0.1455E-005 0.2561E-071 0.3919E-017 0.1495E-064 0.2179E-008 0.1350E-067 0.4733E-019 0.8334E-093 0.7310E-021 0.6463E-020 0.2583E-012 0.7226E-069 0.1909E-021 0.4240E-024 0.0000E+000 0.0000E+000
0.1502E+002 0.1000E+001 0.0000E+000 0.0000E+000 0.2250E+001 0.0000E+000 0.9880E-039 0.2550E-004 0.2677E-064 0.1547E-043 0.4420E-011 0.4881E-009 0.7066E-051 0.2446E-060 0.1455E-005 0.1518E-071 0.3918E-017 0.9362E-065 0.2179E-008 0.8052E-068 0.4740E-019 0.4007E-093 0.7314E-021 0.6464E-020 0.2583E-012 0.4523E-069 0.1918E-021 0.4273E-024 0.0000E+000 0.0000E+000
0.1501E+002 0.1000E+001 0.0000E+000 0.0000E+000 0.2250E+001 0.0000E+000 0.3369E-040 0.2550E-004 0.1676E-064 0.2374E-044 0.4420E-011 0.4881E-009 0.5274E-051 0.1531E-060 0.1455E-005 0.8995E-072 0.3918E-017 0.5862E-065 0.2179E-008 0.4803E-068 0.4747E-019 0.1927E-093 0.7319E-021 0.6465E-020 0.2583E-012 0.2832E-069 0.1926E-021 0.4306E-024 0.0000E+000 0.0000E+000
0.1500E+002 0.1000E+001 0.0000E+000 0.0000E+000 0.2250E+001 0.0000E+000 0.5128E-039 0.2550E-004 -.3765E-070 0.2008E-040 0.4420E-011 0.4881E-009 -.3083E-040 -.3438E-066 0.1455E-005 -.1273E-077 0.3911E-017 -.1316E-070 0.2179E-008 -.7685E-074 0.5467E-019 0.5125E-099 0.7340E-021 0.6523E-020 0.2583E-012 -.6362E-075 0.2825E-021 0.8349E-024 0.0000E+000 0.0000E+000
0.1400E+002 0.1000E+001 0.0000E+000 0.0000E+000 0.2250E+001 0.0000E+000 0.5158E-041 0.2550E-004 -.4658E-077 -.6251E-041 0.4420E-011 0.4881E-009 -.3728E-040 -.4120E-073 0.1455E-005 0.3220E-084 0.3904E-017 -.1606E-077 0.2179E-008 0.5731E-081 0.6160E-019 -.1038E-105 0.8807E-021 0.6447E-020 0.2583E-012 -.7968E-082 0.3812E-021 0.1380E-023 0.0000E+000 0.0000E+000
0.1300E+002 0.1000E+001 0.0000E+000 0.0000E+000 0.2250E+001 0.0000E+000 -.1342E-038 0.2550E-004 -.6959E-083 -.1110E-038 0.4420E-011 0.4881E-009 -.2679E-040 -.6375E-079 0.1455E-005 -.7533E-091 0.3897E-017 -.2473E-083 0.2179E-008 0.4814E-087 0.6824E-019 0.6347E-112 0.9462E-021 0.6394E-020 0.2583E-012 -.1184E-087 0.4871E-021 0.2068E-023 0.0000E+000 0.0000E+000
0.1200E+002 0.1000E+001 0.0000E+000 0.0000E+000 0.2250E+001 0.0000E+000 0.2712E-039 0.2550E-004 -.1928E-088 0.2637E-039 0.4420E-011 0.4881E-009 0.1965E-042 -.1743E-084 0.1455E-005 -.5579E-097 0.3891E-017 -.6767E-089 0.2179E-008 0.1062E-092 0.7459E-019 -.3719E-118 0.1023E-020 0.6343E-020 0.2583E-012 -.3273E-093 0.5987E-021 0.2892E-023 0.0000E+000 0.0000E+000
0.1100E+002 0.1000E+001 0.0000E+000 0.0000E+000 0.2250E+001 0.0000E+000 -.1203E-038 0.2550E-004 -.2744E-094 -.2881E-039 0.4420E-011 0.4881E-009 0.3233E-042 -.2482E-090 0.1455E-005 -.1618E-102 0.3885E-017 -.9612E-095 0.2179E-008 0.2329E-098 0.8064E-019 -.2643E-124 0.1113E-020 0.6289E-020 0.2583E-012 -.4648E-099 0.7145E-021 0.3846E-023 0.0000E+000 0.0000E+000
0.1000E+002 0.1000E+001 0.0000E+000 0.0000E+000 0.2250E+001 0.0000E+000 -.3207E-039 0.2550E-004 0.8180E-100 0.1391E-039 0.4420E-011 0.4881E-009 0.2167E-040 0.7466E-096 0.1455E-005 -.3212E-108 0.3879E-017 0.2882E-100 0.2179E-008 -.4194E-104 0.8637E-019 -.4283E-130 0.1223E-020 0.6231E-020 0.2583E-012 0.1388E-104 0.8329E-021 0.4914E-023 0.0000E+000 0.0000E+000
