0.1559E+002 0.1203E-003 0.8999E+000 0.9999E+000 0.1237E-004 0.9999E-001 0.1430E-013 0.2646E-006 0.2523E-004 0.2670E-016 0.4226E-011 0.4622E-009 0.2568E-020 0.4120E-013 0.1457E-005 0.1372E-012 0.2527E-019 0.1533E-015 0.1732E-008 0.3570E-015 0.1057E-021 0.4400E-017 0.4843E-018 0.3435E-025 0.1688E-012 0.3829E-020 0.3461E-026 0.9503E-031 0.0000E+000 0.0000E+000
0.1558E+002 0.1000E+001 0.0000E+000 0.0000E+000 0.2250E+001 0.0000E+000 0.5498E-015 0.1353E-004 0.1197E-004 0.7660E-018 0.4226E-011 0.4622E-009 0.1891E-020 0.7395E-013 0.1457E-005 0.7489E-013 0.2734E-018 0.1147E-014 0.1773E-008 0.3708E-014 0.3279E-020 0.2088E-017 0.3874E-018 0.7472E-021 0.1762E-012 0.1301E-019 0.1543E-023 0.2692E-027 0.0000E+000 0.0000E+000
0.1557E+002 0.1000E+001 0.0000E+000 0.0000E+000 0.2250E+001 0.0000E+000 0.2122E-016 0.1982E-004 0.5681E-005 0.2255E-019 0.4226E-011 0.4622E-009 0.1398E-020 0.7232E-013 0.1457E-005 0.4088E-013 0.5022E-018 0.1859E-014 0.1792E-008 0.3845E-014 0.8659E-020 0.9907E-018 0.3099E-018 0.1312E-020 0.1797E-012 0.3926E-019 0.5225E-023 0.7648E-027 0.0000E+000 0.0000E+000
0.1556E+002 0.1000E+001 0.0000E+000 0.0000E+000 0.2250E+001 0.0000E+000 0.8207E-018 0.2280E-004 0.2697E-005 0.6792E-021 0.4226E-011 0.4622E-009 0.1036E-020 0.5934E-013 0.1457E-005 0.2233E-013 0.6853E-018 0.1921E-014 0.1801E-008 0.3054E-014 0.1401E-019 0.4703E-018 0.2479E-018 0.1742E-020 0.1814E-012 0.5827E-019 0.9854E-023 0.1328E-026 0.0000E+000 0.0000E+000
0.1555E+002 0.1000E+001 0.0000E+000 0.0000E+000 0.2250E+001 0.0000E+000 0.3180E-019 0.2422E-004 0.1280E-005 0.2092E-022 0.4226E-011 0.4622E-009 0.7683E-021 0.4474E-013 0.1457E-005 0.1220E-013 0.8216E-018 0.1626E-014 0.1806E-008 0.2175E-014 0.1839E-019 0.2233E-018 0.1984E-018 0.2074E-020 0.1823E-012 0.6215E-019 0.1427E-022 0.1895E-026 0.0000E+000 0.0000E+000
0.1554E+002 0.1000E+001 0.0000E+000 0.0000E+000 0.2250E+001 0.0000E+000 0.1234E-020 0.2489E-004 0.6081E-006 0.6593E-024 0.4226E-011 0.4622E-009 0.5702E-021 0.3210E-013 0.1457E-005 0.6663E-014 0.9185E-018 0.1232E-014 0.1808E-008 0.1460E-014 0.2165E-019 0.1060E-018 0.1588E-018 0.2332E-020 0.1826E-012 0.5529E-019 0.1795E-022 0.2442E-026 0.0000E+000 0.0000E+000
0.1553E+002 0.1000E+001 0.0000E+000 0.0000E+000 0.2250E+001 0.0000E+000 0.4793E-022 0.2521E-004 0.2889E-006 0.2127E-025 0.4226E-011 0.4622E-009 0.4233E-021 0.2230E-013 0.1457E-005 0.3641E-014 0.9854E-018 0.8720E-015 0.1809E-008 0.9458E-015 0.2392E-019 0.5037E-019 0.1272E-018 0.2536E-020 0.1828E-012 0.4398E-019 0.2080E-022 0.2967E-026 0.0000E+000 0.0000E+000
0.1552E+002 0.1000E+001 0.0000E+000 0.0000E+000 0.2250E+001 0.0000E+000 0.1865E-023 0.2536E-004 0.1372E-006 0.7035E-027 0.4226E-011 0.4622E-009 0.3143E-021 0.1515E-013 0.1457E-005 0.1991E-014 0.1031E-017 0.5893E-015 0.1809E-008 0.5981E-015 0.2544E-019 0.2393E-019 0.1019E-018 0.2699E-020 0.1829E-012 0.3249E-019 0.2294E-022 0.3475E-026 0.0000E+000 0.0000E+000
0.1551E+002 0.1000E+001 0.0000E+000 0.0000E+000 0.2250E+001 0.0000E+000 0.7266E-025 0.2543E-004 0.6523E-007 0.2384E-028 0.4226E-011 0.4622E-009 0.2334E-021 0.1012E-013 0.1457E-005 0.1088E-014 0.1061E-017 0.3856E-015 0.1809E-008 0.3720E-015 0.2643E-019 0.1137E-019 0.8162E-019 0.2832E-020 0.1830E-012 0.2279E-019 0.2454E-022 0.3971E-026 0.0000E+000 0.0000E+000
0.1550E+002 0.1000E+001 0.0000E+000 0.0000E+000 0.2250E+001 0.0000E+000 0.2835E-026 0.2547E-004 0.3101E-007 0.8273E-030 0.4226E-011 0.4622E-009 0.1733E-021 0.6676E-014 0.1457E-005 0.5952E-015 0.1080E-017 0.2465E-015 0.1810E-008 0.2287E-015 0.2707E-019 0.5407E-020 0.6544E-019 0.2943E-020 0.1830E-012 0.1540E-019 0.2575E-022 0.4461E-026 0.0000E+000 0.0000E+000
0.1549E+002 0.1000E+001 0.0000E+000 0.0000E+000 0.2250E+001 0.0000E+000 0.1107E-027 0.2548E-004 0.1474E-007 0.2932E-031 0.4226E-011 0.4622E-009 0.1287E-021 0.4362E-014 0.1457E-005 0.3256E-015 0.1093E-017 0.1548E-015 0.1810E-008 0.1393E-015 0.2748E-019 0.2571E-020 0.5249E-019 0.3036E-020 0.1830E-012 0.1011E-019 0.2671E-022 0.4951E-026 0.0000E+000 0.0000E+000
0.1548E+002 0.1000E+001 0.0000E+000 0.0000E+000 0.2250E+001 0.0000E+000 0.4327E-029 0.2549E-004 0.7013E-008 0.1060E-032 0.4226E-011 0.4622E-009 0.9564E-022 0.2828E-014 0.1457E-005 0.1782E-015 0.1102E-017 0.9600E-016 0.1810E-008 0.8432E-016 0.2774E-019 0.1223E-020 0.4214E-019 0.3117E-020 0.1830E-012 0.6503E-020 0.2750E-022 0.5442E-026 0.0000E+000 0.0000E+000
0.1547E+002 0.1000E+001 0.0000E+000 0.0000E+000 0.2250E+001 0.0000E+000 0.1693E-030 0.2549E-004 0.3336E-008 0.3899E-034 0.4226E-011 0.4622E-009 0.7105E-022 0.1822E-014 0.1457E-005 0.9752E-016 0.1107E-017 0.5892E-016 0.1810E-008 0.5078E-016 0.2790E-019 0.5818E-021 0.3385E-019 0.3188E-020 0.1830E-012 0.4113E-020 0.2818E-022 0.5939E-026 0.0000E+000 0.0000E+000
0.1546E+002 0.1000E+001 0.0000E+000 0.0000E+000 0.2250E+001 0.0000E+000 0.6199E-032 0.2550E-004 0.1588E-008 0.1443E-035 0.4226E-011 0.4622E-009 0.5279E-022 0.1168E-014 0.1457E-005 0.5339E-016 0.1110E-017 0.3589E-016 0.1810E-008 0.3046E-016 0.2801E-019 0.2769E-021 0.2723E-019 0.3251E-020 0.1830E-012 0.2567E-020 0.2879E-022 0.6441E-026 0.0000E+000 0.0000E+000
0.1545E+002 0.1000E+001 0.0000E+000 0.0000E+000 0.2250E+001 0.0000E+000 0.9354E-034 0.2550E-004 0.7557E-009 0.5078E-037 0.4226E-011 0.4622E-009 0.3923E-022 0.7454E-015 0.1457E-005 0.2923E-016 0.1112E-017 0.2173E-016 0.1810E-008 0.1822E-016 0.2809E-019 0.1318E-021 0.2193E-019 0.3309E-020 0.1830E-012 0.1586E-020 0.2936E-022 0.6951E-026 0.0000E+000 0.0000E+000
0.1544E+002 0.1000E+001 0.0000E+000 0.0000E+000 0.2250E+001 0.0000E+000 0.7184E-034 0.2550E-004 0.3598E-009 0.2259E-038 0.4226E-011 0.4622E-009 0.2915E-022 0.4741E-015 0.1457E-005 0.1601E-016 0.1114E-017 0.1309E-016 0.1810E-008 0.1088E-016 0.2814E-019 0.6274E-022 0.1769E-019 0.3363E-020 0.1830E-012 0.9720E-021 0.2990E-022 0.7468E-026 0.0000E+000 0.0000E+000
0.1543E+002 0.1000E+001 0.0000E+000 0.0000E+000 0.2250E+001 0.0000E+000 -.1380E-034 0.2550E-004 0.1713E-009 -.3779E-039 0.4226E-011 0.4622E-009 0.2167E-022 0.3007E-015 0.1457E-005 0.8773E-017 0.1115E-017 0.7862E-017 0.1810E-008 0.6479E-017 0.2818E-019 0.2988E-022 0.1429E-019 0.3413E-020 0.1830E-012 0.5917E-021 0.3043E-022 0.7993E-026 0.0000E+000 0.0000E+000
0.1542E+002 0.1000E+001 0.0000E+000 0.0000E+000 0.2250E+001 0.0000E+000 0.3598E-034 0.2550E-004 0.8161E-010 0.4681E-039 0.4226E-011 0.4622E-009 0.1611E-022 0.1903E-015 0.1457E-005 0.4808E-017 0.1115E-017 0.4707E-017 0.1810E-008 0.3855E-017 0.2821E-019 0.1423E-022 0.1158E-019 0.3461E-020 0.1830E-012 0.3583E-021 0.3095E-022 0.8526E-026 0.0000E+000 0.0000E+000
0.1541E+002 0.1000E+001 0.0000E+000 0.0000E+000 0.2250E+001 0.0000E+000 0.5487E-035 0.2550E-004 0.3888E-010 0.1239E-039 0.4226E-011 0.4622E-009 0.1197E-022 0.1201E-015 0.1457E-005 0.2635E-017 0.1116E-017 0.2812E-017 0.1810E-008 0.2291E-017 0.2824E-019 0.6781E-023 0.9404E-020 0.3506E-020 0.1830E-012 0.2161E-021 0.3147E-022 0.9068E-026 0.0000E+000 0.0000E+000
0.1540E+002 0.1000E+001 0.0000E+000 0.0000E+000 0.2250E+001 0.0000E+000 -.1108E-035 0.2550E-004 0.1853E-010 0.9142E-041 0.4226E-011 0.4622E-009 0.8901E-023 0.7573E-016 0.1457E-005 0.1445E-017 0.1116E-017 0.1677E-017 0.1810E-008 0.1361E-017 0.2826E-019 0.3232E-023 0.7664E-020 0.3550E-020 0.1830E-012 0.1299E-021 0.3198E-022 0.9618E-026 0.0000E+000 0.0000E+000
0.1539E+002 0.1000E+001 0.0000E+000 0.0000E+000 0.2250E+001 0.0000E+000 -.6012E-036 0.2550E-004 0.8834E-011 -.3134E-041 0.4226E-011 0.4622E-009 0.6618E-023 0.4767E-016 0.1457E-005 0.7924E-018 0.1116E-017 0.9985E-018 0.1810E-008 0.8079E-018 0.2829E-019 0.1541E-023 0.6272E-020 0.3592E-020 0.1830E-012 0.7783E-022 0.3249E-022 0.1018E-025 0.0000E+000 0.0000E+000
0.1538E+002 0.1000E+001 0.0000E+000 0.0000E+000 0.2250E+001 0.0000E+000 -.7300E-037 0.2550E-004 0.4212E-011 -.7435E-041 0.4226E-011 0.4622E-009 0.4921E-023 0.2996E-016 0.1457E-005 0.4347E-018 0.1116E-017 0.5940E-018 0.1810E-008 0.4794E-018 0.2831E-019 0.7345E-024 0.5158E-020 0.3633E-020 0.1830E-012 0.4654E-022 0.3300E-022 0.1074E-025 0.0000E+000 0.0000E+000
0.1537E+002 0.1000E+001 0.0000E+000 0.0000E+000 0.2250E+001 0.0000E+000 -.5586E-036 0.2550E-004 0.2009E-011 -.6006E-041 0.4226E-011 0.4622E-009 0.3660E-023 0.1882E-016 0.1457E-005 0.2385E-018 0.1116E-017 0.3531E-018 0.1810E-008 0.2843E-018 0.2833E-019 0.3503E-024 0.4266E-020 0.3673E-020 0.1830E-012 0.2778E-022 0.3350E-022 0.1132E-025 0.0000E+000 0.0000E+000
0.1536E+002 0.1000E+001 0.0000E+000 0.0000E+000 0.2250E+001 0.0000E+000 0.1091E-037 0.2550E-004 0.9584E-012 -.2678E-041 0.4226E-011 0.4622E-009 0.2722E-023 0.1181E-016 0.1457E-005 0.1309E-018 0.1116E-017 0.2098E-018 0.1810E-008 0.1686E-018 0.2835E-019 0.1671E-024 0.3553E-020 0.3712E-020 0.1830E-012 0.1656E-022 0.3401E-022 0.1190E-025 0.0000E+000 0.0000E+000
0.1535E+002 0.1000E+001 0.0000E+000 0.0000E+000 0.2250E+001 0.0000E+000 -.3102E-036 0.2550E-004 0.4573E-012 -.7574E-041 0.4226E-011 0.4622E-009 0.2025E-023 0.7401E-017 0.1457E-005 0.7186E-019 0.1116E-017 0.1246E-018 0.1810E-008 0.1000E-018 0.2837E-019 0.7975E-025 0.2981E-020 0.3750E-020 0.1830E-012 0.9864E-023 0.3452E-022 0.1250E-025 0.0000E+000 0.0000E+000
0.1534E+002 0.1000E+001 0.0000E+000 0.0000E+000 0.2250E+001 0.0000E+000 -.4549E-036 0.2550E-004 0.2183E-012 -.9115E-041 0.4226E-011 0.4622E-009 0.1506E-023 0.4637E-017 0.1457E-005 0.3946E-019 0.1116E-017 0.7396E-019 0.1810E-008 0.5930E-019 0.2839E-019 0.3806E-025 0.2524E-020 0.3788E-020 0.1830E-012 0.5869E-023 0.3503E-022 0.1310E-025 0.0000E+000 0.0000E+000
0.1533E+002 0.1000E+001 0.0000E+000 0.0000E+000 0.2250E+001 0.0000E+000 0.1730E-037 0.2550E-004 0.1042E-012 -.3595E-042 0.4226E-011 0.4622E-009 0.1121E-023 0.2904E-017 0.1457E-005 0.2167E-019 0.1116E-017 0.4390E-019 0.1810E-008 0.3517E-019 0.2841E-019 0.1817E-025 0.2157E-020 0.3824E-020 0.1830E-012 0.3490E-023 0.3554E-022 0.1371E-025 0.0000E+000 0.0000E+000
0.1532E+002 0.1000E+001 0.0000E+000 0.0000E+000 0.2250E+001 0.0000E+000 0.1758E-037 0.2550E-004 0.4976E-013 0.3350E-042 0.4226E-011 0.4622E-009 0.8337E-024 0.1817E-017 0.1457E-005 0.1191E-019 0.1116E-017 0.2605E-019 0.1810E-008 0.2085E-019 0.2843E-019 0.8678E-026 0.1864E-020 0.3861E-020 0.1830E-012 0.2074E-023 0.3604E-022 0.1433E-025 0.0000E+000 0.0000E+000
0.1531E+002 0.1000E+001 0.0000E+000 0.0000E+000 0.2250E+001 0.0000E+000 0.1333E-037 0.2550E-004 0.2377E-013 0.1079E-041 0.4226E-011 0.4622E-009 0.6204E-024 0.1137E-017 0.1457E-005 0.6544E-020 0.1116E-017 0.1546E-019 0.1810E-008 0.1237E-019 0.2845E-019 0.4145E-026 0.1629E-020 0.3896E-020 0.1830E-012 0.1232E-023 0.3655E-022 0.1495E-025 0.0000E+000 0.0000E+000
0.1530E+002 0.1000E+001 0.0000E+000 0.0000E+000 0.2250E+001 0.0000E+000 0.1422E-037 0.2550E-004 0.1136E-013 -.7864E-043 0.4226E-011 0.4622E-009 0.4617E-024 0.7113E-018 0.1457E-005 0.3597E-020 0.1116E-017 0.9176E-020 0.1810E-008 0.7336E-020 0.2847E-019 0.1980E-026 0.1441E-020 0.3931E-020 0.1830E-012 0.7320E-024 0.3706E-022 0.1559E-025 0.0000E+000 0.0000E+000
0.1529E+002 0.1000E+001 0.0000E+000 0.0000E+000 0.2250E+001 0.0000E+000 -.1202E-038 0.2550E-004 0.5427E-014 -.3824E-042 0.4226E-011 0.4622E-009 0.3436E-024 0.4448E-018 0.1457E-005 0.1978E-020 0.1116E-017 0.5446E-020 0.1810E-008 0.4352E-020 0.2849E-019 0.9464E-027 0.1291E-020 0.3965E-020 0.1830E-012 0.4347E-024 0.3757E-022 0.1623E-025 0.0000E+000 0.0000E+000
0.1528E+002 0.1000E+001 0.0000E+000 0.0000E+000 0.2250E+001 0.0000E+000 -.2960E-037 0.2550E-004 0.2594E-014 -.6476E-042 0.4226E-011 0.4622E-009 0.2558E-024 0.2781E-018 0.1457E-005 0.1088E-020 0.1116E-017 0.3233E-020 0.1810E-008 0.2582E-020 0.2851E-019 0.4524E-027 0.1170E-020 0.3999E-020 0.1830E-012 0.2582E-024 0.3808E-022 0.1689E-025 0.0000E+000 0.0000E+000
0.1527E+002 0.1000E+001 0.0000E+000 0.0000E+000 0.2250E+001 0.0000E+000 -.1196E-038 0.2550E-004 0.1240E-014 -.7639E-043 0.4226E-011 0.4622E-009 0.1904E-024 0.1738E-018 0.1457E-005 0.5983E-021 0.1116E-017 0.1919E-020 0.1810E-008 0.1532E-020 0.2853E-019 0.2163E-027 0.1074E-020 0.4032E-020 0.1830E-012 0.1533E-024 0.3858E-022 0.1755E-025 0.0000E+000 0.0000E+000
0.1526E+002 0.1000E+001 0.0000E+000 0.0000E+000 0.2250E+001 0.0000E+000 -.9177E-038 0.2550E-004 0.5932E-015 -.2541E-042 0.4226E-011 0.4622E-009 0.1418E-024 0.1087E-018 0.1457E-005 0.3292E-021 0.1116E-017 0.1139E-020 0.1810E-008 0.9093E-021 0.2856E-019 0.1035E-027 0.9966E-021 0.4065E-020 0.1830E-012 0.9105E-025 0.3909E-022 0.1822E-025 0.0000E+000 0.0000E+000
0.1525E+002 0.1000E+001 0.0000E+000 0.0000E+000 0.2250E+001 0.0000E+000 0.3629E-038 0.2550E-004 0.2838E-015 0.6723E-043 0.4226E-011 0.4622E-009 0.1056E-024 0.6791E-019 0.1457E-005 0.1812E-021 0.1116E-017 0.6764E-021 0.1810E-008 0.5398E-021 0.2858E-019 0.4949E-028 0.9348E-021 0.4097E-020 0.1830E-012 0.5407E-025 0.3960E-022 0.1890E-025 0.0000E+000 0.0000E+000
0.1524E+002 0.1000E+001 0.0000E+000 0.0000E+000 0.2250E+001 0.0000E+000 0.1473E-039 0.2550E-004 0.1358E-015 0.9029E-044 0.4226E-011 0.4622E-009 0.7860E-025 0.4244E-019 0.1457E-005 0.9974E-022 0.1116E-017 0.4017E-021 0.1810E-008 0.3205E-021 0.2860E-019 0.2368E-028 0.8854E-021 0.4129E-020 0.1830E-012 0.3212E-025 0.4011E-022 0.1958E-025 0.0000E+000 0.0000E+000
0.1523E+002 0.1000E+001 0.0000E+000 0.0000E+000 0.2250E+001 0.0000E+000 -.1919E-038 0.2550E-004 0.6499E-016 -.4553E-043 0.4226E-011 0.4622E-009 0.5854E-025 0.2653E-019 0.1457E-005 0.5492E-022 0.1116E-017 0.2386E-021 0.1810E-008 0.1903E-021 0.2862E-019 0.1133E-028 0.8459E-021 0.4160E-020 0.1830E-012 0.1908E-025 0.4062E-022 0.2028E-025 0.0000E+000 0.0000E+000
0.1522E+002 0.1000E+001 0.0000E+000 0.0000E+000 0.2250E+001 0.0000E+000 0.8143E-039 0.2550E-004 0.3112E-016 0.9420E-044 0.4226E-011 0.4622E-009 0.4360E-025 0.1658E-019 0.1457E-005 0.3025E-022 0.1116E-017 0.1418E-021 0.1810E-008 0.1130E-021 0.2864E-019 0.5426E-029 0.8143E-021 0.4191E-020 0.1830E-012 0.1133E-025 0.4113E-022 0.2098E-025 0.0000E+000 0.0000E+000
0.1521E+002 0.1000E+001 0.0000E+000 0.0000E+000 0.2250E+001 0.0000E+000 0.1413E-039 0.2550E-004 0.1490E-016 0.8687E-044 0.4226E-011 0.4622E-009 0.3247E-025 0.1036E-019 0.1457E-005 0.1667E-022 0.1116E-017 0.8424E-022 0.1810E-008 0.6715E-022 0.2866E-019 0.2598E-029 0.7890E-021 0.4221E-020 0.1830E-012 0.6734E-026 0.4164E-022 0.2169E-025 0.0000E+000 0.0000E+000
0.1520E+002 0.1000E+001 0.0000E+000 0.0000E+000 0.2250E+001 0.0000E+000 0.5769E-041 0.2550E-004 0.7137E-017 0.5387E-045 0.4226E-011 0.4622E-009 0.2419E-025 0.6475E-020 0.1457E-005 0.9184E-023 0.1116E-017 0.5007E-022 0.1810E-008 0.3990E-022 0.2868E-019 0.1245E-029 0.7689E-021 0.4251E-020 0.1830E-012 0.4002E-026 0.4215E-022 0.2242E-025 0.0000E+000 0.0000E+000
0.1519E+002 0.1000E+001 0.0000E+000 0.0000E+000 0.2250E+001 0.0000E+000 0.2359E-042 0.2550E-004 0.3419E-017 0.2765E-046 0.4226E-011 0.4622E-009 0.1802E-025 0.4047E-020 0.1457E-005 0.5062E-023 0.1116E-017 0.2976E-022 0.1810E-008 0.2371E-022 0.2870E-019 0.5963E-030 0.7528E-021 0.4280E-020 0.1830E-012 0.2379E-026 0.4266E-022 0.2315E-025 0.0000E+000 0.0000E+000
0.1518E+002 0.1000E+001 0.0000E+000 0.0000E+000 0.2250E+001 0.0000E+000 0.9656E-044 0.2550E-004 0.1639E-017 0.1305E-047 0.4226E-011 0.4622E-009 0.1343E-025 0.2529E-020 0.1457E-005 0.2791E-023 0.1116E-017 0.1770E-022 0.1810E-008 0.1410E-022 0.2872E-019 0.2858E-030 0.7400E-021 0.4309E-020 0.1830E-012 0.1414E-026 0.4317E-022 0.2388E-025 0.0000E+000 0.0000E+000
0.1517E+002 0.1000E+001 0.0000E+000 0.0000E+000 0.2250E+001 0.0000E+000 0.3959E-045 0.2550E-004 0.7855E-018 0.5879E-049 0.4226E-011 0.4622E-009 0.1001E-025 0.1581E-020 0.1457E-005 0.1539E-023 0.1116E-017 0.1052E-022 0.1810E-008 0.8382E-023 0.2874E-019 0.1370E-030 0.7298E-021 0.4338E-020 0.1830E-012 0.8409E-027 0.4368E-022 0.2463E-025 0.0000E+000 0.0000E+000
0.1516E+002 0.1000E+001 0.0000E+000 0.0000E+000 0.2250E+001 0.0000E+000 -.9562E-040 0.2550E-004 0.3766E-018 -.2705E-044 0.4226E-011 0.4622E-009 0.7458E-026 0.9883E-021 0.1457E-005 0.8491E-024 0.1116E-017 0.6261E-023 0.1810E-008 0.4985E-023 0.2876E-019 0.6568E-031 0.7217E-021 0.4366E-020 0.1830E-012 0.5001E-027 0.4419E-022 0.2539E-025 0.0000E+000 0.0000E+000
0.1515E+002 0.1000E+001 0.0000E+000 0.0000E+000 0.2250E+001 0.0000E+000 0.6210E-040 0.2550E-004 0.1806E-018 0.8449E-045 0.4226E-011 0.4622E-009 0.5559E-026 0.6179E-021 0.1457E-005 0.4685E-024 0.1116E-017 0.3725E-023 0.1810E-008 0.2965E-023 0.2878E-019 0.3150E-031 0.7152E-021 0.4393E-020 0.1830E-012 0.2975E-027 0.4470E-022 0.2615E-025 0.0000E+000 0.0000E+000
0.1514E+002 0.1000E+001 0.0000E+000 0.0000E+000 0.2250E+001 0.0000E+000 -.5162E-040 0.2550E-004 0.8664E-019 -.1029E-044 0.4226E-011 0.4622E-009 0.4143E-026 0.3863E-021 0.1457E-005 0.2586E-024 0.1116E-017 0.2217E-023 0.1810E-008 0.1764E-023 0.2880E-019 0.1511E-031 0.7102E-021 0.4421E-020 0.1830E-012 0.1770E-027 0.4521E-022 0.2692E-025 0.0000E+000 0.0000E+000
0.1513E+002 0.1000E+001 0.0000E+000 0.0000E+000 0.2250E+001 0.0000E+000 0.3433E-040 0.2550E-004 0.4158E-019 0.7368E-045 0.4226E-011 0.4622E-009 0.3089E-026 0.2416E-021 0.1457E-005 0.1428E-024 0.1116E-017 0.1320E-023 0.1810E-008 0.1050E-023 0.2882E-019 0.7250E-032 0.7062E-021 0.4447E-020 0.1830E-012 0.1054E-027 0.4572E-022 0.2770E-025 0.0000E+000 0.0000E+000
0.1512E+002 0.1000E+001 0.0000E+000 0.0000E+000 0.2250E+001 0.0000E+000 0.2150E-041 0.2550E-004 0.1995E-019 0.1095E-045 0.4226E-011 0.4622E-009 0.2303E-026 0.1511E-021 0.1457E-005 0.7883E-025 0.1115E-017 0.7857E-024 0.1810E-008 0.6249E-024 0.2884E-019 0.3480E-032 0.7030E-021 0.4474E-020 0.1830E-012 0.6271E-028 0.4624E-022 0.2849E-025 0.0000E+000 0.0000E+000
0.1511E+002 0.1000E+001 0.0000E+000 0.0000E+000 0.2250E+001 0.0000E+000 0.8890E-043 0.2550E-004 0.9580E-020 0.7590E-047 0.4226E-011 0.4622E-009 0.1717E-026 0.9449E-022 0.1457E-005 0.4354E-025 0.1115E-017 0.4679E-024 0.1810E-008 0.3720E-024 0.2886E-019 0.1671E-032 0.7006E-021 0.4500E-020 0.1830E-012 0.3734E-028 0.4675E-022 0.2929E-025 0.0000E+000 0.0000E+000
0.1510E+002 0.1000E+001 0.0000E+000 0.0000E+000 0.2250E+001 0.0000E+000 -.2561E-040 0.2550E-004 0.4600E-020 -.3740E-045 0.4226E-011 0.4622E-009 0.1280E-026 0.5911E-022 0.1457E-005 0.2406E-025 0.1115E-017 0.2787E-024 0.1810E-008 0.2215E-024 0.2888E-019 0.8022E-033 0.6987E-021 0.4525E-020 0.1830E-012 0.2224E-028 0.4726E-022 0.3010E-025 0.0000E+000 0.0000E+000
0.1509E+002 0.1000E+001 0.0000E+000 0.0000E+000 0.2250E+001 0.0000E+000 -.1983E-040 0.2550E-004 0.2210E-020 -.5126E-045 0.4226E-011 0.4622E-009 0.9549E-027 0.3698E-022 0.1457E-005 0.1330E-025 0.1115E-017 0.1661E-024 0.1810E-008 0.1319E-024 0.2890E-019 0.3853E-033 0.6973E-021 0.4551E-020 0.1830E-012 0.1324E-028 0.4777E-022 0.3091E-025 0.0000E+000 0.0000E+000
0.1508E+002 0.1000E+001 0.0000E+000 0.0000E+000 0.2250E+001 0.0000E+000 -.7874E-042 0.2550E-004 0.1062E-020 0.3198E-047 0.4226E-011 0.4622E-009 0.7122E-027 0.2314E-022 0.1457E-005 0.7350E-026 0.1115E-017 0.9897E-025 0.1810E-008 0.7860E-025 0.2892E-019 0.1851E-033 0.6963E-021 0.4576E-020 0.1830E-012 0.7891E-029 0.4828E-022 0.3173E-025 0.0000E+000 0.0000E+000
0.1507E+002 0.1000E+001 0.0000E+000 0.0000E+000 0.2250E+001 0.0000E+000 -.1580E-040 0.2550E-004 0.5102E-021 -.3791E-045 0.4226E-011 0.4622E-009 0.5313E-027 0.1448E-022 0.1457E-005 0.4064E-026 0.1115E-017 0.5900E-025 0.1810E-008 0.4684E-025 0.2894E-019 0.8896E-034 0.6955E-021 0.4600E-020 0.1830E-012 0.4703E-029 0.4879E-022 0.3256E-025 0.0000E+000 0.0000E+000
0.1506E+002 0.1000E+001 0.0000E+000 0.0000E+000 0.2250E+001 0.0000E+000 0.4482E-041 0.2550E-004 0.2453E-021 0.1335E-045 0.4226E-011 0.4622E-009 0.3963E-027 0.9062E-023 0.1457E-005 0.2248E-026 0.1115E-017 0.3518E-025 0.1810E-008 0.2791E-025 0.2896E-019 0.4276E-034 0.6949E-021 0.4624E-020 0.1830E-012 0.2803E-029 0.4931E-022 0.3341E-025 0.0000E+000 0.0000E+000
0.1505E+002 0.1000E+001 0.0000E+000 0.0000E+000 0.2250E+001 0.0000E+000 0.2519E-040 0.2550E-004 0.1179E-021 0.7434E-045 0.4226E-011 0.4622E-009 0.2957E-027 0.5672E-023 0.1457E-005 0.1243E-026 0.1115E-017 0.2098E-025 0.1810E-008 0.1664E-025 0.2898E-019 0.2056E-034 0.6946E-021 0.4648E-020 0.1830E-012 0.1671E-029 0.4982E-022 0.3425E-025 0.0000E+000 0.0000E+000
0.1504E+002 0.1000E+001 0.0000E+000 0.0000E+000 0.2250E+001 0.0000E+000 -.8816E-041 0.2550E-004 0.5672E-022 -.8613E-046 0.4226E-011 0.4622E-009 0.2206E-027 0.3551E-023 0.1457E-005 0.6881E-027 0.1115E-017 0.1252E-025 0.1810E-008 0.9922E-026 0.2900E-019 0.9888E-035 0.6944E-021 0.4671E-020 0.1830E-012 0.9966E-030 0.5033E-022 0.3511E-025 0.0000E+000 0.0000E+000
0.1503E+002 0.1000E+001 0.0000E+000 0.0000E+000 0.2250E+001 0.0000E+000 -.3687E-042 0.2550E-004 0.2729E-022 -.2003E-046 0.4226E-011 0.4622E-009 0.1647E-027 0.2224E-023 0.1457E-005 0.3809E-027 0.1115E-017 0.7468E-026 0.1810E-008 0.5918E-026 0.2902E-019 0.4756E-035 0.6943E-021 0.4694E-020 0.1830E-012 0.5944E-030 0.5085E-022 0.3598E-025 0.0000E+000 0.0000E+000
0.1502E+002 0.1000E+001 0.0000E+000 0.0000E+000 0.2250E+001 0.0000E+000 -.3104E-041 0.2550E-004 0.1313E-022 0.8922E-047 0.4226E-011 0.4622E-009 0.1229E-027 0.1392E-023 0.1457E-005 0.2109E-027 0.1115E-017 0.4457E-026 0.1810E-008 0.3530E-026 0.2904E-019 0.2289E-035 0.6943E-021 0.4717E-020 0.1830E-012 0.3547E-030 0.5136E-022 0.3685E-025 0.0000E+000 0.0000E+000
0.1501E+002 0.1000E+001 0.0000E+000 0.0000E+000 0.2250E+001 0.0000E+000 0.3974E-041 0.2550E-004 0.6321E-023 0.5120E-046 0.4226E-011 0.4622E-009 0.9172E-028 0.8721E-024 0.1457E-005 0.1168E-027 0.1115E-017 0.2661E-026 0.1810E-008 0.2106E-026 0.2906E-019 0.1102E-035 0.6943E-021 0.4739E-020 0.1830E-012 0.2116E-030 0.5187E-022 0.3773E-025 0.0000E+000 0.0000E+000
0.1500E+002 0.1000E+001 0.0000E+000 0.0000E+000 0.2250E+001 0.0000E+000 0.3895E-038 0.2550E-004 -.1246E-033 0.2463E-038 0.4226E-011 0.4622E-009 0.8861E-036 0.5922E-033 0.1457E-005 0.2938E-037 0.1113E-017 0.1570E-035 0.1810E-008 0.1241E-035 0.3109E-019 -.2229E-046 0.6951E-021 0.5903E-020 0.1830E-012 0.1247E-039 0.1049E-021 0.1713E-024 0.0000E+000 0.0000E+000
0.1400E+002 0.1000E+001 0.0000E+000 0.0000E+000 0.2250E+001 0.0000E+000 0.2392E-039 0.2550E-004 0.2561E-040 -.2566E-039 0.4226E-011 0.4622E-009 0.9078E-040 0.7110E-040 0.1457E-005 -.7987E-044 0.1111E-017 -.1118E-042 0.1810E-008 -.9253E-043 0.3303E-019 0.4516E-053 0.8340E-021 0.6084E-020 0.1830E-012 -.9705E-047 0.1594E-021 0.3888E-024 0.0000E+000 0.0000E+000
0.1300E+002 0.1000E+001 0.0000E+000 0.0000E+000 0.2250E+001 0.0000E+000 -.1030E-038 0.2550E-004 -.4670E-047 -.1062E-038 0.4226E-011 0.4622E-009 0.8890E-044 -.2611E-046 0.1457E-005 -.4853E-052 0.1109E-017 0.1576E-049 0.1810E-008 0.1360E-049 0.3490E-019 -.8218E-060 0.8960E-021 0.6093E-020 0.1830E-012 0.1495E-053 0.2149E-021 0.6853E-024 0.0000E+000 0.0000E+000
0.1200E+002 0.1000E+001 0.0000E+000 0.0000E+000 0.2250E+001 0.0000E+000 -.1184E-038 0.2550E-004 0.2808E-053 -.7976E-039 0.4226E-011 0.4622E-009 -.2955E-040 -.7140E-052 0.1457E-005 -.3661E-058 0.1107E-017 0.3202E-055 0.1810E-008 0.3000E-055 0.3668E-019 0.4815E-066 0.9685E-021 0.6060E-020 0.1830E-012 0.2294E-059 0.2709E-021 0.1054E-023 0.0000E+000 0.0000E+000
0.1100E+002 0.1000E+001 0.0000E+000 0.0000E+000 0.2250E+001 0.0000E+000 0.9407E-039 0.2550E-004 0.2083E-059 0.4518E-039 0.4226E-011 0.4622E-009 0.5505E-040 -.1017E-057 0.1457E-005 -.1060E-063 0.1106E-017 0.7132E-061 0.1810E-008 0.6579E-061 0.3838E-019 0.3422E-072 0.1054E-020 0.6013E-020 0.1830E-012 0.5437E-065 0.3269E-021 0.1488E-023 0.0000E+000 0.0000E+000
0.1000E+002 0.1000E+001 0.0000E+000 0.0000E+000 0.2250E+001 0.0000E+000 -.7072E-039 0.2550E-004 0.2992E-065 0.9419E-039 0.4226E-011 0.4622E-009 0.7108E-040 0.3058E-063 0.1457E-005 -.2101E-069 0.1104E-017 -.1205E-066 0.1810E-008 -.1185E-066 0.3999E-019 0.5546E-078 0.1158E-020 0.5958E-020 0.1830E-012 -.8799E-071 0.3824E-021 0.1978E-023 0.0000E+000 0.0000E+000
