0.1651E+002 0.4494E-003 0.8995E+000 0.9995E+000 0.4219E-004 0.9996E-001 0.5798E-013 0.2710E-006 0.2523E-004 0.2969E-016 0.4186E-011 0.4599E-009 0.2754E-020 0.4577E-013 0.1456E-005 0.5154E-012 0.2707E-019 0.1606E-015 0.1765E-008 0.3680E-015 0.1142E-021 0.1435E-016 0.4791E-018 0.1390E-024 0.1747E-012 0.4059E-020 0.3780E-026 0.1061E-030 0.0000E+000 0.0000E+000
0.1650E+002 0.1000E+001 0.0000E+000 0.0000E+000 0.2250E+001 0.0000E+000 0.1955E-014 0.1380E-004 0.1170E-004 0.7571E-018 0.4186E-011 0.4599E-009 0.2009E-020 0.2131E-012 0.1456E-005 0.2750E-012 0.7925E-018 0.1190E-014 0.1806E-008 0.3695E-014 0.3882E-020 0.6658E-017 0.3806E-018 0.8149E-021 0.1824E-012 0.1385E-019 0.1739E-023 0.2939E-027 0.0000E+000 0.0000E+000
0.1649E+002 0.1000E+001 0.0000E+000 0.0000E+000 0.2250E+001 0.0000E+000 0.6618E-016 0.2007E-004 0.5429E-005 0.2087E-019 0.4186E-011 0.4599E-009 0.1472E-020 0.2291E-012 0.1456E-005 0.1468E-012 0.1548E-017 0.1875E-014 0.1825E-008 0.3751E-014 0.9854E-020 0.3089E-017 0.3024E-018 0.1424E-020 0.1861E-012 0.4077E-019 0.5752E-023 0.8287E-027 0.0000E+000 0.0000E+000
0.1648E+002 0.1000E+001 0.0000E+000 0.0000E+000 0.2250E+001 0.0000E+000 0.2247E-017 0.2298E-004 0.2519E-005 0.6109E-021 0.4186E-011 0.4599E-009 0.1081E-020 0.1929E-012 0.1456E-005 0.7834E-013 0.2163E-017 0.1889E-014 0.1834E-008 0.2918E-014 0.1561E-019 0.1433E-017 0.2403E-018 0.1883E-020 0.1877E-012 0.5891E-019 0.1067E-022 0.1430E-026 0.0000E+000 0.0000E+000
0.1647E+002 0.1000E+001 0.0000E+000 0.0000E+000 0.2250E+001 0.0000E+000 0.7642E-019 0.2433E-004 0.1169E-005 0.1868E-022 0.4186E-011 0.4599E-009 0.7948E-021 0.1462E-012 0.1456E-005 0.4183E-013 0.2622E-017 0.1561E-014 0.1838E-008 0.2035E-014 0.2022E-019 0.6653E-018 0.1910E-018 0.2233E-020 0.1885E-012 0.6122E-019 0.1525E-022 0.2030E-026 0.0000E+000 0.0000E+000
0.1646E+002 0.1000E+001 0.0000E+000 0.0000E+000 0.2250E+001 0.0000E+000 0.2604E-020 0.2496E-004 0.5429E-006 0.5892E-024 0.4186E-011 0.4599E-009 0.5845E-021 0.1045E-012 0.1456E-005 0.2234E-013 0.2946E-017 0.1155E-014 0.1840E-008 0.1339E-014 0.2358E-019 0.3089E-018 0.1519E-018 0.2502E-020 0.1889E-012 0.5310E-019 0.1899E-022 0.2607E-026 0.0000E+000 0.0000E+000
0.1645E+002 0.1000E+001 0.0000E+000 0.0000E+000 0.2250E+001 0.0000E+000 0.8886E-022 0.2525E-004 0.2521E-006 0.1902E-025 0.4186E-011 0.4599E-009 0.4300E-021 0.7200E-013 0.1456E-005 0.1193E-013 0.3168E-017 0.7991E-015 0.1841E-008 0.8493E-015 0.2589E-019 0.1434E-018 0.1208E-018 0.2712E-020 0.1891E-012 0.4122E-019 0.2185E-022 0.3159E-026 0.0000E+000 0.0000E+000
0.1644E+002 0.1000E+001 0.0000E+000 0.0000E+000 0.2250E+001 0.0000E+000 0.3037E-023 0.2538E-004 0.1171E-006 0.6242E-027 0.4186E-011 0.4599E-009 0.3164E-021 0.4837E-013 0.1456E-005 0.6377E-014 0.3316E-017 0.5280E-015 0.1841E-008 0.5262E-015 0.2742E-019 0.6663E-019 0.9610E-019 0.2879E-020 0.1892E-012 0.2973E-019 0.2397E-022 0.3692E-026 0.0000E+000 0.0000E+000
0.1643E+002 0.1000E+001 0.0000E+000 0.0000E+000 0.2250E+001 0.0000E+000 0.1039E-024 0.2544E-004 0.5441E-007 0.2074E-028 0.4186E-011 0.4599E-009 0.2328E-021 0.3191E-013 0.1456E-005 0.3408E-014 0.3413E-017 0.3379E-015 0.1842E-008 0.3207E-015 0.2842E-019 0.3096E-019 0.7649E-019 0.3013E-020 0.1892E-012 0.2038E-019 0.2555E-022 0.4215E-026 0.0000E+000 0.0000E+000
0.1642E+002 0.1000E+001 0.0000E+000 0.0000E+000 0.2250E+001 0.0000E+000 0.3563E-026 0.2547E-004 0.2529E-007 0.6959E-030 0.4186E-011 0.4599E-009 0.1714E-021 0.2077E-013 0.1456E-005 0.1822E-014 0.3476E-017 0.2114E-015 0.1842E-008 0.1931E-015 0.2907E-019 0.1439E-019 0.6091E-019 0.3123E-020 0.1892E-012 0.1346E-019 0.2676E-022 0.4733E-026 0.0000E+000 0.0000E+000
0.1641E+002 0.1000E+001 0.0000E+000 0.0000E+000 0.2250E+001 0.0000E+000 0.1223E-027 0.2549E-004 0.1175E-007 0.2352E-031 0.4186E-011 0.4599E-009 0.1261E-021 0.1338E-013 0.1456E-005 0.9744E-015 0.3517E-017 0.1299E-015 0.1842E-008 0.1153E-015 0.2950E-019 0.6688E-020 0.4854E-019 0.3215E-020 0.1892E-012 0.8643E-020 0.2772E-022 0.5251E-026 0.0000E+000 0.0000E+000
0.1640E+002 0.1000E+001 0.0000E+000 0.0000E+000 0.2250E+001 0.0000E+000 0.4198E-029 0.2549E-004 0.5465E-008 0.7980E-033 0.4186E-011 0.4599E-009 0.9286E-022 0.8545E-014 0.1456E-005 0.5212E-015 0.3543E-017 0.7887E-016 0.1842E-008 0.6837E-016 0.2978E-019 0.3110E-020 0.3870E-019 0.3294E-020 0.1892E-012 0.5436E-020 0.2852E-022 0.5773E-026 0.0000E+000 0.0000E+000
0.1639E+002 0.1000E+001 0.0000E+000 0.0000E+000 0.2250E+001 0.0000E+000 0.1446E-030 0.2550E-004 0.2542E-008 0.2725E-034 0.4186E-011 0.4599E-009 0.6836E-022 0.5423E-014 0.1456E-005 0.2788E-015 0.3559E-017 0.4741E-016 0.1842E-008 0.4035E-016 0.2998E-019 0.1446E-020 0.3089E-019 0.3363E-020 0.1892E-012 0.3364E-020 0.2923E-022 0.6301E-026 0.0000E+000 0.0000E+000
0.1638E+002 0.1000E+001 0.0000E+000 0.0000E+000 0.2250E+001 0.0000E+000 0.4873E-032 0.2550E-004 0.1182E-008 0.9369E-036 0.4186E-011 0.4599E-009 0.5033E-022 0.3424E-014 0.1456E-005 0.1492E-015 0.3569E-017 0.2828E-016 0.1842E-008 0.2372E-016 0.3013E-019 0.6727E-021 0.2469E-019 0.3425E-020 0.1892E-012 0.2055E-020 0.2988E-022 0.6837E-026 0.0000E+000 0.0000E+000
0.1637E+002 0.1000E+001 0.0000E+000 0.0000E+000 0.2250E+001 0.0000E+000 0.2109E-033 0.2550E-004 0.5501E-009 0.3360E-037 0.4186E-011 0.4599E-009 0.3706E-022 0.2152E-014 0.1456E-005 0.7986E-016 0.3575E-017 0.1677E-016 0.1842E-008 0.1391E-016 0.3024E-019 0.3130E-021 0.1976E-019 0.3480E-020 0.1892E-012 0.1243E-020 0.3050E-022 0.7381E-026 0.0000E+000 0.0000E+000
0.1636E+002 0.1000E+001 0.0000E+000 0.0000E+000 0.2250E+001 0.0000E+000 0.3365E-034 0.2550E-004 0.2560E-009 0.1267E-038 0.4186E-011 0.4599E-009 0.2730E-022 0.1348E-014 0.1456E-005 0.4276E-016 0.3579E-017 0.9903E-017 0.1842E-008 0.8136E-017 0.3034E-019 0.1457E-021 0.1584E-019 0.3532E-020 0.1892E-012 0.7457E-021 0.3109E-022 0.7934E-026 0.0000E+000 0.0000E+000
0.1635E+002 0.1000E+001 0.0000E+000 0.0000E+000 0.2250E+001 0.0000E+000 0.1170E-035 0.2550E-004 0.1192E-009 0.9037E-040 0.4186E-011 0.4599E-009 0.2010E-022 0.8418E-015 0.1456E-005 0.2290E-016 0.3582E-017 0.5826E-017 0.1842E-008 0.4751E-017 0.3042E-019 0.6782E-022 0.1272E-019 0.3580E-020 0.1892E-012 0.4446E-021 0.3167E-022 0.8496E-026 0.0000E+000 0.0000E+000
0.1634E+002 0.1000E+001 0.0000E+000 0.0000E+000 0.2250E+001 0.0000E+000 -.1318E-034 0.2550E-004 0.5550E-010 -.3371E-039 0.4186E-011 0.4599E-009 0.1481E-022 0.5244E-015 0.1456E-005 0.1227E-016 0.3583E-017 0.3419E-017 0.1842E-008 0.2771E-017 0.3050E-019 0.3158E-022 0.1025E-019 0.3626E-020 0.1892E-012 0.2637E-021 0.3224E-022 0.9068E-026 0.0000E+000 0.0000E+000
0.1633E+002 0.1000E+001 0.0000E+000 0.0000E+000 0.2250E+001 0.0000E+000 -.4595E-036 0.2550E-004 0.2585E-010 -.3143E-040 0.4186E-011 0.4599E-009 0.1091E-022 0.3260E-015 0.1456E-005 0.6571E-017 0.3584E-017 0.2002E-017 0.1842E-008 0.1614E-017 0.3058E-019 0.1471E-022 0.8279E-020 0.3669E-020 0.1892E-012 0.1558E-021 0.3281E-022 0.9650E-026 0.0000E+000 0.0000E+000
0.1632E+002 0.1000E+001 0.0000E+000 0.0000E+000 0.2250E+001 0.0000E+000 0.2125E-034 0.2550E-004 0.1204E-010 0.3039E-039 0.4186E-011 0.4599E-009 0.8036E-023 0.2023E-015 0.1456E-005 0.3522E-017 0.3585E-017 0.1170E-017 0.1842E-008 0.9397E-018 0.3065E-019 0.6852E-023 0.6716E-020 0.3711E-020 0.1892E-012 0.9170E-022 0.3338E-022 0.1024E-025 0.0000E+000 0.0000E+000
0.1631E+002 0.1000E+001 0.0000E+000 0.0000E+000 0.2250E+001 0.0000E+000 -.5479E-035 0.2550E-004 0.5611E-011 0.8250E-040 0.4186E-011 0.4599E-009 0.5921E-023 0.1254E-015 0.1456E-005 0.1888E-017 0.3585E-017 0.6830E-018 0.1842E-008 0.5468E-018 0.3072E-019 0.3193E-023 0.5472E-020 0.3751E-020 0.1892E-012 0.5385E-022 0.3395E-022 0.1084E-025 0.0000E+000 0.0000E+000
0.1630E+002 0.1000E+001 0.0000E+000 0.0000E+000 0.2250E+001 0.0000E+000 0.1390E-035 0.2550E-004 0.2615E-011 -.1320E-040 0.4186E-011 0.4599E-009 0.4363E-023 0.7761E-016 0.1456E-005 0.1012E-017 0.3585E-017 0.3984E-018 0.1842E-008 0.3180E-018 0.3079E-019 0.1488E-023 0.4484E-020 0.3791E-020 0.1892E-012 0.3156E-022 0.3452E-022 0.1145E-025 0.0000E+000 0.0000E+000
0.1629E+002 0.1000E+001 0.0000E+000 0.0000E+000 0.2250E+001 0.0000E+000 0.2782E-036 0.2550E-004 0.1219E-011 0.2460E-040 0.4186E-011 0.4599E-009 0.3215E-023 0.4799E-016 0.1456E-005 0.5429E-018 0.3585E-017 0.2322E-018 0.1842E-008 0.1849E-018 0.3086E-019 0.6937E-024 0.3699E-020 0.3829E-020 0.1892E-012 0.1846E-022 0.3509E-022 0.1208E-025 0.0000E+000 0.0000E+000
0.1628E+002 0.1000E+001 0.0000E+000 0.0000E+000 0.2250E+001 0.0000E+000 0.1844E-035 0.2550E-004 0.5685E-012 0.5272E-040 0.4186E-011 0.4599E-009 0.2370E-023 0.2965E-016 0.1456E-005 0.2912E-018 0.3585E-017 0.1352E-018 0.1842E-008 0.1075E-018 0.3093E-019 0.3235E-024 0.3074E-020 0.3866E-020 0.1892E-012 0.1079E-022 0.3566E-022 0.1271E-025 0.0000E+000 0.0000E+000
0.1627E+002 0.1000E+001 0.0000E+000 0.0000E+000 0.2250E+001 0.0000E+000 0.6479E-037 0.2550E-004 0.2652E-012 0.4570E-041 0.4186E-011 0.4599E-009 0.1747E-023 0.1830E-016 0.1456E-005 0.1563E-018 0.3585E-017 0.7875E-019 0.1842E-008 0.6249E-019 0.3100E-019 0.1509E-024 0.2577E-020 0.3903E-020 0.1892E-012 0.6297E-023 0.3623E-022 0.1335E-025 0.0000E+000 0.0000E+000
0.1626E+002 0.1000E+001 0.0000E+000 0.0000E+000 0.2250E+001 0.0000E+000 0.2783E-036 0.2550E-004 0.1237E-012 0.4959E-041 0.4186E-011 0.4599E-009 0.1288E-023 0.1129E-016 0.1456E-005 0.8387E-019 0.3585E-017 0.4584E-019 0.1842E-008 0.3633E-019 0.3107E-019 0.7040E-025 0.2182E-020 0.3938E-020 0.1892E-012 0.3673E-023 0.3680E-022 0.1400E-025 0.0000E+000 0.0000E+000
0.1625E+002 0.1000E+001 0.0000E+000 0.0000E+000 0.2250E+001 0.0000E+000 0.3276E-036 0.2550E-004 0.5773E-013 0.2619E-041 0.4186E-011 0.4599E-009 0.9492E-024 0.6965E-017 0.1456E-005 0.4502E-019 0.3585E-017 0.2668E-019 0.1842E-008 0.2112E-019 0.3114E-019 0.3285E-025 0.1868E-020 0.3973E-020 0.1892E-012 0.2141E-023 0.3738E-022 0.1466E-025 0.0000E+000 0.0000E+000
0.1624E+002 0.1000E+001 0.0000E+000 0.0000E+000 0.2250E+001 0.0000E+000 0.6008E-036 0.2550E-004 0.2695E-013 0.1122E-040 0.4186E-011 0.4599E-009 0.6998E-024 0.4293E-017 0.1456E-005 0.2418E-019 0.3585E-017 0.1553E-019 0.1842E-008 0.1228E-019 0.3121E-019 0.1533E-025 0.1619E-020 0.4008E-020 0.1892E-012 0.1247E-023 0.3795E-022 0.1533E-025 0.0000E+000 0.0000E+000
0.1623E+002 0.1000E+001 0.0000E+000 0.0000E+000 0.2250E+001 0.0000E+000 0.3960E-036 0.2550E-004 0.1258E-013 0.8339E-041 0.4186E-011 0.4599E-009 0.5160E-024 0.2646E-017 0.1456E-005 0.1299E-019 0.3585E-017 0.9039E-020 0.1842E-008 0.7136E-020 0.3128E-019 0.7159E-026 0.1420E-020 0.4042E-020 0.1892E-012 0.7266E-024 0.3853E-022 0.1601E-025 0.0000E+000 0.0000E+000
0.1622E+002 0.1000E+001 0.0000E+000 0.0000E+000 0.2250E+001 0.0000E+000 0.1401E-037 0.2550E-004 0.5876E-014 0.9097E-042 0.4186E-011 0.4599E-009 0.3805E-024 0.1630E-017 0.1456E-005 0.6976E-020 0.3585E-017 0.5261E-020 0.1842E-008 0.4149E-020 0.3135E-019 0.3343E-026 0.1262E-020 0.4075E-020 0.1892E-012 0.4232E-024 0.3910E-022 0.1670E-025 0.0000E+000 0.0000E+000
0.1621E+002 0.1000E+001 0.0000E+000 0.0000E+000 0.2250E+001 0.0000E+000 0.1412E-036 0.2550E-004 0.2745E-014 0.2303E-041 0.4186E-011 0.4599E-009 0.2807E-024 0.1004E-017 0.1456E-005 0.3749E-020 0.3585E-017 0.3062E-020 0.1842E-008 0.2413E-020 0.3141E-019 0.1562E-026 0.1137E-020 0.4108E-020 0.1892E-012 0.2464E-024 0.3968E-022 0.1740E-025 0.0000E+000 0.0000E+000
0.1620E+002 0.1000E+001 0.0000E+000 0.0000E+000 0.2250E+001 0.0000E+000 0.5007E-038 0.2550E-004 0.1282E-014 0.3076E-042 0.4186E-011 0.4599E-009 0.2070E-024 0.6182E-018 0.1456E-005 0.2015E-020 0.3585E-017 0.1783E-020 0.1842E-008 0.1403E-020 0.3148E-019 0.7297E-027 0.1037E-020 0.4140E-020 0.1892E-012 0.1435E-024 0.4026E-022 0.1811E-025 0.0000E+000 0.0000E+000
0.1619E+002 0.1000E+001 0.0000E+000 0.0000E+000 0.2250E+001 0.0000E+000 -.3652E-038 0.2550E-004 0.5993E-015 -.6312E-042 0.4186E-011 0.4599E-009 0.1527E-024 0.3807E-018 0.1456E-005 0.1083E-020 0.3585E-017 0.1038E-020 0.1842E-008 0.8162E-021 0.3155E-019 0.3410E-027 0.9575E-021 0.4172E-020 0.1892E-012 0.8355E-025 0.4084E-022 0.1884E-025 0.0000E+000 0.0000E+000
0.1618E+002 0.1000E+001 0.0000E+000 0.0000E+000 0.2250E+001 0.0000E+000 -.1300E-039 0.2550E-004 0.2801E-015 -.2289E-043 0.4186E-011 0.4599E-009 0.1127E-024 0.2344E-018 0.1456E-005 0.5826E-021 0.3585E-017 0.6044E-021 0.1842E-008 0.4749E-021 0.3162E-019 0.1594E-027 0.8945E-021 0.4203E-020 0.1892E-012 0.4865E-025 0.4142E-022 0.1957E-025 0.0000E+000 0.0000E+000
0.1617E+002 0.1000E+001 0.0000E+000 0.0000E+000 0.2250E+001 0.0000E+000 -.1245E-037 0.2550E-004 0.1310E-015 -.1885E-042 0.4186E-011 0.4599E-009 0.8311E-025 0.1443E-018 0.1456E-005 0.3134E-021 0.3585E-017 0.3520E-021 0.1842E-008 0.2763E-021 0.3169E-019 0.7454E-028 0.8444E-021 0.4233E-020 0.1892E-012 0.2833E-025 0.4200E-022 0.2031E-025 0.0000E+000 0.0000E+000
0.1616E+002 0.1000E+001 0.0000E+000 0.0000E+000 0.2250E+001 0.0000E+000 -.4900E-038 0.2550E-004 0.6126E-016 -.8848E-043 0.4186E-011 0.4599E-009 0.6133E-025 0.8884E-019 0.1456E-005 0.1686E-021 0.3585E-017 0.2051E-021 0.1842E-008 0.1608E-021 0.3176E-019 0.3486E-028 0.8045E-021 0.4263E-020 0.1892E-012 0.1650E-025 0.4258E-022 0.2106E-025 0.0000E+000 0.0000E+000
0.1615E+002 0.1000E+001 0.0000E+000 0.0000E+000 0.2250E+001 0.0000E+000 -.5209E-040 0.2550E-004 0.2866E-016 -.2396E-043 0.4186E-011 0.4599E-009 0.4526E-025 0.5469E-019 0.1456E-005 0.9074E-022 0.3585E-017 0.1195E-021 0.1842E-008 0.9361E-022 0.3183E-019 0.1631E-028 0.7729E-021 0.4293E-020 0.1892E-012 0.9613E-026 0.4316E-022 0.2182E-025 0.0000E+000 0.0000E+000
0.1614E+002 0.1000E+001 0.0000E+000 0.0000E+000 0.2250E+001 0.0000E+000 -.1865E-041 0.2550E-004 0.1341E-016 -.7212E-045 0.4186E-011 0.4599E-009 0.3340E-025 0.3367E-019 0.1456E-005 0.4885E-022 0.3585E-017 0.6964E-022 0.1842E-008 0.5450E-022 0.3190E-019 0.7630E-029 0.7478E-021 0.4322E-020 0.1892E-012 0.5601E-026 0.4375E-022 0.2259E-025 0.0000E+000 0.0000E+000
0.1613E+002 0.1000E+001 0.0000E+000 0.0000E+000 0.2250E+001 0.0000E+000 -.2537E-038 0.2550E-004 0.6276E-017 -.3734E-043 0.4186E-011 0.4599E-009 0.2465E-025 0.2073E-019 0.1456E-005 0.2630E-022 0.3585E-017 0.4060E-022 0.1842E-008 0.3174E-022 0.3197E-019 0.3571E-029 0.7279E-021 0.4351E-020 0.1892E-012 0.3264E-026 0.4434E-022 0.2338E-025 0.0000E+000 0.0000E+000
0.1612E+002 0.1000E+001 0.0000E+000 0.0000E+000 0.2250E+001 0.0000E+000 -.9099E-040 0.2550E-004 0.2938E-017 -.5470E-044 0.4186E-011 0.4599E-009 0.1820E-025 0.1276E-019 0.1456E-005 0.1416E-022 0.3584E-017 0.2367E-022 0.1842E-008 0.1849E-022 0.3203E-019 0.1672E-029 0.7122E-021 0.4380E-020 0.1892E-012 0.1902E-026 0.4492E-022 0.2417E-025 0.0000E+000 0.0000E+000
0.1611E+002 0.1000E+001 0.0000E+000 0.0000E+000 0.2250E+001 0.0000E+000 0.1755E-038 0.2550E-004 0.1376E-017 0.3181E-043 0.4186E-011 0.4599E-009 0.1343E-025 0.7859E-020 0.1456E-005 0.7630E-023 0.3584E-017 0.1381E-022 0.1842E-008 0.1077E-022 0.3210E-019 0.7829E-030 0.6997E-021 0.4407E-020 0.1892E-012 0.1109E-026 0.4551E-022 0.2497E-025 0.0000E+000 0.0000E+000
0.1610E+002 0.1000E+001 0.0000E+000 0.0000E+000 0.2250E+001 0.0000E+000 -.3076E-039 0.2550E-004 0.6444E-018 -.5096E-044 0.4186E-011 0.4599E-009 0.9918E-026 0.4840E-020 0.1456E-005 0.4112E-023 0.3584E-017 0.8055E-023 0.1842E-008 0.6275E-023 0.3217E-019 0.3667E-030 0.6898E-021 0.4435E-020 0.1892E-012 0.6466E-027 0.4610E-022 0.2578E-025 0.0000E+000 0.0000E+000
0.1609E+002 0.1000E+001 0.0000E+000 0.0000E+000 0.2250E+001 0.0000E+000 0.4036E-039 0.2550E-004 0.3019E-018 0.7588E-044 0.4186E-011 0.4599E-009 0.7324E-026 0.2980E-020 0.1456E-005 0.2216E-023 0.3584E-017 0.4701E-023 0.1842E-008 0.3657E-023 0.3224E-019 0.1718E-030 0.6820E-021 0.4462E-020 0.1892E-012 0.3771E-027 0.4669E-022 0.2660E-025 0.0000E+000 0.0000E+000
0.1608E+002 0.1000E+001 0.0000E+000 0.0000E+000 0.2250E+001 0.0000E+000 -.1160E-039 0.2550E-004 0.1415E-018 -.1225E-044 0.4186E-011 0.4599E-009 0.5408E-026 0.1836E-020 0.1456E-005 0.1195E-023 0.3584E-017 0.2744E-023 0.1842E-008 0.2132E-023 0.3231E-019 0.8050E-031 0.6759E-021 0.4488E-020 0.1892E-012 0.2200E-027 0.4728E-022 0.2744E-025 0.0000E+000 0.0000E+000
0.1607E+002 0.1000E+001 0.0000E+000 0.0000E+000 0.2250E+001 0.0000E+000 -.1181E-039 0.2550E-004 0.6631E-019 -.2177E-044 0.4186E-011 0.4599E-009 0.3994E-026 0.1131E-020 0.1456E-005 0.6442E-024 0.3584E-017 0.1602E-023 0.1842E-008 0.1243E-023 0.3238E-019 0.3773E-031 0.6710E-021 0.4515E-020 0.1892E-012 0.1284E-027 0.4787E-022 0.2828E-025 0.0000E+000 0.0000E+000
0.1606E+002 0.1000E+001 0.0000E+000 0.0000E+000 0.2250E+001 0.0000E+000 -.6000E-040 0.2550E-004 0.3109E-019 -.1259E-044 0.4186E-011 0.4599E-009 0.2950E-026 0.6965E-021 0.1456E-005 0.3475E-024 0.3584E-017 0.9357E-024 0.1842E-008 0.7249E-024 0.3245E-019 0.1769E-031 0.6673E-021 0.4540E-020 0.1892E-012 0.7492E-028 0.4847E-022 0.2913E-025 0.0000E+000 0.0000E+000
0.1605E+002 0.1000E+001 0.0000E+000 0.0000E+000 0.2250E+001 0.0000E+000 -.2173E-041 0.2550E-004 0.1458E-019 -.1404E-045 0.4186E-011 0.4599E-009 0.2179E-026 0.4291E-021 0.1456E-005 0.1875E-024 0.3584E-017 0.5466E-024 0.1842E-008 0.4228E-024 0.3251E-019 0.8296E-032 0.6644E-021 0.4566E-020 0.1892E-012 0.4374E-028 0.4906E-022 0.3000E-025 0.0000E+000 0.0000E+000
0.1604E+002 0.1000E+001 0.0000E+000 0.0000E+000 0.2250E+001 0.0000E+000 -.1061E-039 0.2550E-004 0.6839E-020 -.1932E-044 0.4186E-011 0.4599E-009 0.1610E-026 0.2644E-021 0.1456E-005 0.1012E-024 0.3584E-017 0.3194E-024 0.1842E-008 0.2467E-024 0.3258E-019 0.3891E-032 0.6621E-021 0.4591E-020 0.1892E-012 0.2554E-028 0.4966E-022 0.3087E-025 0.0000E+000 0.0000E+000
0.1603E+002 0.1000E+001 0.0000E+000 0.0000E+000 0.2250E+001 0.0000E+000 -.6028E-040 0.2550E-004 0.3209E-020 -.1605E-044 0.4186E-011 0.4599E-009 0.1189E-026 0.1629E-021 0.1456E-005 0.5461E-025 0.3584E-017 0.1867E-024 0.1842E-008 0.1440E-024 0.3265E-019 0.1826E-032 0.6604E-021 0.4615E-020 0.1892E-012 0.1492E-028 0.5025E-022 0.3175E-025 0.0000E+000 0.0000E+000
0.1602E+002 0.1000E+001 0.0000E+000 0.0000E+000 0.2250E+001 0.0000E+000 -.1753E-040 0.2550E-004 0.1506E-020 -.3525E-045 0.4186E-011 0.4599E-009 0.8788E-027 0.1004E-021 0.1456E-005 0.2949E-025 0.3584E-017 0.1092E-024 0.1842E-008 0.8402E-025 0.3272E-019 0.8568E-033 0.6591E-021 0.4640E-020 0.1892E-012 0.8715E-029 0.5085E-022 0.3265E-025 0.0000E+000 0.0000E+000
0.1601E+002 0.1000E+001 0.0000E+000 0.0000E+000 0.2250E+001 0.0000E+000 0.1285E-040 0.2550E-004 0.7069E-021 0.4295E-045 0.4186E-011 0.4599E-009 0.6494E-027 0.6190E-022 0.1456E-005 0.1592E-025 0.3584E-017 0.6387E-025 0.1842E-008 0.4905E-025 0.3279E-019 0.4022E-033 0.6581E-021 0.4663E-020 0.1892E-012 0.5093E-029 0.5145E-022 0.3355E-025 0.0000E+000 0.0000E+000
0.1600E+002 0.1000E+001 0.0000E+000 0.0000E+000 0.2250E+001 0.0000E+000 -.4488E-040 0.2550E-004 0.3319E-021 -.8008E-045 0.4186E-011 0.4599E-009 0.4799E-027 0.3816E-022 0.1456E-005 0.8602E-026 0.3584E-017 0.3737E-025 0.1842E-008 0.2864E-025 0.3286E-019 0.1888E-033 0.6574E-021 0.4687E-020 0.1892E-012 0.2977E-029 0.5205E-022 0.3447E-025 0.0000E+000 0.0000E+000
0.1599E+002 0.1000E+001 0.0000E+000 0.0000E+000 0.2250E+001 0.0000E+000 -.2229E-040 0.2550E-004 0.1559E-021 -.5144E-045 0.4186E-011 0.4599E-009 0.3547E-027 0.2353E-022 0.1456E-005 0.4648E-026 0.3584E-017 0.2187E-025 0.1842E-008 0.1673E-025 0.3293E-019 0.8868E-034 0.6569E-021 0.4710E-020 0.1892E-012 0.1741E-029 0.5265E-022 0.3539E-025 0.0000E+000 0.0000E+000
0.1598E+002 0.1000E+001 0.0000E+000 0.0000E+000 0.2250E+001 0.0000E+000 0.4377E-040 0.2550E-004 0.7324E-022 0.8145E-045 0.4186E-011 0.4599E-009 0.2622E-027 0.1451E-022 0.1456E-005 0.2512E-026 0.3583E-017 0.1281E-025 0.1842E-008 0.9773E-026 0.3299E-019 0.4166E-034 0.6566E-021 0.4733E-020 0.1892E-012 0.1018E-029 0.5325E-022 0.3633E-025 0.0000E+000 0.0000E+000
0.1597E+002 0.1000E+001 0.0000E+000 0.0000E+000 0.2250E+001 0.0000E+000 -.1541E-040 0.2550E-004 0.3442E-022 -.1570E-045 0.4186E-011 0.4599E-009 0.1938E-027 0.8949E-023 0.1456E-005 0.1358E-026 0.3583E-017 0.7500E-026 0.1842E-008 0.5710E-026 0.3306E-019 0.1958E-034 0.6564E-021 0.4755E-020 0.1892E-012 0.5957E-030 0.5385E-022 0.3727E-025 0.0000E+000 0.0000E+000
0.1596E+002 0.1000E+001 0.0000E+000 0.0000E+000 0.2250E+001 0.0000E+000 0.2759E-040 0.2550E-004 0.1618E-022 0.4751E-045 0.4186E-011 0.4599E-009 0.1433E-027 0.5520E-023 0.1456E-005 0.7343E-027 0.3583E-017 0.4394E-026 0.1842E-008 0.3337E-026 0.3313E-019 0.9200E-035 0.6563E-021 0.4777E-020 0.1892E-012 0.3486E-030 0.5446E-022 0.3823E-025 0.0000E+000 0.0000E+000
0.1595E+002 0.1000E+001 0.0000E+000 0.0000E+000 0.2250E+001 0.0000E+000 0.3990E-040 0.2550E-004 0.7606E-023 0.7241E-045 0.4186E-011 0.4599E-009 0.1060E-027 0.3405E-023 0.1456E-005 0.3972E-027 0.3583E-017 0.2575E-026 0.1842E-008 0.1951E-026 0.3320E-019 0.4325E-035 0.6563E-021 0.4799E-020 0.1892E-012 0.2041E-030 0.5506E-022 0.3920E-025 0.0000E+000 0.0000E+000
0.1594E+002 0.1000E+001 0.0000E+000 0.0000E+000 0.2250E+001 0.0000E+000 0.8795E-042 0.2550E-004 0.3577E-023 0.1865E-045 0.4186E-011 0.4599E-009 0.7835E-028 0.2101E-023 0.1456E-005 0.2149E-027 0.3583E-017 0.1510E-026 0.1842E-008 0.1141E-026 0.3327E-019 0.2034E-035 0.6564E-021 0.4820E-020 0.1892E-012 0.1195E-030 0.5567E-022 0.4017E-025 0.0000E+000 0.0000E+000
0.1593E+002 0.1000E+001 0.0000E+000 0.0000E+000 0.2250E+001 0.0000E+000 -.2833E-040 0.2550E-004 0.1683E-023 -.5928E-045 0.4186E-011 0.4599E-009 0.5794E-028 0.1297E-023 0.1456E-005 0.1163E-027 0.3583E-017 0.8855E-027 0.1842E-008 0.6670E-027 0.3334E-019 0.9565E-036 0.6565E-021 0.4841E-020 0.1892E-012 0.7001E-031 0.5627E-022 0.4116E-025 0.0000E+000 0.0000E+000
0.1592E+002 0.1000E+001 0.0000E+000 0.0000E+000 0.2250E+001 0.0000E+000 -.4002E-040 0.2550E-004 0.7919E-024 -.8002E-045 0.4186E-011 0.4599E-009 0.4286E-028 0.8003E-024 0.1456E-005 0.6295E-028 0.3583E-017 0.5195E-027 0.1842E-008 0.3902E-027 0.3340E-019 0.4500E-036 0.6567E-021 0.4862E-020 0.1892E-012 0.4102E-031 0.5688E-022 0.4216E-025 0.0000E+000 0.0000E+000
0.1591E+002 0.1000E+001 0.0000E+000 0.0000E+000 0.2250E+001 0.0000E+000 0.2206E-040 0.2550E-004 0.3728E-024 0.1775E-045 0.4186E-011 0.4599E-009 0.3170E-028 0.4940E-024 0.1456E-005 0.3408E-028 0.3583E-017 0.3049E-027 0.1842E-008 0.2283E-027 0.3347E-019 0.2118E-036 0.6569E-021 0.4882E-020 0.1892E-012 0.2404E-031 0.5749E-022 0.4317E-025 0.0000E+000 0.0000E+000
0.1590E+002 0.1000E+001 0.0000E+000 0.0000E+000 0.2250E+001 0.0000E+000 -.3243E-040 0.2550E-004 0.1755E-024 -.6033E-045 0.4186E-011 0.4599E-009 0.2345E-028 0.3050E-024 0.1456E-005 0.1846E-028 0.3583E-017 0.1790E-027 0.1842E-008 0.1336E-027 0.3354E-019 0.9967E-037 0.6572E-021 0.4902E-020 0.1892E-012 0.1410E-031 0.5810E-022 0.4418E-025 0.0000E+000 0.0000E+000
0.1589E+002 0.1000E+001 0.0000E+000 0.0000E+000 0.2250E+001 0.0000E+000 0.1491E-040 0.2550E-004 0.8269E-025 0.2930E-045 0.4186E-011 0.4599E-009 0.1735E-028 0.1883E-024 0.1456E-005 0.9999E-029 0.3583E-017 0.1052E-027 0.1842E-008 0.7818E-028 0.3361E-019 0.4693E-037 0.6574E-021 0.4922E-020 0.1892E-012 0.8267E-032 0.5871E-022 0.4521E-025 0.0000E+000 0.0000E+000
0.1588E+002 0.1000E+001 0.0000E+000 0.0000E+000 0.2250E+001 0.0000E+000 0.5529E-042 0.2550E-004 0.3896E-025 0.3501E-046 0.4186E-011 0.4599E-009 0.1284E-028 0.1163E-024 0.1456E-005 0.5418E-029 0.3583E-017 0.6179E-028 0.1842E-008 0.4577E-028 0.3368E-019 0.2210E-037 0.6577E-021 0.4942E-020 0.1892E-012 0.4850E-032 0.5932E-022 0.4625E-025 0.0000E+000 0.0000E+000
0.1587E+002 0.1000E+001 0.0000E+000 0.0000E+000 0.2250E+001 0.0000E+000 0.9999E-041 0.2550E-004 0.1837E-025 0.2976E-045 0.4186E-011 0.4599E-009 0.9499E-029 0.7184E-025 0.1456E-005 0.2937E-029 0.3583E-017 0.3632E-028 0.1842E-008 0.2680E-028 0.3374E-019 0.1041E-037 0.6580E-021 0.4961E-020 0.1892E-012 0.2846E-032 0.5993E-022 0.4730E-025 0.0000E+000 0.0000E+000
0.1586E+002 0.1000E+001 0.0000E+000 0.0000E+000 0.2250E+001 0.0000E+000 0.3296E-040 0.2550E-004 0.8664E-026 0.6620E-045 0.4186E-011 0.4599E-009 0.7030E-029 0.4438E-025 0.1456E-005 0.1592E-029 0.3583E-017 0.2136E-028 0.1842E-008 0.1570E-028 0.3381E-019 0.4904E-038 0.6583E-021 0.4980E-020 0.1892E-012 0.1671E-032 0.6055E-022 0.4836E-025 0.0000E+000 0.0000E+000
0.1585E+002 0.1000E+001 0.0000E+000 0.0000E+000 0.2250E+001 0.0000E+000 0.3051E-041 0.2550E-004 0.4088E-026 0.1172E-045 0.4186E-011 0.4599E-009 0.5203E-029 0.2742E-025 0.1456E-005 0.8633E-030 0.3583E-017 0.1257E-028 0.1842E-008 0.9196E-029 0.3388E-019 0.2311E-038 0.6587E-021 0.4998E-020 0.1892E-012 0.9814E-033 0.6116E-022 0.4943E-025 0.0000E+000 0.0000E+000
0.1584E+002 0.1000E+001 0.0000E+000 0.0000E+000 0.2250E+001 0.0000E+000 0.2158E-040 0.2550E-004 0.1930E-026 0.5742E-045 0.4186E-011 0.4599E-009 0.3851E-029 0.1695E-025 0.1456E-005 0.4683E-030 0.3583E-017 0.7396E-029 0.1842E-008 0.5388E-029 0.3395E-019 0.1089E-038 0.6590E-021 0.5016E-020 0.1892E-012 0.5766E-033 0.6178E-022 0.5051E-025 0.0000E+000 0.0000E+000
0.1583E+002 0.1000E+001 0.0000E+000 0.0000E+000 0.2250E+001 0.0000E+000 0.2697E-041 0.2550E-004 0.9120E-027 0.1336E-045 0.4186E-011 0.4599E-009 0.2851E-029 0.1047E-025 0.1456E-005 0.2541E-030 0.3582E-017 0.4355E-029 0.1842E-008 0.3158E-029 0.3402E-019 0.5137E-039 0.6593E-021 0.5034E-020 0.1892E-012 0.3389E-033 0.6240E-022 0.5160E-025 0.0000E+000 0.0000E+000
0.1582E+002 0.1000E+001 0.0000E+000 0.0000E+000 0.2250E+001 0.0000E+000 -.1540E-040 0.2550E-004 0.4312E-027 -.3605E-045 0.4186E-011 0.4599E-009 0.2111E-029 0.6474E-026 0.1456E-005 0.1379E-030 0.3582E-017 0.2566E-029 0.1842E-008 0.1851E-029 0.3408E-019 0.2423E-039 0.6596E-021 0.5052E-020 0.1892E-012 0.1992E-033 0.6302E-022 0.5271E-025 0.0000E+000 0.0000E+000
0.1581E+002 0.1000E+001 0.0000E+000 0.0000E+000 0.2250E+001 0.0000E+000 -.4851E-040 0.2550E-004 0.2041E-027 -.9710E-045 0.4186E-011 0.4599E-009 0.1563E-029 0.4003E-026 0.1456E-005 0.7486E-031 0.3582E-017 0.1512E-029 0.1842E-008 0.1085E-029 0.3415E-019 0.1143E-039 0.6600E-021 0.5070E-020 0.1892E-012 0.1172E-033 0.6363E-022 0.5382E-025 0.0000E+000 0.0000E+000
0.1580E+002 0.1000E+001 0.0000E+000 0.0000E+000 0.2250E+001 0.0000E+000 -.3884E-040 0.2550E-004 0.9669E-028 -.9712E-045 0.4186E-011 0.4599E-009 0.1157E-029 0.2475E-026 0.1456E-005 0.4065E-031 0.3582E-017 0.8916E-030 0.1842E-008 0.6365E-030 0.3422E-019 0.5392E-040 0.6603E-021 0.5087E-020 0.1892E-012 0.6893E-034 0.6425E-022 0.5494E-025 0.0000E+000 0.0000E+000
0.1579E+002 0.1000E+001 0.0000E+000 0.0000E+000 0.2250E+001 0.0000E+000 -.3848E-040 0.2550E-004 0.4586E-028 -.7674E-045 0.4186E-011 0.4599E-009 0.8570E-030 0.1531E-026 0.1456E-005 0.2208E-031 0.3582E-017 0.5260E-030 0.1842E-008 0.3733E-030 0.3429E-019 0.2545E-040 0.6607E-021 0.5104E-020 0.1892E-012 0.4057E-034 0.6488E-022 0.5608E-025 0.0000E+000 0.0000E+000
0.1578E+002 0.1000E+001 0.0000E+000 0.0000E+000 0.2250E+001 0.0000E+000 -.2344E-040 0.2550E-004 0.2179E-028 -.4962E-045 0.4186E-011 0.4599E-009 0.6348E-030 0.9467E-027 0.1456E-005 0.1200E-031 0.3582E-017 0.3104E-030 0.1842E-008 0.2190E-030 0.3436E-019 0.1201E-040 0.6610E-021 0.5120E-020 0.1892E-012 0.2389E-034 0.6550E-022 0.5722E-025 0.0000E+000 0.0000E+000
0.1577E+002 0.1000E+001 0.0000E+000 0.0000E+000 0.2250E+001 0.0000E+000 -.2760E-042 0.2550E-004 0.1037E-028 0.3786E-046 0.4186E-011 0.4599E-009 0.4702E-030 0.5857E-027 0.1456E-005 0.6519E-032 0.3582E-017 0.1833E-030 0.1842E-008 0.1285E-030 0.3442E-019 0.5673E-041 0.6614E-021 0.5137E-020 0.1892E-012 0.1407E-034 0.6612E-022 0.5837E-025 0.0000E+000 0.0000E+000
0.1576E+002 0.1000E+001 0.0000E+000 0.0000E+000 0.2250E+001 0.0000E+000 0.1909E-040 0.2550E-004 0.4945E-029 0.3313E-045 0.4186E-011 0.4599E-009 0.3483E-030 0.3624E-027 0.1456E-005 0.3544E-032 0.3582E-017 0.1083E-030 0.1842E-008 0.7545E-031 0.3449E-019 0.2680E-041 0.6617E-021 0.5153E-020 0.1892E-012 0.8293E-035 0.6675E-022 0.5954E-025 0.0000E+000 0.0000E+000
0.1575E+002 0.1000E+001 0.0000E+000 0.0000E+000 0.2250E+001 0.0000E+000 -.2478E-040 0.2550E-004 0.2365E-029 -.2649E-045 0.4186E-011 0.4599E-009 0.2580E-030 0.2243E-027 0.1456E-005 0.1927E-032 0.3582E-017 0.6402E-031 0.1842E-008 0.4429E-031 0.3456E-019 0.1266E-041 0.6621E-021 0.5169E-020 0.1892E-012 0.4889E-035 0.6737E-022 0.6072E-025 0.0000E+000 0.0000E+000
0.1574E+002 0.1000E+001 0.0000E+000 0.0000E+000 0.2250E+001 0.0000E+000 0.3239E-040 0.2550E-004 0.1134E-029 0.4186E-045 0.4186E-011 0.4599E-009 0.1912E-030 0.1388E-027 0.1456E-005 0.1048E-032 0.3582E-017 0.3786E-031 0.1842E-008 0.2601E-031 0.3463E-019 0.5982E-042 0.6624E-021 0.5184E-020 0.1892E-012 0.2884E-035 0.6800E-022 0.6190E-025 0.0000E+000 0.0000E+000
0.1573E+002 0.1000E+001 0.0000E+000 0.0000E+000 0.2250E+001 0.0000E+000 0.6103E-040 0.2550E-004 0.5461E-030 0.1231E-044 0.4186E-011 0.4599E-009 0.1417E-030 0.8592E-028 0.1456E-005 0.5703E-033 0.3582E-017 0.2240E-031 0.1842E-008 0.1528E-031 0.3470E-019 0.2828E-042 0.6628E-021 0.5200E-020 0.1892E-012 0.1701E-035 0.6862E-022 0.6310E-025 0.0000E+000 0.0000E+000
0.1572E+002 0.1000E+001 0.0000E+000 0.0000E+000 0.2250E+001 0.0000E+000 -.1312E-041 0.2550E-004 0.2641E-030 0.2308E-045 0.4186E-011 0.4599E-009 0.1050E-030 0.5319E-028 0.1456E-005 0.3104E-033 0.3582E-017 0.1326E-031 0.1842E-008 0.8974E-032 0.3476E-019 0.1337E-042 0.6632E-021 0.5215E-020 0.1892E-012 0.1004E-035 0.6925E-022 0.6431E-025 0.0000E+000 0.0000E+000
0.1571E+002 0.1000E+001 0.0000E+000 0.0000E+000 0.2250E+001 0.0000E+000 -.4996E-043 0.2550E-004 0.1284E-030 0.4116E-047 0.4186E-011 0.4599E-009 0.7782E-031 0.3294E-028 0.1456E-005 0.1690E-033 0.3582E-017 0.7858E-032 0.1842E-008 0.5273E-032 0.3483E-019 0.6322E-043 0.6635E-021 0.5230E-020 0.1892E-012 0.5932E-036 0.6988E-022 0.6552E-025 0.0000E+000 0.0000E+000
0.1570E+002 0.1000E+001 0.0000E+000 0.0000E+000 0.2250E+001 0.0000E+000 0.4561E-040 0.2550E-004 0.6285E-031 0.1057E-044 0.4186E-011 0.4599E-009 0.5768E-031 0.2040E-028 0.1456E-005 0.9200E-034 0.3582E-017 0.4658E-032 0.1842E-008 0.3099E-032 0.3490E-019 0.2991E-043 0.6639E-021 0.5244E-020 0.1892E-012 0.3505E-036 0.7051E-022 0.6675E-025 0.0000E+000 0.0000E+000
0.1569E+002 0.1000E+001 0.0000E+000 0.0000E+000 0.2250E+001 0.0000E+000 -.1204E-040 0.2550E-004 0.3099E-031 -.3482E-045 0.4186E-011 0.4599E-009 0.4276E-031 0.1264E-028 0.1456E-005 0.5012E-034 0.3581E-017 0.2762E-032 0.1842E-008 0.1822E-032 0.3497E-019 0.1415E-043 0.6642E-021 0.5259E-020 0.1892E-012 0.2072E-036 0.7114E-022 0.6799E-025 0.0000E+000 0.0000E+000
0.1568E+002 0.1000E+001 0.0000E+000 0.0000E+000 0.2250E+001 0.0000E+000 -.5354E-041 0.2550E-004 0.1541E-031 0.4841E-047 0.4186E-011 0.4599E-009 0.3170E-031 0.7828E-029 0.1456E-005 0.2731E-034 0.3581E-017 0.1639E-032 0.1842E-008 0.1071E-032 0.3503E-019 0.6696E-044 0.6646E-021 0.5273E-020 0.1892E-012 0.1225E-036 0.7178E-022 0.6924E-025 0.0000E+000 0.0000E+000
0.1567E+002 0.1000E+001 0.0000E+000 0.0000E+000 0.2250E+001 0.0000E+000 -.1321E-040 0.2550E-004 0.7740E-032 -.2248E-046 0.4186E-011 0.4599E-009 0.2350E-031 0.4850E-029 0.1456E-005 0.1488E-034 0.3581E-017 0.9735E-033 0.1842E-008 0.6300E-033 0.3510E-019 0.3170E-044 0.6649E-021 0.5287E-020 0.1892E-012 0.7250E-037 0.7241E-022 0.7050E-025 0.0000E+000 0.0000E+000
0.1566E+002 0.1000E+001 0.0000E+000 0.0000E+000 0.2250E+001 0.0000E+000 -.1763E-040 0.2550E-004 0.3930E-032 -.2731E-045 0.4186E-011 0.4599E-009 0.1743E-031 0.3006E-029 0.1456E-005 0.8114E-035 0.3581E-017 0.5784E-033 0.1842E-008 0.3706E-033 0.3517E-019 0.1501E-044 0.6653E-021 0.5301E-020 0.1892E-012 0.4292E-037 0.7304E-022 0.7177E-025 0.0000E+000 0.0000E+000
0.1565E+002 0.1000E+001 0.0000E+000 0.0000E+000 0.2250E+001 0.0000E+000 -.6771E-042 0.2550E-004 0.2020E-032 -.4036E-046 0.4186E-011 0.4599E-009 0.1292E-031 0.1863E-029 0.1456E-005 0.4425E-035 0.3581E-017 0.3439E-033 0.1842E-008 0.2180E-033 0.3524E-019 0.7108E-045 0.6657E-021 0.5314E-020 0.1892E-012 0.2542E-037 0.7368E-022 0.7306E-025 0.0000E+000 0.0000E+000
0.1564E+002 0.1000E+001 0.0000E+000 0.0000E+000 0.2250E+001 0.0000E+000 -.1526E-041 0.2550E-004 0.1052E-032 -.2067E-045 0.4186E-011 0.4599E-009 0.9586E-032 0.1155E-029 0.1456E-005 0.2414E-035 0.3581E-017 0.2046E-033 0.1842E-008 0.1283E-033 0.3530E-019 0.3367E-045 0.6660E-021 0.5328E-020 0.1892E-012 0.1507E-037 0.7431E-022 0.7435E-025 0.0000E+000 0.0000E+000
0.1563E+002 0.1000E+001 0.0000E+000 0.0000E+000 0.2250E+001 0.0000E+000 0.1019E-040 0.2550E-004 0.5550E-033 -.1807E-045 0.4186E-011 0.4599E-009 0.7110E-032 0.7160E-030 0.1456E-005 0.1317E-035 0.3581E-017 0.1218E-033 0.1842E-008 0.7552E-034 0.3537E-019 0.1596E-045 0.6664E-021 0.5341E-020 0.1892E-012 0.8934E-038 0.7495E-022 0.7565E-025 0.0000E+000 0.0000E+000
0.1562E+002 0.1000E+001 0.0000E+000 0.0000E+000 0.2250E+001 0.0000E+000 0.5692E-039 0.2550E-004 0.2969E-033 0.8589E-044 0.4186E-011 0.4599E-009 0.5275E-032 0.4440E-030 0.1456E-005 0.7190E-036 0.3581E-017 0.7255E-034 0.1842E-008 0.4445E-034 0.3544E-019 0.7557E-046 0.6668E-021 0.5354E-020 0.1892E-012 0.5299E-038 0.7559E-022 0.7697E-025 0.0000E+000 0.0000E+000
0.1561E+002 0.1000E+001 0.0000E+000 0.0000E+000 0.2250E+001 0.0000E+000 -.6943E-039 0.2550E-004 0.1610E-033 -.1590E-043 0.4186E-011 0.4599E-009 0.3913E-032 0.2753E-030 0.1456E-005 0.3925E-036 0.3581E-017 0.4324E-034 0.1842E-008 0.2617E-034 0.3551E-019 0.3580E-046 0.6671E-021 0.5367E-020 0.1892E-012 0.3145E-038 0.7623E-022 0.7829E-025 0.0000E+000 0.0000E+000
0.1560E+002 0.1000E+001 0.0000E+000 0.0000E+000 0.2250E+001 0.0000E+000 -.2749E-039 0.2550E-004 0.8851E-034 -.4760E-044 0.4186E-011 0.4599E-009 0.2903E-032 0.1707E-030 0.1456E-005 0.2143E-036 0.3581E-017 0.2579E-034 0.1842E-008 0.1541E-034 0.3557E-019 0.1696E-046 0.6675E-021 0.5379E-020 0.1892E-012 0.1868E-038 0.7687E-022 0.7963E-025 0.0000E+000 0.0000E+000
0.1559E+002 0.1000E+001 0.0000E+000 0.0000E+000 0.2250E+001 0.0000E+000 0.3496E-039 0.2550E-004 0.4928E-034 0.9731E-044 0.4186E-011 0.4599E-009 0.2154E-032 0.1059E-030 0.1456E-005 0.1171E-036 0.3581E-017 0.1540E-034 0.1842E-008 0.9077E-035 0.3564E-019 0.8038E-047 0.6678E-021 0.5391E-020 0.1892E-012 0.1110E-038 0.7751E-022 0.8097E-025 0.0000E+000 0.0000E+000
0.1558E+002 0.1000E+001 0.0000E+000 0.0000E+000 0.2250E+001 0.0000E+000 -.1095E-038 0.2550E-004 0.2777E-034 -.2794E-043 0.4186E-011 0.4599E-009 0.1599E-032 0.6571E-031 0.1456E-005 0.6397E-037 0.3581E-017 0.9196E-035 0.1842E-008 0.5348E-035 0.3571E-019 0.3811E-047 0.6682E-021 0.5404E-020 0.1892E-012 0.6598E-039 0.7815E-022 0.8233E-025 0.0000E+000 0.0000E+000
0.1557E+002 0.1000E+001 0.0000E+000 0.0000E+000 0.2250E+001 0.0000E+000 0.1936E-039 0.2550E-004 0.1581E-034 0.2034E-045 0.4186E-011 0.4599E-009 0.1187E-032 0.4077E-031 0.1456E-005 0.3497E-037 0.3581E-017 0.5497E-035 0.1842E-008 0.3151E-035 0.3578E-019 0.1807E-047 0.6686E-021 0.5416E-020 0.1892E-012 0.3925E-039 0.7880E-022 0.8370E-025 0.0000E+000 0.0000E+000
0.1556E+002 0.1000E+001 0.0000E+000 0.0000E+000 0.2250E+001 0.0000E+000 -.3283E-039 0.2550E-004 0.9093E-035 -.5687E-044 0.4186E-011 0.4599E-009 0.8807E-033 0.2531E-031 0.1456E-005 0.1912E-037 0.3581E-017 0.3288E-035 0.1842E-008 0.1857E-035 0.3584E-019 0.8571E-048 0.6689E-021 0.5427E-020 0.1892E-012 0.2337E-039 0.7944E-022 0.8508E-025 0.0000E+000 0.0000E+000
0.1555E+002 0.1000E+001 0.0000E+000 0.0000E+000 0.2250E+001 0.0000E+000 0.2248E-039 0.2550E-004 0.5273E-035 0.2144E-044 0.4186E-011 0.4599E-009 0.6538E-033 0.1571E-031 0.1456E-005 0.1046E-037 0.3581E-017 0.1969E-035 0.1842E-008 0.1095E-035 0.3591E-019 0.4066E-048 0.6693E-021 0.5439E-020 0.1892E-012 0.1392E-039 0.8009E-022 0.8647E-025 0.0000E+000 0.0000E+000
0.1554E+002 0.1000E+001 0.0000E+000 0.0000E+000 0.2250E+001 0.0000E+000 -.3644E-039 0.2550E-004 0.3080E-035 -.5845E-044 0.4186E-011 0.4599E-009 0.4853E-033 0.9751E-032 0.1456E-005 0.5725E-038 0.3580E-017 0.1179E-035 0.1842E-008 0.6456E-036 0.3598E-019 0.1930E-048 0.6697E-021 0.5450E-020 0.1892E-012 0.8295E-040 0.8073E-022 0.8787E-025 0.0000E+000 0.0000E+000
0.1553E+002 0.1000E+001 0.0000E+000 0.0000E+000 0.2250E+001 0.0000E+000 0.6727E-039 0.2550E-004 0.1810E-035 0.6332E-044 0.4186E-011 0.4599E-009 0.3604E-033 0.6055E-032 0.1456E-005 0.3135E-038 0.3580E-017 0.7071E-036 0.1842E-008 0.3807E-036 0.3605E-019 0.9159E-049 0.6700E-021 0.5462E-020 0.1892E-012 0.4948E-040 0.8138E-022 0.8928E-025 0.0000E+000 0.0000E+000
0.1552E+002 0.1000E+001 0.0000E+000 0.0000E+000 0.2250E+001 0.0000E+000 -.2842E-039 0.2550E-004 0.1070E-035 -.8281E-044 0.4186E-011 0.4599E-009 0.2676E-033 0.3760E-032 0.1456E-005 0.1717E-038 0.3580E-017 0.4243E-036 0.1842E-008 0.2246E-036 0.3611E-019 0.4349E-049 0.6704E-021 0.5473E-020 0.1892E-012 0.2953E-040 0.8203E-022 0.9070E-025 0.0000E+000 0.0000E+000
0.1551E+002 0.1000E+001 0.0000E+000 0.0000E+000 0.2250E+001 0.0000E+000 -.3625E-039 0.2550E-004 0.6351E-036 -.1050E-043 0.4186E-011 0.4599E-009 0.1987E-033 0.2335E-032 0.1456E-005 0.9407E-039 0.3580E-017 0.2548E-036 0.1842E-008 0.1325E-036 0.3618E-019 0.2065E-049 0.6708E-021 0.5484E-020 0.1892E-012 0.1764E-040 0.8268E-022 0.9213E-025 0.0000E+000 0.0000E+000
0.1550E+002 0.1000E+001 0.0000E+000 0.0000E+000 0.2250E+001 0.0000E+000 0.2716E-039 0.2550E-004 0.3785E-036 0.2409E-044 0.4186E-011 0.4599E-009 0.1476E-033 0.1451E-032 0.1456E-005 0.5156E-039 0.3580E-017 0.1531E-036 0.1842E-008 0.7821E-037 0.3625E-019 0.9810E-050 0.6711E-021 0.5494E-020 0.1892E-012 0.1054E-040 0.8333E-022 0.9357E-025 0.0000E+000 0.0000E+000
0.1549E+002 0.1000E+001 0.0000E+000 0.0000E+000 0.2250E+001 0.0000E+000 0.8583E-041 0.2550E-004 0.2263E-036 0.5775E-045 0.4186E-011 0.4599E-009 0.1096E-033 0.9013E-033 0.1456E-005 0.2828E-039 0.3580E-017 0.9211E-037 0.1842E-008 0.4617E-037 0.3631E-019 0.4661E-050 0.6715E-021 0.5505E-020 0.1892E-012 0.6304E-041 0.8398E-022 0.9503E-025 0.0000E+000 0.0000E+000
0.1548E+002 0.1000E+001 0.0000E+000 0.0000E+000 0.2250E+001 0.0000E+000 0.2717E-042 0.2550E-004 0.1357E-036 0.2896E-046 0.4186E-011 0.4599E-009 0.8143E-034 0.5601E-033 0.1456E-005 0.1551E-039 0.3580E-017 0.5545E-037 0.1842E-008 0.2726E-037 0.3638E-019 0.2215E-050 0.6719E-021 0.5515E-020 0.1892E-012 0.3773E-041 0.8463E-022 0.9649E-025 0.0000E+000 0.0000E+000
0.1547E+002 0.1000E+001 0.0000E+000 0.0000E+000 0.2250E+001 0.0000E+000 -.1190E-039 0.2550E-004 0.8159E-037 0.1278E-044 0.4186E-011 0.4599E-009 0.6049E-034 0.3481E-033 0.1456E-005 0.8515E-040 0.3580E-017 0.3340E-037 0.1842E-008 0.1610E-037 0.3645E-019 0.1053E-050 0.6722E-021 0.5526E-020 0.1892E-012 0.2260E-041 0.8528E-022 0.9797E-025 0.0000E+000 0.0000E+000
0.1546E+002 0.1000E+001 0.0000E+000 0.0000E+000 0.2250E+001 0.0000E+000 -.2074E-039 0.2550E-004 0.4915E-037 -.5368E-044 0.4186E-011 0.4599E-009 0.4495E-034 0.2164E-033 0.1456E-005 0.4676E-040 0.3580E-017 0.2014E-037 0.1842E-008 0.9508E-038 0.3652E-019 0.5007E-051 0.6726E-021 0.5536E-020 0.1892E-012 0.1354E-041 0.8594E-022 0.9945E-025 0.0000E+000 0.0000E+000
0.1545E+002 0.1000E+001 0.0000E+000 0.0000E+000 0.2250E+001 0.0000E+000 0.2352E-040 0.2550E-004 0.2966E-037 -.3144E-044 0.4186E-011 0.4599E-009 0.3340E-034 0.1345E-033 0.1456E-005 0.2569E-040 0.3580E-017 0.1215E-037 0.1842E-008 0.5617E-038 0.3658E-019 0.2382E-051 0.6730E-021 0.5546E-020 0.1892E-012 0.8124E-042 0.8659E-022 0.1010E-024 0.0000E+000 0.0000E+000
0.1544E+002 0.1000E+001 0.0000E+000 0.0000E+000 0.2250E+001 0.0000E+000 0.1340E-039 0.2550E-004 0.1793E-037 -.3234E-044 0.4186E-011 0.4599E-009 0.2482E-034 0.8365E-034 0.1456E-005 0.1412E-040 0.3580E-017 0.7341E-038 0.1842E-008 0.3319E-038 0.3665E-019 0.1133E-051 0.6733E-021 0.5555E-020 0.1892E-012 0.4877E-042 0.8725E-022 0.1025E-024 0.0000E+000 0.0000E+000
0.1543E+002 0.1000E+001 0.0000E+000 0.0000E+000 0.2250E+001 0.0000E+000 0.4896E-039 0.2550E-004 0.1086E-037 0.1865E-044 0.4186E-011 0.4599E-009 0.1845E-034 0.5202E-034 0.1456E-005 0.7767E-041 0.3580E-017 0.4437E-038 0.1842E-008 0.1962E-038 0.3672E-019 0.5391E-052 0.6737E-021 0.5565E-020 0.1892E-012 0.2930E-042 0.8790E-022 0.1040E-024 0.0000E+000 0.0000E+000
0.1542E+002 0.1000E+001 0.0000E+000 0.0000E+000 0.2250E+001 0.0000E+000 0.7553E-039 0.2550E-004 0.6582E-038 0.1526E-043 0.4186E-011 0.4599E-009 0.1371E-034 0.3236E-034 0.1456E-005 0.4274E-041 0.3580E-017 0.2684E-038 0.1842E-008 0.1160E-038 0.3678E-019 0.2566E-052 0.6741E-021 0.5574E-020 0.1892E-012 0.1761E-042 0.8856E-022 0.1055E-024 0.0000E+000 0.0000E+000
0.1541E+002 0.1000E+001 0.0000E+000 0.0000E+000 0.2250E+001 0.0000E+000 -.5631E-039 0.2550E-004 0.3995E-038 -.7330E-044 0.4186E-011 0.4599E-009 0.1019E-034 0.2013E-034 0.1456E-005 0.2353E-041 0.3580E-017 0.1625E-038 0.1842E-008 0.6859E-039 0.3685E-019 0.1222E-052 0.6745E-021 0.5584E-020 0.1892E-012 0.1060E-042 0.8922E-022 0.1071E-024 0.0000E+000 0.0000E+000
0.1540E+002 0.1000E+001 0.0000E+000 0.0000E+000 0.2250E+001 0.0000E+000 -.4781E-039 0.2550E-004 0.2428E-038 -.1147E-043 0.4186E-011 0.4599E-009 0.7577E-035 0.1252E-034 0.1456E-005 0.1296E-041 0.3580E-017 0.9849E-039 0.1842E-008 0.4056E-039 0.3692E-019 0.5818E-053 0.6748E-021 0.5593E-020 0.1892E-012 0.6381E-043 0.8988E-022 0.1086E-024 0.0000E+000 0.0000E+000
0.1539E+002 0.1000E+001 0.0000E+000 0.0000E+000 0.2250E+001 0.0000E+000 -.2857E-041 0.2550E-004 0.1477E-038 -.1160E-044 0.4186E-011 0.4599E-009 0.5634E-035 0.7794E-035 0.1456E-005 0.7144E-042 0.3579E-017 0.5973E-039 0.1842E-008 0.2400E-039 0.3698E-019 0.2771E-053 0.6752E-021 0.5602E-020 0.1892E-012 0.3846E-043 0.9054E-022 0.1102E-024 0.0000E+000 0.0000E+000
0.1538E+002 0.1000E+001 0.0000E+000 0.0000E+000 0.2250E+001 0.0000E+000 0.6455E-039 0.2550E-004 0.8995E-039 0.1880E-043 0.4186E-011 0.4599E-009 0.4189E-035 0.4851E-035 0.1456E-005 0.3940E-042 0.3579E-017 0.3626E-039 0.1842E-008 0.1420E-039 0.3705E-019 0.1320E-053 0.6756E-021 0.5611E-020 0.1892E-012 0.2319E-043 0.9120E-022 0.1117E-024 0.0000E+000 0.0000E+000
0.1537E+002 0.1000E+001 0.0000E+000 0.0000E+000 0.2250E+001 0.0000E+000 0.5895E-039 0.2550E-004 0.5483E-039 0.5985E-044 0.4186E-011 0.4599E-009 0.3115E-035 0.3020E-035 0.1456E-005 0.2175E-042 0.3579E-017 0.2203E-039 0.1842E-008 0.8404E-040 0.3712E-019 0.6293E-054 0.6759E-021 0.5620E-020 0.1892E-012 0.1400E-043 0.9187E-022 0.1133E-024 0.0000E+000 0.0000E+000
0.1536E+002 0.1000E+001 0.0000E+000 0.0000E+000 0.2250E+001 0.0000E+000 0.1901E-040 0.2550E-004 0.3345E-039 0.1288E-044 0.4186E-011 0.4599E-009 0.2317E-035 0.1880E-035 0.1456E-005 0.1201E-042 0.3579E-017 0.1339E-039 0.1842E-008 0.4975E-040 0.3719E-019 0.3000E-054 0.6763E-021 0.5628E-020 0.1892E-012 0.8457E-044 0.9253E-022 0.1149E-024 0.0000E+000 0.0000E+000
0.1535E+002 0.1000E+001 0.0000E+000 0.0000E+000 0.2250E+001 0.0000E+000 -.1060E-038 0.2550E-004 0.2043E-039 -.1602E-043 0.4186E-011 0.4599E-009 0.1723E-035 0.1171E-035 0.1456E-005 0.6636E-043 0.3579E-017 0.8149E-040 0.1842E-008 0.2945E-040 0.3725E-019 0.1430E-054 0.6767E-021 0.5637E-020 0.1892E-012 0.5113E-044 0.9319E-022 0.1165E-024 0.0000E+000 0.0000E+000
0.1534E+002 0.1000E+001 0.0000E+000 0.0000E+000 0.2250E+001 0.0000E+000 -.1586E-040 0.2550E-004 0.1249E-039 -.6353E-044 0.4186E-011 0.4599E-009 0.1282E-035 0.7292E-036 0.1456E-005 0.3670E-043 0.3579E-017 0.4963E-040 0.1842E-008 0.1744E-040 0.3732E-019 0.6821E-055 0.6771E-021 0.5645E-020 0.1892E-012 0.3094E-044 0.9386E-022 0.1181E-024 0.0000E+000 0.0000E+000
0.1533E+002 0.1000E+001 0.0000E+000 0.0000E+000 0.2250E+001 0.0000E+000 -.3626E-039 0.2550E-004 0.7637E-040 -.7716E-044 0.4186E-011 0.4599E-009 0.9537E-036 0.4542E-036 0.1456E-005 0.2031E-043 0.3579E-017 0.3025E-040 0.1842E-008 0.1033E-040 0.3739E-019 0.3254E-055 0.6774E-021 0.5653E-020 0.1892E-012 0.1874E-044 0.9453E-022 0.1198E-024 0.0000E+000 0.0000E+000
0.1532E+002 0.1000E+001 0.0000E+000 0.0000E+000 0.2250E+001 0.0000E+000 0.4655E-039 0.2550E-004 0.4676E-040 0.1055E-043 0.4186E-011 0.4599E-009 0.7096E-036 0.2830E-036 0.1456E-005 0.1125E-043 0.3579E-017 0.1845E-040 0.1842E-008 0.6122E-041 0.3745E-019 0.1553E-055 0.6778E-021 0.5661E-020 0.1892E-012 0.1135E-044 0.9519E-022 0.1214E-024 0.0000E+000 0.0000E+000
0.1531E+002 0.1000E+001 0.0000E+000 0.0000E+000 0.2250E+001 0.0000E+000 0.2729E-039 0.2550E-004 0.2865E-040 0.1472E-043 0.4186E-011 0.4599E-009 0.5280E-036 0.1763E-036 0.1456E-005 0.6234E-044 0.3579E-017 0.1126E-040 0.1842E-008 0.3628E-041 0.3752E-019 0.7411E-056 0.6782E-021 0.5669E-020 0.1892E-012 0.6888E-045 0.9586E-022 0.1231E-024 0.0000E+000 0.0000E+000
0.1530E+002 0.1000E+001 0.0000E+000 0.0000E+000 0.2250E+001 0.0000E+000 0.5595E-039 0.2550E-004 0.1756E-040 0.1142E-043 0.4186E-011 0.4599E-009 0.3929E-036 0.1099E-036 0.1456E-005 0.3458E-044 0.3579E-017 0.6881E-041 0.1842E-008 0.2150E-041 0.3759E-019 0.3538E-056 0.6786E-021 0.5677E-020 0.1892E-012 0.4181E-045 0.9653E-022 0.1247E-024 0.0000E+000 0.0000E+000
0.1529E+002 0.1000E+001 0.0000E+000 0.0000E+000 0.2250E+001 0.0000E+000 0.7154E-039 0.2550E-004 0.1078E-040 0.1310E-043 0.4186E-011 0.4599E-009 0.2925E-036 0.6849E-037 0.1456E-005 0.1919E-044 0.3579E-017 0.4207E-041 0.1842E-008 0.1275E-041 0.3765E-019 0.1690E-056 0.6789E-021 0.5685E-020 0.1892E-012 0.2540E-045 0.9720E-022 0.1264E-024 0.0000E+000 0.0000E+000
0.1528E+002 0.1000E+001 0.0000E+000 0.0000E+000 0.2250E+001 0.0000E+000 0.9664E-039 0.2550E-004 0.6618E-041 0.1859E-043 0.4186E-011 0.4599E-009 0.2177E-036 0.4270E-037 0.1456E-005 0.1066E-044 0.3579E-017 0.2575E-041 0.1842E-008 0.7561E-042 0.3772E-019 0.8070E-057 0.6793E-021 0.5693E-020 0.1892E-012 0.1545E-045 0.9787E-022 0.1281E-024 0.0000E+000 0.0000E+000
0.1527E+002 0.1000E+001 0.0000E+000 0.0000E+000 0.2250E+001 0.0000E+000 -.1691E-039 0.2550E-004 0.4067E-041 -.3388E-044 0.4186E-011 0.4599E-009 0.1620E-036 0.2662E-037 0.1456E-005 0.5931E-045 0.3579E-017 0.1577E-041 0.1842E-008 0.4484E-042 0.3779E-019 0.3856E-057 0.6797E-021 0.5700E-020 0.1892E-012 0.9401E-046 0.9855E-022 0.1298E-024 0.0000E+000 0.0000E+000
0.1526E+002 0.1000E+001 0.0000E+000 0.0000E+000 0.2250E+001 0.0000E+000 -.5542E-041 0.2550E-004 0.2501E-041 -.4110E-045 0.4186E-011 0.4599E-009 0.1206E-036 0.1660E-037 0.1456E-005 0.3301E-045 0.3579E-017 0.9662E-042 0.1842E-008 0.2660E-042 0.3785E-019 0.1843E-057 0.6801E-021 0.5707E-020 0.1892E-012 0.5726E-046 0.9922E-022 0.1315E-024 0.0000E+000 0.0000E+000
0.1525E+002 0.1000E+001 0.0000E+000 0.0000E+000 0.2250E+001 0.0000E+000 -.5119E-039 0.2550E-004 0.1539E-041 -.1071E-043 0.4186E-011 0.4599E-009 0.8982E-037 0.1035E-037 0.1456E-005 0.1839E-045 0.3579E-017 0.5926E-042 0.1842E-008 0.1579E-042 0.3792E-019 0.8808E-058 0.6805E-021 0.5715E-020 0.1892E-012 0.3490E-046 0.9989E-022 0.1332E-024 0.0000E+000 0.0000E+000
0.1524E+002 0.1000E+001 0.0000E+000 0.0000E+000 0.2250E+001 0.0000E+000 -.3162E-039 0.2550E-004 0.9475E-042 -.4182E-044 0.4186E-011 0.4599E-009 0.6689E-037 0.6459E-038 0.1456E-005 0.1026E-045 0.3578E-017 0.3637E-042 0.1842E-008 0.9370E-043 0.3799E-019 0.4211E-058 0.6808E-021 0.5722E-020 0.1892E-012 0.2129E-046 0.1006E-021 0.1349E-024 0.0000E+000 0.0000E+000
0.1523E+002 0.1000E+001 0.0000E+000 0.0000E+000 0.2250E+001 0.0000E+000 0.2123E-039 0.2550E-004 0.5838E-042 0.3989E-044 0.4186E-011 0.4599E-009 0.4981E-037 0.4030E-038 0.1456E-005 0.5726E-046 0.3578E-017 0.2234E-042 0.1842E-008 0.5562E-043 0.3805E-019 0.2014E-058 0.6812E-021 0.5729E-020 0.1892E-012 0.1300E-046 0.1012E-021 0.1367E-024 0.0000E+000 0.0000E+000
0.1522E+002 0.1000E+001 0.0000E+000 0.0000E+000 0.2250E+001 0.0000E+000 0.3548E-040 0.2550E-004 0.3600E-042 0.1043E-044 0.4186E-011 0.4599E-009 0.3710E-037 0.2515E-038 0.1456E-005 0.3200E-046 0.3578E-017 0.1373E-042 0.1842E-008 0.3303E-043 0.3812E-019 0.9635E-059 0.6816E-021 0.5736E-020 0.1892E-012 0.7944E-047 0.1019E-021 0.1384E-024 0.0000E+000 0.0000E+000
0.1521E+002 0.1000E+001 0.0000E+000 0.0000E+000 0.2250E+001 0.0000E+000 0.3186E-039 0.2550E-004 0.2221E-042 0.3544E-044 0.4186E-011 0.4599E-009 0.2763E-037 0.1569E-038 0.1456E-005 0.1790E-046 0.3578E-017 0.8444E-043 0.1842E-008 0.1962E-043 0.3819E-019 0.4610E-059 0.6820E-021 0.5742E-020 0.1892E-012 0.4858E-047 0.1026E-021 0.1402E-024 0.0000E+000 0.0000E+000
0.1520E+002 0.1000E+001 0.0000E+000 0.0000E+000 0.2250E+001 0.0000E+000 -.5993E-039 0.2550E-004 0.1371E-042 -.7112E-044 0.4186E-011 0.4599E-009 0.2058E-037 0.9797E-039 0.1456E-005 0.1003E-046 0.3578E-017 0.5197E-043 0.1842E-008 0.1165E-043 0.3825E-019 0.2207E-059 0.6824E-021 0.5749E-020 0.1892E-012 0.2973E-047 0.1033E-021 0.1419E-024 0.0000E+000 0.0000E+000
0.1519E+002 0.1000E+001 0.0000E+000 0.0000E+000 0.2250E+001 0.0000E+000 -.2936E-039 0.2550E-004 0.8468E-043 -.1010E-043 0.4186E-011 0.4599E-009 0.1534E-037 0.6116E-039 0.1456E-005 0.5621E-047 0.3578E-017 0.3201E-043 0.1842E-008 0.6924E-044 0.3832E-019 0.1056E-059 0.6827E-021 0.5756E-020 0.1892E-012 0.1821E-047 0.1040E-021 0.1437E-024 0.0000E+000 0.0000E+000
0.1518E+002 0.1000E+001 0.0000E+000 0.0000E+000 0.2250E+001 0.0000E+000 0.8154E-039 0.2550E-004 0.5234E-043 0.2137E-043 0.4186E-011 0.4599E-009 0.1143E-037 0.3819E-039 0.1456E-005 0.3155E-047 0.3578E-017 0.1973E-043 0.1842E-008 0.4115E-044 0.3838E-019 0.5058E-060 0.6831E-021 0.5762E-020 0.1892E-012 0.1116E-047 0.1046E-021 0.1455E-024 0.0000E+000 0.0000E+000
0.1517E+002 0.1000E+001 0.0000E+000 0.0000E+000 0.2250E+001 0.0000E+000 0.4453E-039 0.2550E-004 0.3237E-043 0.5725E-044 0.4186E-011 0.4599E-009 0.8515E-038 0.2385E-039 0.1456E-005 0.1773E-047 0.3578E-017 0.1217E-043 0.1842E-008 0.2446E-044 0.3845E-019 0.2423E-060 0.6835E-021 0.5769E-020 0.1892E-012 0.6846E-048 0.1053E-021 0.1473E-024 0.0000E+000 0.0000E+000
0.1516E+002 0.1000E+001 0.0000E+000 0.0000E+000 0.2250E+001 0.0000E+000 0.8807E-041 0.2550E-004 0.2003E-043 -.3008E-044 0.4186E-011 0.4599E-009 0.6345E-038 0.1490E-039 0.1456E-005 0.9977E-048 0.3578E-017 0.7507E-044 0.1842E-008 0.1454E-044 0.3852E-019 0.1161E-060 0.6839E-021 0.5775E-020 0.1892E-012 0.4202E-048 0.1060E-021 0.1491E-024 0.0000E+000 0.0000E+000
0.1515E+002 0.1000E+001 0.0000E+000 0.0000E+000 0.2250E+001 0.0000E+000 0.2934E-042 0.2550E-004 0.1240E-043 -.5061E-046 0.4186E-011 0.4599E-009 0.4729E-038 0.9306E-040 0.1456E-005 0.5621E-048 0.3578E-017 0.4636E-044 0.1842E-008 0.8649E-045 0.3858E-019 0.5563E-061 0.6843E-021 0.5781E-020 0.1892E-012 0.2582E-048 0.1067E-021 0.1510E-024 0.0000E+000 0.0000E+000
0.1514E+002 0.1000E+001 0.0000E+000 0.0000E+000 0.2250E+001 0.0000E+000 -.7636E-039 0.2550E-004 0.7680E-044 -.1718E-043 0.4186E-011 0.4599E-009 0.3525E-038 0.5815E-040 0.1456E-005 0.3171E-048 0.3578E-017 0.2864E-044 0.1842E-008 0.5145E-045 0.3865E-019 0.2667E-061 0.6847E-021 0.5787E-020 0.1892E-012 0.1587E-048 0.1074E-021 0.1528E-024 0.0000E+000 0.0000E+000
0.1513E+002 0.1000E+001 0.0000E+000 0.0000E+000 0.2250E+001 0.0000E+000 -.2554E-040 0.2550E-004 0.4760E-044 -.1928E-044 0.4186E-011 0.4599E-009 0.2628E-038 0.3634E-040 0.1456E-005 0.1791E-048 0.3578E-017 0.1771E-044 0.1842E-008 0.3061E-045 0.3872E-019 0.1278E-061 0.6850E-021 0.5793E-020 0.1892E-012 0.9764E-049 0.1081E-021 0.1547E-024 0.0000E+000 0.0000E+000
0.1512E+002 0.1000E+001 0.0000E+000 0.0000E+000 0.2250E+001 0.0000E+000 0.8692E-041 0.2550E-004 0.2951E-044 0.2576E-044 0.4186E-011 0.4599E-009 0.1959E-038 0.2271E-040 0.1456E-005 0.1013E-048 0.3578E-017 0.1095E-044 0.1842E-008 0.1822E-045 0.3878E-019 0.6132E-062 0.6854E-021 0.5799E-020 0.1892E-012 0.6011E-049 0.1087E-021 0.1565E-024 0.0000E+000 0.0000E+000
0.1511E+002 0.1000E+001 0.0000E+000 0.0000E+000 0.2250E+001 0.0000E+000 0.9923E-039 0.2550E-004 0.1831E-044 0.2396E-043 0.4186E-011 0.4599E-009 0.1461E-038 0.1420E-040 0.1456E-005 0.5735E-049 0.3578E-017 0.6779E-045 0.1842E-008 0.1084E-045 0.3885E-019 0.2941E-062 0.6858E-021 0.5805E-020 0.1892E-012 0.3703E-049 0.1094E-021 0.1584E-024 0.0000E+000 0.0000E+000
0.1510E+002 0.1000E+001 0.0000E+000 0.0000E+000 0.2250E+001 0.0000E+000 -.5062E-039 0.2550E-004 0.1136E-044 -.1035E-043 0.4186E-011 0.4599E-009 0.1089E-038 0.8877E-041 0.1456E-005 0.3252E-049 0.3578E-017 0.4198E-045 0.1842E-008 0.6455E-046 0.3891E-019 0.1411E-062 0.6862E-021 0.5811E-020 0.1892E-012 0.2283E-049 0.1101E-021 0.1603E-024 0.0000E+000 0.0000E+000
0.1509E+002 0.1000E+001 0.0000E+000 0.0000E+000 0.2250E+001 0.0000E+000 0.3449E-039 0.2550E-004 0.7057E-045 0.5198E-044 0.4186E-011 0.4599E-009 0.8123E-039 0.5551E-041 0.1456E-005 0.1847E-049 0.3577E-017 0.2601E-045 0.1842E-008 0.3844E-046 0.3898E-019 0.6774E-063 0.6866E-021 0.5816E-020 0.1892E-012 0.1408E-049 0.1108E-021 0.1622E-024 0.0000E+000 0.0000E+000
0.1508E+002 0.1000E+001 0.0000E+000 0.0000E+000 0.2250E+001 0.0000E+000 0.1081E-038 0.2550E-004 0.4384E-045 0.2493E-043 0.4186E-011 0.4599E-009 0.6059E-039 0.3472E-041 0.1456E-005 0.1050E-049 0.3577E-017 0.1613E-045 0.1842E-008 0.2289E-046 0.3905E-019 0.3252E-063 0.6870E-021 0.5822E-020 0.1892E-012 0.8693E-050 0.1115E-021 0.1641E-024 0.0000E+000 0.0000E+000
0.1507E+002 0.1000E+001 0.0000E+000 0.0000E+000 0.2250E+001 0.0000E+000 0.7931E-039 0.2550E-004 0.2725E-045 0.1319E-043 0.4186E-011 0.4599E-009 0.4519E-039 0.2172E-041 0.1456E-005 0.5980E-050 0.3577E-017 0.1000E-045 0.1842E-008 0.1364E-046 0.3911E-019 0.1562E-063 0.6873E-021 0.5827E-020 0.1892E-012 0.5370E-050 0.1122E-021 0.1660E-024 0.0000E+000 0.0000E+000
0.1506E+002 0.1000E+001 0.0000E+000 0.0000E+000 0.2250E+001 0.0000E+000 -.9141E-039 0.2550E-004 0.1694E-045 -.1698E-043 0.4186E-011 0.4599E-009 0.3371E-039 0.1359E-041 0.1456E-005 0.3410E-050 0.3577E-017 0.6208E-046 0.1842E-008 0.8127E-047 0.3918E-019 0.7500E-064 0.6877E-021 0.5833E-020 0.1892E-012 0.3319E-050 0.1129E-021 0.1679E-024 0.0000E+000 0.0000E+000
0.1505E+002 0.1000E+001 0.0000E+000 0.0000E+000 0.2250E+001 0.0000E+000 -.2621E-039 0.2550E-004 0.1054E-045 -.2575E-044 0.4186E-011 0.4599E-009 0.2515E-039 0.8501E-042 0.1456E-005 0.1947E-050 0.3577E-017 0.3855E-046 0.1842E-008 0.4844E-047 0.3925E-019 0.3603E-064 0.6881E-021 0.5838E-020 0.1892E-012 0.2053E-050 0.1136E-021 0.1699E-024 0.0000E+000 0.0000E+000
0.1504E+002 0.1000E+001 0.0000E+000 0.0000E+000 0.2250E+001 0.0000E+000 0.1383E-039 0.2550E-004 0.6560E-046 0.1410E-044 0.4186E-011 0.4599E-009 0.1877E-039 0.5320E-042 0.1456E-005 0.1113E-050 0.3577E-017 0.2394E-046 0.1842E-008 0.2888E-047 0.3931E-019 0.1732E-064 0.6885E-021 0.5843E-020 0.1892E-012 0.1270E-050 0.1143E-021 0.1718E-024 0.0000E+000 0.0000E+000
0.1503E+002 0.1000E+001 0.0000E+000 0.0000E+000 0.2250E+001 0.0000E+000 0.4703E-041 0.2550E-004 0.4084E-046 0.3140E-045 0.4186E-011 0.4599E-009 0.1400E-039 0.3330E-042 0.1456E-005 0.6375E-051 0.3577E-017 0.1488E-046 0.1842E-008 0.1722E-047 0.3938E-019 0.8324E-065 0.6889E-021 0.5848E-020 0.1892E-012 0.7866E-051 0.1150E-021 0.1738E-024 0.0000E+000 0.0000E+000
0.1502E+002 0.1000E+001 0.0000E+000 0.0000E+000 0.2250E+001 0.0000E+000 -.5791E-039 0.2550E-004 0.2544E-046 -.1195E-043 0.4186E-011 0.4599E-009 0.1045E-039 0.2085E-042 0.1456E-005 0.3655E-051 0.3577E-017 0.9253E-047 0.1842E-008 0.1027E-047 0.3944E-019 0.4002E-065 0.6893E-021 0.5853E-020 0.1892E-012 0.4873E-051 0.1157E-021 0.1757E-024 0.0000E+000 0.0000E+000
0.1501E+002 0.1000E+001 0.0000E+000 0.0000E+000 0.2250E+001 0.0000E+000 -.1173E-039 0.2550E-004 0.1585E-046 0.2407E-044 0.4186E-011 0.4599E-009 0.7801E-040 0.1305E-042 0.1456E-005 0.2099E-051 0.3577E-017 0.5756E-047 0.1842E-008 0.6126E-048 0.3951E-019 0.1925E-065 0.6897E-021 0.5858E-020 0.1892E-012 0.3021E-051 0.1164E-021 0.1777E-024 0.0000E+000 0.0000E+000
0.1500E+002 0.1000E+001 0.0000E+000 0.0000E+000 0.2250E+001 0.0000E+000 0.4767E-039 0.2550E-004 0.4361E-055 -.5402E-039 0.4186E-011 0.4599E-009 -.6943E-042 0.4455E-051 0.1456E-005 0.3824E-060 0.3570E-017 0.1434E-055 0.1842E-008 -.2018E-056 0.4609E-019 0.2610E-072 0.6917E-021 0.6116E-020 0.1892E-012 0.6176E-060 0.1918E-021 0.4394E-024 0.0000E+000 0.0000E+000
0.1400E+002 0.1000E+001 0.0000E+000 0.0000E+000 0.2250E+001 0.0000E+000 -.9551E-039 0.2550E-004 0.6566E-062 0.2848E-039 0.4186E-011 0.4599E-009 -.9618E-041 0.5338E-058 0.1456E-005 -.1104E-066 0.3564E-017 0.2278E-062 0.1842E-008 0.1505E-063 0.5242E-019 -.5288E-079 0.8299E-021 0.6091E-020 0.1892E-012 0.1218E-066 0.2755E-021 0.8232E-024 0.0000E+000 0.0000E+000
0.1300E+002 0.1000E+001 0.0000E+000 0.0000E+000 0.2250E+001 0.0000E+000 -.1434E-038 0.2550E-004 0.9174E-068 -.7426E-039 0.4186E-011 0.4599E-009 0.3253E-042 0.8260E-064 0.1456E-005 0.2788E-073 0.3558E-017 0.3352E-068 0.1842E-008 0.1264E-069 0.5849E-019 0.3233E-085 0.8916E-021 0.6051E-020 0.1892E-012 0.1626E-072 0.3660E-021 0.1331E-023 0.0000E+000 0.0000E+000
0.1200E+002 0.1000E+001 0.0000E+000 0.0000E+000 0.2250E+001 0.0000E+000 -.5378E-039 0.2550E-004 0.2566E-073 -.2796E-039 0.4186E-011 0.4599E-009 0.7601E-041 0.2259E-069 0.1456E-005 0.2133E-079 0.3552E-017 0.9097E-074 0.1842E-008 0.2790E-075 0.6429E-019 -.1894E-091 0.9637E-021 0.6006E-020 0.1892E-012 0.4499E-078 0.4620E-021 0.1959E-023 0.0000E+000 0.0000E+000
0.1100E+002 0.1000E+001 0.0000E+000 0.0000E+000 0.2250E+001 0.0000E+000 -.1789E-039 0.2550E-004 0.3692E-079 0.1688E-040 0.4186E-011 0.4599E-009 0.8979E-040 0.3216E-075 0.1456E-005 0.6172E-085 0.3546E-017 0.1316E-079 0.1842E-008 0.6118E-081 0.6982E-019 -.1346E-097 0.1049E-020 0.5956E-020 0.1892E-012 0.6546E-084 0.5622E-021 0.2703E-023 0.0000E+000 0.0000E+000
0.1000E+002 0.1000E+001 0.0000E+000 0.0000E+000 0.2250E+001 0.0000E+000 -.2100E-038 0.2550E-004 -.1079E-084 -.1896E-039 0.4186E-011 0.4599E-009 0.6588E-041 -.9674E-081 0.1456E-005 0.1222E-090 0.3541E-017 -.3858E-085 0.1842E-008 -.1102E-086 0.7505E-019 -.2181E-103 0.1152E-020 0.5901E-020 0.1892E-012 -.1886E-089 0.6649E-021 0.3550E-023 0.0000E+000 0.0000E+000
