0.1636E+002 0.1448E-003 0.8999E+000 0.9998E+000 0.1305E-004 0.9999E-001 0.1844E-013 0.2604E-006 0.2524E-004 0.2816E-016 0.4185E-011 0.4599E-009 0.2719E-020 0.4232E-013 0.1457E-005 0.1659E-012 0.2598E-019 0.1381E-015 0.1520E-008 0.3531E-015 0.9589E-022 0.4459E-017 0.4791E-018 0.4412E-025 0.1342E-012 0.3115E-020 0.2865E-026 0.7730E-031 0.0000E+000 0.0000E+000
0.1635E+002 0.1000E+001 0.0000E+000 0.0000E+000 0.2250E+001 0.0000E+000 0.6362E-015 0.1375E-004 0.1175E-004 0.7149E-018 0.4185E-011 0.4599E-009 0.1987E-020 0.8538E-013 0.1457E-005 0.8886E-013 0.3217E-018 0.1171E-014 0.1562E-008 0.3690E-014 0.3388E-020 0.2076E-017 0.3811E-018 0.8024E-021 0.1408E-012 0.1325E-019 0.1412E-023 0.2233E-027 0.0000E+000 0.0000E+000
0.1634E+002 0.1000E+001 0.0000E+000 0.0000E+000 0.2250E+001 0.0000E+000 0.2202E-016 0.2003E-004 0.5471E-005 0.1873E-019 0.4185E-011 0.4599E-009 0.1458E-020 0.8420E-013 0.1456E-005 0.4760E-013 0.5960E-018 0.1865E-014 0.1581E-008 0.3762E-014 0.8921E-020 0.9666E-018 0.3031E-018 0.1403E-020 0.1439E-012 0.4022E-019 0.4803E-023 0.6368E-027 0.0000E+000 0.0000E+000
0.1633E+002 0.1000E+001 0.0000E+000 0.0000E+000 0.2250E+001 0.0000E+000 0.7638E-018 0.2295E-004 0.2548E-005 0.5053E-021 0.4185E-011 0.4599E-009 0.1072E-020 0.6871E-013 0.1456E-005 0.2550E-013 0.8142E-018 0.1888E-014 0.1590E-008 0.2937E-014 0.1433E-019 0.4502E-018 0.2411E-018 0.1857E-020 0.1454E-012 0.5859E-019 0.9012E-023 0.1111E-026 0.0000E+000 0.0000E+000
0.1632E+002 0.1000E+001 0.0000E+000 0.0000E+000 0.2250E+001 0.0000E+000 0.2654E-019 0.2431E-004 0.1187E-005 0.1402E-022 0.4185E-011 0.4599E-009 0.7893E-021 0.5131E-013 0.1456E-005 0.1367E-013 0.9750E-018 0.1567E-014 0.1594E-008 0.2055E-014 0.1870E-019 0.2097E-018 0.1919E-018 0.2203E-020 0.1461E-012 0.6121E-019 0.1297E-022 0.1592E-026 0.0000E+000 0.0000E+000
0.1631E+002 0.1000E+001 0.0000E+000 0.0000E+000 0.2250E+001 0.0000E+000 0.9235E-021 0.2495E-004 0.5531E-006 0.4001E-024 0.4185E-011 0.4599E-009 0.5813E-021 0.3639E-013 0.1456E-005 0.7327E-014 0.1088E-017 0.1165E-014 0.1596E-008 0.1356E-014 0.2188E-019 0.9773E-019 0.1527E-018 0.2470E-020 0.1464E-012 0.5333E-019 0.1624E-022 0.2064E-026 0.0000E+000 0.0000E+000
0.1630E+002 0.1000E+001 0.0000E+000 0.0000E+000 0.2250E+001 0.0000E+000 0.3218E-022 0.2524E-004 0.2578E-006 0.1175E-025 0.4185E-011 0.4599E-009 0.4283E-021 0.2497E-013 0.1456E-005 0.3928E-014 0.1165E-017 0.8084E-015 0.1597E-008 0.8633E-015 0.2406E-019 0.4555E-019 0.1216E-018 0.2679E-020 0.1466E-012 0.4157E-019 0.1875E-022 0.2522E-026 0.0000E+000 0.0000E+000
0.1629E+002 0.1000E+001 0.0000E+000 0.0000E+000 0.2250E+001 0.0000E+000 0.1123E-023 0.2538E-004 0.1202E-006 0.3546E-027 0.4185E-011 0.4599E-009 0.3156E-021 0.1674E-013 0.1456E-005 0.2107E-014 0.1217E-017 0.5361E-015 0.1597E-008 0.5366E-015 0.2550E-019 0.2124E-019 0.9685E-019 0.2845E-020 0.1466E-012 0.3010E-019 0.2063E-022 0.2971E-026 0.0000E+000 0.0000E+000
0.1628E+002 0.1000E+001 0.0000E+000 0.0000E+000 0.2250E+001 0.0000E+000 0.3924E-025 0.2544E-004 0.5604E-007 0.1099E-028 0.4185E-011 0.4599E-009 0.2326E-021 0.1104E-013 0.1456E-005 0.1130E-014 0.1250E-017 0.3443E-015 0.1597E-008 0.3281E-015 0.2642E-019 0.9903E-020 0.7717E-019 0.2978E-020 0.1467E-012 0.2071E-019 0.2204E-022 0.3414E-026 0.0000E+000 0.0000E+000
0.1627E+002 0.1000E+001 0.0000E+000 0.0000E+000 0.2250E+001 0.0000E+000 0.1373E-026 0.2547E-004 0.2614E-007 0.3493E-030 0.4185E-011 0.4599E-009 0.1714E-021 0.7185E-014 0.1456E-005 0.6064E-015 0.1272E-017 0.2160E-015 0.1598E-008 0.1982E-015 0.2701E-019 0.4619E-020 0.6152E-019 0.3088E-020 0.1467E-012 0.1372E-019 0.2313E-022 0.3857E-026 0.0000E+000 0.0000E+000
0.1626E+002 0.1000E+001 0.0000E+000 0.0000E+000 0.2250E+001 0.0000E+000 0.4815E-028 0.2549E-004 0.1220E-007 0.1134E-031 0.4185E-011 0.4599E-009 0.1264E-021 0.4631E-014 0.1456E-005 0.3255E-015 0.1286E-017 0.1333E-015 0.1598E-008 0.1187E-015 0.2738E-019 0.2155E-020 0.4907E-019 0.3181E-020 0.1467E-012 0.8846E-020 0.2400E-022 0.4301E-026 0.0000E+000 0.0000E+000
0.1625E+002 0.1000E+001 0.0000E+000 0.0000E+000 0.2250E+001 0.0000E+000 0.1688E-029 0.2549E-004 0.5691E-008 0.3744E-033 0.4185E-011 0.4599E-009 0.9316E-022 0.2962E-014 0.1456E-005 0.1747E-015 0.1295E-017 0.8116E-016 0.1598E-008 0.7063E-016 0.2761E-019 0.1006E-020 0.3917E-019 0.3260E-020 0.1467E-012 0.5583E-020 0.2473E-022 0.4750E-026 0.0000E+000 0.0000E+000
0.1624E+002 0.1000E+001 0.0000E+000 0.0000E+000 0.2250E+001 0.0000E+000 0.6002E-031 0.2550E-004 0.2656E-008 0.1259E-034 0.4185E-011 0.4599E-009 0.6869E-022 0.1883E-014 0.1456E-005 0.9382E-016 0.1301E-017 0.4894E-016 0.1598E-008 0.4182E-016 0.2776E-019 0.4694E-021 0.3130E-019 0.3329E-020 0.1467E-012 0.3466E-020 0.2538E-022 0.5206E-026 0.0000E+000 0.0000E+000
0.1623E+002 0.1000E+001 0.0000E+000 0.0000E+000 0.2250E+001 0.0000E+000 0.2005E-032 0.2550E-004 0.1240E-008 0.4350E-036 0.4185E-011 0.4599E-009 0.5065E-022 0.1191E-014 0.1456E-005 0.5039E-016 0.1304E-017 0.2929E-016 0.1598E-008 0.2467E-016 0.2786E-019 0.2192E-021 0.2504E-019 0.3391E-020 0.1467E-012 0.2125E-020 0.2598E-022 0.5668E-026 0.0000E+000 0.0000E+000
0.1622E+002 0.1000E+001 0.0000E+000 0.0000E+000 0.2250E+001 0.0000E+000 0.5435E-033 0.2550E-004 0.5792E-009 0.2005E-037 0.4185E-011 0.4599E-009 0.3735E-022 0.7498E-015 0.1456E-005 0.2707E-016 0.1307E-017 0.1742E-016 0.1598E-008 0.1451E-016 0.2793E-019 0.1023E-021 0.2006E-019 0.3447E-020 0.1467E-012 0.1289E-020 0.2654E-022 0.6139E-026 0.0000E+000 0.0000E+000
0.1621E+002 0.1000E+001 0.0000E+000 0.0000E+000 0.2250E+001 0.0000E+000 0.1268E-033 0.2550E-004 0.2706E-009 0.3341E-038 0.4185E-011 0.4599E-009 0.2755E-022 0.4706E-015 0.1456E-005 0.1455E-016 0.1308E-017 0.1032E-016 0.1598E-008 0.8514E-017 0.2798E-019 0.4781E-022 0.1610E-019 0.3499E-020 0.1467E-012 0.7762E-021 0.2708E-022 0.6618E-026 0.0000E+000 0.0000E+000
0.1620E+002 0.1000E+001 0.0000E+000 0.0000E+000 0.2250E+001 0.0000E+000 0.1718E-034 0.2550E-004 0.1264E-009 0.1100E-038 0.4185E-011 0.4599E-009 0.2032E-022 0.2946E-015 0.1456E-005 0.7820E-017 0.1309E-017 0.6089E-017 0.1598E-008 0.4987E-017 0.2802E-019 0.2234E-022 0.1294E-019 0.3547E-020 0.1467E-012 0.4642E-021 0.2762E-022 0.7106E-026 0.0000E+000 0.0000E+000
0.1619E+002 0.1000E+001 0.0000E+000 0.0000E+000 0.2250E+001 0.0000E+000 0.8770E-036 0.2550E-004 0.5908E-010 0.8625E-040 0.4185E-011 0.4599E-009 0.1499E-022 0.1839E-015 0.1456E-005 0.4204E-017 0.1309E-017 0.3584E-017 0.1598E-008 0.2918E-017 0.2806E-019 0.1044E-022 0.1043E-019 0.3593E-020 0.1467E-012 0.2762E-021 0.2814E-022 0.7603E-026 0.0000E+000 0.0000E+000
0.1618E+002 0.1000E+001 0.0000E+000 0.0000E+000 0.2250E+001 0.0000E+000 0.2069E-035 0.2550E-004 0.2762E-010 0.6743E-040 0.4185E-011 0.4599E-009 0.1106E-022 0.1146E-015 0.1456E-005 0.2261E-017 0.1310E-017 0.2105E-017 0.1598E-008 0.1705E-017 0.2809E-019 0.4880E-023 0.8437E-020 0.3637E-020 0.1467E-012 0.1637E-021 0.2866E-022 0.8108E-026 0.0000E+000 0.0000E+000
0.1617E+002 0.1000E+001 0.0000E+000 0.0000E+000 0.2250E+001 0.0000E+000 -.8278E-036 0.2550E-004 0.1291E-010 -.1681E-040 0.4185E-011 0.4599E-009 0.8157E-023 0.7129E-016 0.1456E-005 0.1216E-017 0.1310E-017 0.1234E-017 0.1598E-008 0.9961E-018 0.2811E-019 0.2282E-023 0.6849E-020 0.3679E-020 0.1467E-012 0.9667E-022 0.2918E-022 0.8622E-026 0.0000E+000 0.0000E+000
0.1616E+002 0.1000E+001 0.0000E+000 0.0000E+000 0.2250E+001 0.0000E+000 -.2953E-037 0.2550E-004 0.6039E-011 -.1898E-041 0.4185E-011 0.4599E-009 0.6019E-023 0.4429E-016 0.1456E-005 0.6543E-018 0.1310E-017 0.7224E-018 0.1598E-008 0.5814E-018 0.2814E-019 0.1067E-023 0.5585E-020 0.3720E-020 0.1467E-012 0.5695E-022 0.2970E-022 0.9146E-026 0.0000E+000 0.0000E+000
0.1615E+002 0.1000E+001 0.0000E+000 0.0000E+000 0.2250E+001 0.0000E+000 0.1016E-035 0.2550E-004 0.2825E-011 0.3010E-040 0.4185E-011 0.4599E-009 0.4442E-023 0.2748E-016 0.1456E-005 0.3521E-018 0.1310E-017 0.4226E-018 0.1598E-008 0.3392E-018 0.2817E-019 0.4992E-024 0.4579E-020 0.3759E-020 0.1467E-012 0.3347E-022 0.3022E-022 0.9678E-026 0.0000E+000 0.0000E+000
0.1614E+002 0.1000E+001 0.0000E+000 0.0000E+000 0.2250E+001 0.0000E+000 0.5395E-036 0.2550E-004 0.1322E-011 0.8858E-041 0.4185E-011 0.4599E-009 0.3278E-023 0.1703E-016 0.1456E-005 0.1896E-018 0.1310E-017 0.2470E-018 0.1598E-008 0.1979E-018 0.2819E-019 0.2336E-024 0.3778E-020 0.3797E-020 0.1467E-012 0.1964E-022 0.3074E-022 0.1022E-025 0.0000E+000 0.0000E+000
0.1613E+002 0.1000E+001 0.0000E+000 0.0000E+000 0.2250E+001 0.0000E+000 0.1933E-037 0.2550E-004 0.6187E-012 0.1186E-041 0.4185E-011 0.4599E-009 0.2420E-023 0.1055E-016 0.1456E-005 0.1021E-018 0.1310E-017 0.1443E-018 0.1598E-008 0.1154E-018 0.2822E-019 0.1093E-024 0.3141E-020 0.3835E-020 0.1467E-012 0.1151E-022 0.3126E-022 0.1077E-025 0.0000E+000 0.0000E+000
0.1612E+002 0.1000E+001 0.0000E+000 0.0000E+000 0.2250E+001 0.0000E+000 -.1857E-036 0.2550E-004 0.2896E-012 -.5991E-042 0.4185E-011 0.4599E-009 0.1786E-023 0.6529E-017 0.1456E-005 0.5497E-019 0.1310E-017 0.8427E-019 0.1598E-008 0.6731E-019 0.2824E-019 0.5118E-025 0.2634E-020 0.3872E-020 0.1467E-012 0.6741E-023 0.3177E-022 0.1133E-025 0.0000E+000 0.0000E+000
0.1611E+002 0.1000E+001 0.0000E+000 0.0000E+000 0.2250E+001 0.0000E+000 -.2379E-036 0.2550E-004 0.1356E-012 -.4024E-041 0.4185E-011 0.4599E-009 0.1319E-023 0.4038E-017 0.1456E-005 0.2961E-019 0.1310E-017 0.4919E-019 0.1598E-008 0.3925E-019 0.2827E-019 0.2396E-025 0.2230E-020 0.3908E-020 0.1467E-012 0.3944E-023 0.3229E-022 0.1190E-025 0.0000E+000 0.0000E+000
0.1610E+002 0.1000E+001 0.0000E+000 0.0000E+000 0.2250E+001 0.0000E+000 -.2217E-036 0.2550E-004 0.6352E-013 -.4326E-041 0.4185E-011 0.4599E-009 0.9735E-024 0.2497E-017 0.1456E-005 0.1596E-019 0.1310E-017 0.2871E-019 0.1598E-008 0.2289E-019 0.2829E-019 0.1122E-025 0.1909E-020 0.3943E-020 0.1467E-012 0.2306E-023 0.3281E-022 0.1247E-025 0.0000E+000 0.0000E+000
0.1609E+002 0.1000E+001 0.0000E+000 0.0000E+000 0.2250E+001 0.0000E+000 -.7985E-038 0.2550E-004 0.2976E-013 -.5077E-042 0.4185E-011 0.4599E-009 0.7188E-024 0.1543E-017 0.1456E-005 0.8600E-020 0.1310E-017 0.1676E-019 0.1598E-008 0.1335E-019 0.2832E-019 0.5258E-026 0.1653E-020 0.3978E-020 0.1467E-012 0.1347E-023 0.3333E-022 0.1306E-025 0.0000E+000 0.0000E+000
0.1608E+002 0.1000E+001 0.0000E+000 0.0000E+000 0.2250E+001 0.0000E+000 -.4611E-037 0.2550E-004 0.1395E-013 -.1294E-041 0.4185E-011 0.4599E-009 0.5308E-024 0.9531E-018 0.1456E-005 0.4636E-020 0.1310E-017 0.9781E-020 0.1598E-008 0.7785E-020 0.2834E-019 0.2464E-026 0.1449E-020 0.4012E-020 0.1467E-012 0.7872E-024 0.3385E-022 0.1366E-025 0.0000E+000 0.0000E+000
0.1607E+002 0.1000E+001 0.0000E+000 0.0000E+000 0.2250E+001 0.0000E+000 -.3938E-037 0.2550E-004 0.6536E-014 -.6512E-042 0.4185E-011 0.4599E-009 0.3920E-024 0.5886E-018 0.1456E-005 0.2500E-020 0.1310E-017 0.5709E-020 0.1598E-008 0.4541E-020 0.2837E-019 0.1155E-026 0.1287E-020 0.4045E-020 0.1467E-012 0.4598E-024 0.3437E-022 0.1426E-025 0.0000E+000 0.0000E+000
0.1606E+002 0.1000E+001 0.0000E+000 0.0000E+000 0.2250E+001 0.0000E+000 -.1445E-037 0.2550E-004 0.3064E-014 -.3389E-042 0.4185E-011 0.4599E-009 0.2895E-024 0.3635E-018 0.1456E-005 0.1349E-020 0.1310E-017 0.3332E-020 0.1598E-008 0.2649E-020 0.2839E-019 0.5415E-027 0.1158E-020 0.4078E-020 0.1467E-012 0.2685E-024 0.3489E-022 0.1487E-025 0.0000E+000 0.0000E+000
0.1605E+002 0.1000E+001 0.0000E+000 0.0000E+000 0.2250E+001 0.0000E+000 0.8582E-039 0.2550E-004 0.1437E-014 -.1736E-042 0.4185E-011 0.4599E-009 0.2139E-024 0.2244E-018 0.1456E-005 0.7275E-021 0.1310E-017 0.1945E-020 0.1598E-008 0.1546E-020 0.2842E-019 0.2539E-027 0.1055E-020 0.4110E-020 0.1467E-012 0.1568E-024 0.3541E-022 0.1550E-025 0.0000E+000 0.0000E+000
0.1604E+002 0.1000E+001 0.0000E+000 0.0000E+000 0.2250E+001 0.0000E+000 -.1733E-037 0.2550E-004 0.6741E-015 -.3351E-042 0.4185E-011 0.4599E-009 0.1580E-024 0.1385E-018 0.1456E-005 0.3926E-021 0.1310E-017 0.1135E-020 0.1598E-008 0.9019E-021 0.2844E-019 0.1191E-027 0.9737E-021 0.4142E-020 0.1467E-012 0.9158E-025 0.3593E-022 0.1613E-025 0.0000E+000 0.0000E+000
0.1603E+002 0.1000E+001 0.0000E+000 0.0000E+000 0.2250E+001 0.0000E+000 -.9156E-038 0.2550E-004 0.3163E-015 -.2294E-042 0.4185E-011 0.4599E-009 0.1167E-024 0.8550E-019 0.1456E-005 0.2119E-021 0.1310E-017 0.6630E-021 0.1598E-008 0.5264E-021 0.2846E-019 0.5588E-028 0.9087E-021 0.4174E-020 0.1467E-012 0.5348E-025 0.3645E-022 0.1677E-025 0.0000E+000 0.0000E+000
0.1602E+002 0.1000E+001 0.0000E+000 0.0000E+000 0.2250E+001 0.0000E+000 0.4484E-038 0.2550E-004 0.1484E-015 0.4173E-043 0.4185E-011 0.4599E-009 0.8625E-025 0.5277E-019 0.1456E-005 0.1144E-021 0.1310E-017 0.3872E-021 0.1598E-008 0.3073E-021 0.2849E-019 0.2623E-028 0.8569E-021 0.4205E-020 0.1467E-012 0.3124E-025 0.3697E-022 0.1742E-025 0.0000E+000 0.0000E+000
0.1601E+002 0.1000E+001 0.0000E+000 0.0000E+000 0.2250E+001 0.0000E+000 0.1633E-039 0.2550E-004 0.6967E-016 0.9133E-044 0.4185E-011 0.4599E-009 0.6373E-025 0.3257E-019 0.1456E-005 0.6180E-022 0.1310E-017 0.2261E-021 0.1598E-008 0.1794E-021 0.2851E-019 0.1231E-028 0.8158E-021 0.4235E-020 0.1467E-012 0.1825E-025 0.3749E-022 0.1808E-025 0.0000E+000 0.0000E+000
0.1600E+002 0.1000E+001 0.0000E+000 0.0000E+000 0.2250E+001 0.0000E+000 -.5967E-039 0.2550E-004 0.3271E-016 -.8744E-044 0.4185E-011 0.4599E-009 0.4710E-025 0.2010E-019 0.1456E-005 0.3338E-022 0.1310E-017 0.1321E-021 0.1598E-008 0.1048E-021 0.2854E-019 0.5780E-029 0.7831E-021 0.4265E-020 0.1467E-012 0.1066E-025 0.3801E-022 0.1874E-025 0.0000E+000 0.0000E+000
0.1599E+002 0.1000E+001 0.0000E+000 0.0000E+000 0.2250E+001 0.0000E+000 0.5043E-039 0.2550E-004 0.1536E-016 0.5297E-044 0.4185E-011 0.4599E-009 0.3481E-025 0.1240E-019 0.1456E-005 0.1804E-022 0.1310E-017 0.7719E-022 0.1598E-008 0.6120E-022 0.2856E-019 0.2715E-029 0.7571E-021 0.4294E-020 0.1467E-012 0.6227E-026 0.3853E-022 0.1942E-025 0.0000E+000 0.0000E+000
0.1598E+002 0.1000E+001 0.0000E+000 0.0000E+000 0.2250E+001 0.0000E+000 -.5668E-039 0.2550E-004 0.7217E-017 -.1103E-043 0.4185E-011 0.4599E-009 0.2573E-025 0.7656E-020 0.1456E-005 0.9748E-023 0.1310E-017 0.4511E-022 0.1598E-008 0.3575E-022 0.2859E-019 0.1275E-029 0.7364E-021 0.4323E-020 0.1467E-012 0.3639E-026 0.3905E-022 0.2010E-025 0.0000E+000 0.0000E+000
0.1597E+002 0.1000E+001 0.0000E+000 0.0000E+000 0.2250E+001 0.0000E+000 -.8946E-040 0.2550E-004 0.3391E-017 -.2666E-044 0.4185E-011 0.4599E-009 0.1902E-025 0.4725E-020 0.1456E-005 0.5270E-023 0.1310E-017 0.2637E-022 0.1598E-008 0.2089E-022 0.2861E-019 0.5992E-030 0.7200E-021 0.4352E-020 0.1467E-012 0.2127E-026 0.3958E-022 0.2080E-025 0.0000E+000 0.0000E+000
0.1596E+002 0.1000E+001 0.0000E+000 0.0000E+000 0.2250E+001 0.0000E+000 -.1470E-039 0.2550E-004 0.1594E-017 -.2423E-044 0.4185E-011 0.4599E-009 0.1406E-025 0.2917E-020 0.1456E-005 0.2850E-023 0.1310E-017 0.1542E-022 0.1598E-008 0.1221E-022 0.2864E-019 0.2816E-030 0.7070E-021 0.4380E-020 0.1467E-012 0.1243E-026 0.4010E-022 0.2150E-025 0.0000E+000 0.0000E+000
0.1595E+002 0.1000E+001 0.0000E+000 0.0000E+000 0.2250E+001 0.0000E+000 0.2632E-039 0.2550E-004 0.7492E-018 0.4597E-044 0.4185E-011 0.4599E-009 0.1040E-025 0.1801E-020 0.1456E-005 0.1541E-023 0.1310E-017 0.9016E-023 0.1598E-008 0.7137E-023 0.2866E-019 0.1324E-030 0.6967E-021 0.4408E-020 0.1467E-012 0.7269E-027 0.4062E-022 0.2221E-025 0.0000E+000 0.0000E+000
0.1594E+002 0.1000E+001 0.0000E+000 0.0000E+000 0.2250E+001 0.0000E+000 0.2055E-039 0.2550E-004 0.3523E-018 0.3852E-044 0.4185E-011 0.4599E-009 0.7690E-026 0.1112E-020 0.1456E-005 0.8339E-024 0.1310E-017 0.5274E-023 0.1598E-008 0.4173E-023 0.2869E-019 0.6225E-031 0.6886E-021 0.4435E-020 0.1467E-012 0.4251E-027 0.4114E-022 0.2294E-025 0.0000E+000 0.0000E+000
0.1593E+002 0.1000E+001 0.0000E+000 0.0000E+000 0.2250E+001 0.0000E+000 0.7567E-041 0.2550E-004 0.1657E-018 0.4748E-045 0.4185E-011 0.4599E-009 0.5687E-026 0.6863E-021 0.1456E-005 0.4513E-024 0.1310E-017 0.3085E-023 0.1598E-008 0.2441E-023 0.2871E-019 0.2928E-031 0.6822E-021 0.4462E-020 0.1467E-012 0.2486E-027 0.4167E-022 0.2367E-025 0.0000E+000 0.0000E+000
0.1592E+002 0.1000E+001 0.0000E+000 0.0000E+000 0.2250E+001 0.0000E+000 0.2791E-042 0.2550E-004 0.7796E-019 0.2656E-046 0.4185E-011 0.4599E-009 0.4206E-026 0.4238E-021 0.1456E-005 0.2443E-024 0.1310E-017 0.1806E-023 0.1598E-008 0.1428E-023 0.2874E-019 0.1377E-031 0.6772E-021 0.4488E-020 0.1467E-012 0.1455E-027 0.4219E-022 0.2441E-025 0.0000E+000 0.0000E+000
0.1591E+002 0.1000E+001 0.0000E+000 0.0000E+000 0.2250E+001 0.0000E+000 -.4572E-040 0.2550E-004 0.3668E-019 -.1084E-044 0.4185E-011 0.4599E-009 0.3111E-026 0.2617E-021 0.1456E-005 0.1323E-024 0.1310E-017 0.1057E-023 0.1598E-008 0.8352E-024 0.2876E-019 0.6482E-032 0.6732E-021 0.4514E-020 0.1467E-012 0.8512E-028 0.4271E-022 0.2515E-025 0.0000E+000 0.0000E+000
0.1590E+002 0.1000E+001 0.0000E+000 0.0000E+000 0.2250E+001 0.0000E+000 -.1584E-040 0.2550E-004 0.1727E-019 -.2288E-045 0.4185E-011 0.4599E-009 0.2302E-026 0.1616E-021 0.1456E-005 0.7162E-025 0.1310E-017 0.6188E-024 0.1598E-008 0.4888E-024 0.2878E-019 0.3051E-032 0.6702E-021 0.4539E-020 0.1467E-012 0.4982E-028 0.4324E-022 0.2591E-025 0.0000E+000 0.0000E+000
0.1589E+002 0.1000E+001 0.0000E+000 0.0000E+000 0.2250E+001 0.0000E+000 0.3620E-040 0.2550E-004 0.8129E-020 0.1693E-045 0.4185E-011 0.4599E-009 0.1703E-026 0.9982E-022 0.1456E-005 0.3880E-025 0.1310E-017 0.3624E-024 0.1598E-008 0.2861E-024 0.2881E-019 0.1436E-032 0.6678E-021 0.4565E-020 0.1467E-012 0.2917E-028 0.4376E-022 0.2668E-025 0.0000E+000 0.0000E+000
0.1588E+002 0.1000E+001 0.0000E+000 0.0000E+000 0.2250E+001 0.0000E+000 0.2607E-040 0.2550E-004 0.3828E-020 0.5566E-045 0.4185E-011 0.4599E-009 0.1260E-026 0.6166E-022 0.1456E-005 0.2102E-025 0.1310E-017 0.2123E-024 0.1598E-008 0.1675E-024 0.2883E-019 0.6764E-033 0.6660E-021 0.4589E-020 0.1467E-012 0.1708E-028 0.4429E-022 0.2745E-025 0.0000E+000 0.0000E+000
0.1587E+002 0.1000E+001 0.0000E+000 0.0000E+000 0.2250E+001 0.0000E+000 0.1053E-040 0.2550E-004 0.1803E-020 0.2630E-045 0.4185E-011 0.4599E-009 0.9323E-027 0.3810E-022 0.1456E-005 0.1139E-025 0.1310E-017 0.1244E-024 0.1598E-008 0.9807E-025 0.2886E-019 0.3186E-033 0.6646E-021 0.4614E-020 0.1467E-012 0.1000E-028 0.4481E-022 0.2824E-025 0.0000E+000 0.0000E+000
0.1586E+002 0.1000E+001 0.0000E+000 0.0000E+000 0.2250E+001 0.0000E+000 -.9307E-041 0.2550E-004 0.8497E-021 -.1008E-045 0.4185E-011 0.4599E-009 0.6900E-027 0.2354E-022 0.1456E-005 0.6177E-026 0.1310E-017 0.7288E-025 0.1598E-008 0.5744E-025 0.2888E-019 0.1501E-033 0.6635E-021 0.4638E-020 0.1467E-012 0.5860E-029 0.4533E-022 0.2903E-025 0.0000E+000 0.0000E+000
0.1585E+002 0.1000E+001 0.0000E+000 0.0000E+000 0.2250E+001 0.0000E+000 0.1524E-040 0.2550E-004 0.4004E-021 0.3260E-045 0.4185E-011 0.4599E-009 0.5107E-027 0.1455E-022 0.1456E-005 0.3350E-026 0.1310E-017 0.4272E-025 0.1598E-008 0.3365E-025 0.2891E-019 0.7075E-034 0.6628E-021 0.4662E-020 0.1467E-012 0.3434E-029 0.4586E-022 0.2983E-025 0.0000E+000 0.0000E+000
0.1584E+002 0.1000E+001 0.0000E+000 0.0000E+000 0.2250E+001 0.0000E+000 0.1093E-040 0.2550E-004 0.1888E-021 0.1331E-045 0.4185E-011 0.4599E-009 0.3780E-027 0.8991E-023 0.1456E-005 0.1817E-026 0.1309E-017 0.2505E-025 0.1598E-008 0.1972E-025 0.2893E-019 0.3335E-034 0.6623E-021 0.4685E-020 0.1467E-012 0.2012E-029 0.4639E-022 0.3064E-025 0.0000E+000 0.0000E+000
0.1583E+002 0.1000E+001 0.0000E+000 0.0000E+000 0.2250E+001 0.0000E+000 -.2311E-040 0.2550E-004 0.8901E-022 -.2513E-045 0.4185E-011 0.4599E-009 0.2798E-027 0.5558E-023 0.1456E-005 0.9859E-027 0.1309E-017 0.1469E-025 0.1598E-008 0.1155E-025 0.2896E-019 0.1572E-034 0.6619E-021 0.4708E-020 0.1467E-012 0.1180E-029 0.4691E-022 0.3146E-025 0.0000E+000 0.0000E+000
0.1582E+002 0.1000E+001 0.0000E+000 0.0000E+000 0.2250E+001 0.0000E+000 -.2152E-040 0.2550E-004 0.4198E-022 -.5208E-045 0.4185E-011 0.4599E-009 0.2072E-027 0.3436E-023 0.1456E-005 0.5350E-027 0.1309E-017 0.8618E-026 0.1598E-008 0.6773E-026 0.2898E-019 0.7416E-035 0.6617E-021 0.4730E-020 0.1467E-012 0.6918E-030 0.4744E-022 0.3229E-025 0.0000E+000 0.0000E+000
0.1581E+002 0.1000E+001 0.0000E+000 0.0000E+000 0.2250E+001 0.0000E+000 0.2677E-040 0.2550E-004 0.1981E-022 0.5095E-045 0.4185E-011 0.4599E-009 0.1534E-027 0.2125E-023 0.1456E-005 0.2905E-027 0.1309E-017 0.5057E-026 0.1598E-008 0.3971E-026 0.2901E-019 0.3498E-035 0.6616E-021 0.4753E-020 0.1467E-012 0.4057E-030 0.4796E-022 0.3313E-025 0.0000E+000 0.0000E+000
0.1580E+002 0.1000E+001 0.0000E+000 0.0000E+000 0.2250E+001 0.0000E+000 0.2652E-040 0.2550E-004 0.9347E-023 0.5355E-045 0.4185E-011 0.4599E-009 0.1136E-027 0.1314E-023 0.1456E-005 0.1577E-027 0.1309E-017 0.2968E-026 0.1598E-008 0.2329E-026 0.2903E-019 0.1651E-035 0.6616E-021 0.4774E-020 0.1467E-012 0.2380E-030 0.4849E-022 0.3398E-025 0.0000E+000 0.0000E+000
0.1579E+002 0.1000E+001 0.0000E+000 0.0000E+000 0.2250E+001 0.0000E+000 0.5895E-040 0.2550E-004 0.4412E-023 0.1255E-044 0.4185E-011 0.4599E-009 0.8412E-028 0.8127E-024 0.1456E-005 0.8566E-028 0.1309E-017 0.1742E-026 0.1598E-008 0.1366E-026 0.2905E-019 0.7790E-036 0.6617E-021 0.4796E-020 0.1467E-012 0.1397E-030 0.4902E-022 0.3483E-025 0.0000E+000 0.0000E+000
0.1578E+002 0.1000E+001 0.0000E+000 0.0000E+000 0.2250E+001 0.0000E+000 0.6234E-041 0.2550E-004 0.2083E-023 0.3210E-045 0.4185E-011 0.4599E-009 0.6230E-028 0.5027E-024 0.1456E-005 0.4654E-028 0.1309E-017 0.1023E-026 0.1598E-008 0.8015E-027 0.2908E-019 0.3678E-036 0.6618E-021 0.4817E-020 0.1467E-012 0.8198E-031 0.4954E-022 0.3570E-025 0.0000E+000 0.0000E+000
0.1577E+002 0.1000E+001 0.0000E+000 0.0000E+000 0.2250E+001 0.0000E+000 -.1792E-040 0.2550E-004 0.9840E-024 -.2831E-045 0.4185E-011 0.4599E-009 0.4615E-028 0.3110E-024 0.1456E-005 0.2529E-028 0.1309E-017 0.6011E-027 0.1598E-008 0.4703E-027 0.2910E-019 0.1737E-036 0.6620E-021 0.4838E-020 0.1467E-012 0.4813E-031 0.5007E-022 0.3657E-025 0.0000E+000 0.0000E+000
0.1576E+002 0.1000E+001 0.0000E+000 0.0000E+000 0.2250E+001 0.0000E+000 -.4437E-040 0.2550E-004 0.4649E-024 -.8960E-045 0.4185E-011 0.4599E-009 0.3418E-028 0.1925E-024 0.1456E-005 0.1375E-028 0.1309E-017 0.3532E-027 0.1598E-008 0.2761E-027 0.2913E-019 0.8202E-037 0.6622E-021 0.4859E-020 0.1467E-012 0.2826E-031 0.5060E-022 0.3745E-025 0.0000E+000 0.0000E+000
0.1575E+002 0.1000E+001 0.0000E+000 0.0000E+000 0.2250E+001 0.0000E+000 0.7261E-041 0.2550E-004 0.2197E-024 0.1920E-045 0.4185E-011 0.4599E-009 0.2533E-028 0.1191E-024 0.1456E-005 0.7476E-029 0.1309E-017 0.2076E-027 0.1598E-008 0.1621E-027 0.2915E-019 0.3875E-037 0.6624E-021 0.4879E-020 0.1467E-012 0.1660E-031 0.5113E-022 0.3835E-025 0.0000E+000 0.0000E+000
0.1574E+002 0.1000E+001 0.0000E+000 0.0000E+000 0.2250E+001 0.0000E+000 -.4074E-041 0.2550E-004 0.1039E-024 0.6519E-046 0.4185E-011 0.4599E-009 0.1877E-028 0.7372E-025 0.1456E-005 0.4066E-029 0.1309E-017 0.1220E-027 0.1598E-008 0.9517E-028 0.2918E-019 0.1831E-037 0.6627E-021 0.4899E-020 0.1467E-012 0.9754E-032 0.5165E-022 0.3925E-025 0.0000E+000 0.0000E+000
0.1573E+002 0.1000E+001 0.0000E+000 0.0000E+000 0.2250E+001 0.0000E+000 -.5757E-040 0.2550E-004 0.4913E-025 -.1087E-044 0.4185E-011 0.4599E-009 0.1391E-028 0.4564E-025 0.1456E-005 0.2212E-029 0.1309E-017 0.7175E-028 0.1598E-008 0.5590E-028 0.2920E-019 0.8655E-038 0.6630E-021 0.4918E-020 0.1467E-012 0.5732E-032 0.5218E-022 0.4016E-025 0.0000E+000 0.0000E+000
0.1572E+002 0.1000E+001 0.0000E+000 0.0000E+000 0.2250E+001 0.0000E+000 -.5020E-040 0.2550E-004 0.2325E-025 -.1065E-044 0.4185E-011 0.4599E-009 0.1030E-028 0.2826E-025 0.1456E-005 0.1204E-029 0.1309E-017 0.4220E-028 0.1598E-008 0.3284E-028 0.2923E-019 0.4092E-038 0.6633E-021 0.4938E-020 0.1467E-012 0.3369E-032 0.5271E-022 0.4108E-025 0.0000E+000 0.0000E+000
0.1571E+002 0.1000E+001 0.0000E+000 0.0000E+000 0.2250E+001 0.0000E+000 0.7245E-040 0.2550E-004 0.1100E-025 0.1329E-044 0.4185E-011 0.4599E-009 0.7637E-029 0.1750E-025 0.1456E-005 0.6554E-030 0.1309E-017 0.2483E-028 0.1598E-008 0.1930E-028 0.2925E-019 0.1935E-038 0.6636E-021 0.4957E-020 0.1467E-012 0.1981E-032 0.5324E-022 0.4200E-025 0.0000E+000 0.0000E+000
0.1570E+002 0.1000E+001 0.0000E+000 0.0000E+000 0.2250E+001 0.0000E+000 -.4934E-041 0.2550E-004 0.5211E-026 -.4749E-046 0.4185E-011 0.4599E-009 0.5661E-029 0.1084E-025 0.1456E-005 0.3569E-030 0.1309E-017 0.1461E-028 0.1598E-008 0.1134E-028 0.2927E-019 0.9154E-039 0.6639E-021 0.4976E-020 0.1467E-012 0.1165E-032 0.5377E-022 0.4294E-025 0.0000E+000 0.0000E+000
0.1569E+002 0.1000E+001 0.0000E+000 0.0000E+000 0.2250E+001 0.0000E+000 0.2270E-040 0.2550E-004 0.2469E-026 0.4648E-045 0.4185E-011 0.4599E-009 0.4197E-029 0.6713E-026 0.1456E-005 0.1944E-030 0.1309E-017 0.8604E-029 0.1598E-008 0.6666E-029 0.2930E-019 0.4331E-039 0.6642E-021 0.4994E-020 0.1467E-012 0.6855E-033 0.5430E-022 0.4389E-025 0.0000E+000 0.0000E+000
0.1568E+002 0.1000E+001 0.0000E+000 0.0000E+000 0.2250E+001 0.0000E+000 -.1809E-040 0.2550E-004 0.1171E-026 -.4937E-045 0.4185E-011 0.4599E-009 0.3111E-029 0.4159E-026 0.1456E-005 0.1059E-030 0.1309E-017 0.5067E-029 0.1598E-008 0.3920E-029 0.2932E-019 0.2050E-039 0.6646E-021 0.5012E-020 0.1467E-012 0.4034E-033 0.5483E-022 0.4484E-025 0.0000E+000 0.0000E+000
0.1567E+002 0.1000E+001 0.0000E+000 0.0000E+000 0.2250E+001 0.0000E+000 -.6908E-042 0.2550E-004 0.5553E-027 -.4740E-046 0.4185E-011 0.4599E-009 0.2307E-029 0.2577E-026 0.1456E-005 0.5772E-031 0.1309E-017 0.2984E-029 0.1598E-008 0.2305E-029 0.2935E-019 0.9703E-040 0.6649E-021 0.5030E-020 0.1467E-012 0.2374E-033 0.5536E-022 0.4580E-025 0.0000E+000 0.0000E+000
0.1566E+002 0.1000E+001 0.0000E+000 0.0000E+000 0.2250E+001 0.0000E+000 -.1711E-040 0.2550E-004 0.2637E-027 -.2961E-045 0.4185E-011 0.4599E-009 0.1711E-029 0.1597E-026 0.1456E-005 0.3147E-031 0.1309E-017 0.1759E-029 0.1598E-008 0.1356E-029 0.2937E-019 0.4594E-040 0.6653E-021 0.5048E-020 0.1467E-012 0.1398E-033 0.5589E-022 0.4678E-025 0.0000E+000 0.0000E+000
0.1565E+002 0.1000E+001 0.0000E+000 0.0000E+000 0.2250E+001 0.0000E+000 0.4871E-041 0.2550E-004 0.1253E-027 0.3706E-046 0.4185E-011 0.4599E-009 0.1269E-029 0.9900E-027 0.1456E-005 0.1716E-031 0.1309E-017 0.1037E-029 0.1598E-008 0.7978E-030 0.2940E-019 0.2176E-040 0.6656E-021 0.5065E-020 0.1467E-012 0.8232E-034 0.5642E-022 0.4776E-025 0.0000E+000 0.0000E+000
0.1564E+002 0.1000E+001 0.0000E+000 0.0000E+000 0.2250E+001 0.0000E+000 -.1483E-040 0.2550E-004 0.5962E-028 -.3779E-045 0.4185E-011 0.4599E-009 0.9409E-030 0.6137E-027 0.1456E-005 0.9361E-032 0.1309E-017 0.6111E-030 0.1598E-008 0.4695E-030 0.2942E-019 0.1031E-040 0.6660E-021 0.5082E-020 0.1467E-012 0.4849E-034 0.5695E-022 0.4875E-025 0.0000E+000 0.0000E+000
0.1563E+002 0.1000E+001 0.0000E+000 0.0000E+000 0.2250E+001 0.0000E+000 -.5695E-042 0.2550E-004 0.2840E-028 -.3826E-046 0.4185E-011 0.4599E-009 0.6979E-030 0.3805E-027 0.1456E-005 0.5108E-032 0.1309E-017 0.3604E-030 0.1598E-008 0.2763E-030 0.2945E-019 0.4884E-041 0.6663E-021 0.5099E-020 0.1467E-012 0.2857E-034 0.5748E-022 0.4975E-025 0.0000E+000 0.0000E+000
0.1562E+002 0.1000E+001 0.0000E+000 0.0000E+000 0.2250E+001 0.0000E+000 0.4193E-040 0.2550E-004 0.1355E-028 0.8020E-045 0.4185E-011 0.4599E-009 0.5177E-030 0.2360E-027 0.1456E-005 0.2789E-032 0.1309E-017 0.2127E-030 0.1598E-008 0.1627E-030 0.2947E-019 0.2315E-041 0.6667E-021 0.5115E-020 0.1467E-012 0.1684E-034 0.5801E-022 0.5075E-025 0.0000E+000 0.0000E+000
0.1561E+002 0.1000E+001 0.0000E+000 0.0000E+000 0.2250E+001 0.0000E+000 -.1150E-040 0.2550E-004 0.6476E-029 -.2230E-045 0.4185E-011 0.4599E-009 0.3841E-030 0.1464E-027 0.1456E-005 0.1523E-032 0.1309E-017 0.1255E-030 0.1598E-008 0.9581E-031 0.2949E-019 0.1098E-041 0.6670E-021 0.5132E-020 0.1467E-012 0.9929E-035 0.5854E-022 0.5177E-025 0.0000E+000 0.0000E+000
0.1560E+002 0.1000E+001 0.0000E+000 0.0000E+000 0.2250E+001 0.0000E+000 -.4440E-042 0.2550E-004 0.3102E-029 -.2776E-046 0.4185E-011 0.4599E-009 0.2850E-030 0.9078E-028 0.1456E-005 0.8317E-033 0.1309E-017 0.7409E-031 0.1598E-008 0.5643E-031 0.2952E-019 0.5204E-042 0.6674E-021 0.5148E-020 0.1467E-012 0.5856E-035 0.5907E-022 0.5280E-025 0.0000E+000 0.0000E+000
0.1559E+002 0.1000E+001 0.0000E+000 0.0000E+000 0.2250E+001 0.0000E+000 -.3372E-040 0.2550E-004 0.1489E-029 -.8312E-045 0.4185E-011 0.4599E-009 0.2115E-030 0.5632E-028 0.1456E-005 0.4545E-033 0.1309E-017 0.4375E-031 0.1598E-008 0.3324E-031 0.2954E-019 0.2469E-042 0.6678E-021 0.5163E-020 0.1467E-012 0.3454E-035 0.5961E-022 0.5383E-025 0.0000E+000 0.0000E+000
0.1558E+002 0.1000E+001 0.0000E+000 0.0000E+000 0.2250E+001 0.0000E+000 -.1308E-041 0.2550E-004 0.7174E-030 -.8671E-046 0.4185E-011 0.4599E-009 0.1569E-030 0.3495E-028 0.1456E-005 0.2484E-033 0.1309E-017 0.2585E-031 0.1598E-008 0.1959E-031 0.2957E-019 0.1171E-042 0.6681E-021 0.5179E-020 0.1467E-012 0.2038E-035 0.6014E-022 0.5488E-025 0.0000E+000 0.0000E+000
0.1557E+002 0.1000E+001 0.0000E+000 0.0000E+000 0.2250E+001 0.0000E+000 -.5276E-040 0.2550E-004 0.3469E-030 -.1013E-044 0.4185E-011 0.4599E-009 0.1165E-030 0.2169E-028 0.1456E-005 0.1358E-033 0.1309E-017 0.1528E-031 0.1598E-008 0.1155E-031 0.2959E-019 0.5558E-043 0.6685E-021 0.5194E-020 0.1467E-012 0.1203E-035 0.6067E-022 0.5593E-025 0.0000E+000 0.0000E+000
0.1556E+002 0.1000E+001 0.0000E+000 0.0000E+000 0.2250E+001 0.0000E+000 -.1347E-040 0.2550E-004 0.1684E-030 -.2078E-045 0.4185E-011 0.4599E-009 0.8645E-031 0.1346E-028 0.1456E-005 0.7430E-034 0.1309E-017 0.9030E-032 0.1598E-008 0.6806E-032 0.2962E-019 0.2638E-043 0.6688E-021 0.5209E-020 0.1467E-012 0.7104E-036 0.6120E-022 0.5699E-025 0.0000E+000 0.0000E+000
0.1555E+002 0.1000E+001 0.0000E+000 0.0000E+000 0.2250E+001 0.0000E+000 -.5247E-042 0.2550E-004 0.8221E-031 -.3114E-046 0.4185E-011 0.4599E-009 0.6418E-031 0.8358E-029 0.1456E-005 0.4065E-034 0.1309E-017 0.5340E-032 0.1598E-008 0.4013E-032 0.2964E-019 0.1253E-043 0.6692E-021 0.5224E-020 0.1467E-012 0.4196E-036 0.6174E-022 0.5806E-025 0.0000E+000 0.0000E+000
0.1554E+002 0.1000E+001 0.0000E+000 0.0000E+000 0.2250E+001 0.0000E+000 0.5500E-040 0.2550E-004 0.4037E-031 0.9512E-045 0.4185E-011 0.4599E-009 0.4765E-031 0.5190E-029 0.1456E-005 0.2225E-034 0.1309E-017 0.3159E-032 0.1598E-008 0.2367E-032 0.2966E-019 0.5949E-044 0.6696E-021 0.5239E-020 0.1467E-012 0.2479E-036 0.6227E-022 0.5914E-025 0.0000E+000 0.0000E+000
0.1553E+002 0.1000E+001 0.0000E+000 0.0000E+000 0.2250E+001 0.0000E+000 0.2149E-041 0.2550E-004 0.1997E-031 0.1304E-045 0.4185E-011 0.4599E-009 0.3538E-031 0.3223E-029 0.1456E-005 0.1219E-034 0.1309E-017 0.1870E-032 0.1598E-008 0.1396E-032 0.2969E-019 0.2826E-044 0.6699E-021 0.5253E-020 0.1467E-012 0.1465E-036 0.6280E-022 0.6023E-025 0.0000E+000 0.0000E+000
0.1552E+002 0.1000E+001 0.0000E+000 0.0000E+000 0.2250E+001 0.0000E+000 -.2457E-040 0.2550E-004 0.9954E-032 -.3498E-045 0.4185E-011 0.4599E-009 0.2627E-031 0.2002E-029 0.1456E-005 0.6676E-035 0.1309E-017 0.1107E-032 0.1598E-008 0.8238E-033 0.2971E-019 0.1343E-044 0.6703E-021 0.5267E-020 0.1467E-012 0.8661E-037 0.6334E-022 0.6133E-025 0.0000E+000 0.0000E+000
0.1551E+002 0.1000E+001 0.0000E+000 0.0000E+000 0.2250E+001 0.0000E+000 0.3707E-040 0.2550E-004 0.5008E-032 0.5359E-045 0.4185E-011 0.4599E-009 0.1951E-031 0.1243E-029 0.1456E-005 0.3658E-035 0.1309E-017 0.6556E-033 0.1598E-008 0.4862E-033 0.2974E-019 0.6381E-045 0.6707E-021 0.5281E-020 0.1467E-012 0.5122E-037 0.6387E-022 0.6243E-025 0.0000E+000 0.0000E+000
0.1550E+002 0.1000E+001 0.0000E+000 0.0000E+000 0.2250E+001 0.0000E+000 0.7593E-041 0.2550E-004 0.2545E-032 0.2121E-045 0.4185E-011 0.4599E-009 0.1449E-031 0.7725E-030 0.1456E-005 0.2006E-035 0.1309E-017 0.3885E-033 0.1598E-008 0.2870E-033 0.2976E-019 0.3034E-045 0.6710E-021 0.5295E-020 0.1467E-012 0.3030E-037 0.6440E-022 0.6355E-025 0.0000E+000 0.0000E+000
0.1549E+002 0.1000E+001 0.0000E+000 0.0000E+000 0.2250E+001 0.0000E+000 0.2399E-042 0.2550E-004 0.1307E-032 0.1923E-046 0.4185E-011 0.4599E-009 0.1076E-031 0.4800E-030 0.1456E-005 0.1100E-035 0.1309E-017 0.2302E-033 0.1598E-008 0.1694E-033 0.2979E-019 0.1441E-045 0.6714E-021 0.5308E-020 0.1467E-012 0.1793E-037 0.6494E-022 0.6467E-025 0.0000E+000 0.0000E+000
0.1548E+002 0.1000E+001 0.0000E+000 0.0000E+000 0.2250E+001 0.0000E+000 0.9656E-041 0.2550E-004 0.6795E-033 -.4861E-044 0.4185E-011 0.4599E-009 0.7994E-032 0.2983E-030 0.1456E-005 0.6033E-036 0.1309E-017 0.1365E-033 0.1598E-008 0.1000E-033 0.2981E-019 0.6850E-046 0.6718E-021 0.5322E-020 0.1467E-012 0.1061E-037 0.6547E-022 0.6581E-025 0.0000E+000 0.0000E+000
0.1547E+002 0.1000E+001 0.0000E+000 0.0000E+000 0.2250E+001 0.0000E+000 -.1642E-039 0.2550E-004 0.3576E-033 -.3768E-044 0.4185E-011 0.4599E-009 0.5939E-032 0.1854E-030 0.1456E-005 0.3310E-036 0.1309E-017 0.8094E-034 0.1598E-008 0.5906E-034 0.2983E-019 0.3256E-046 0.6721E-021 0.5335E-020 0.1467E-012 0.6281E-038 0.6601E-022 0.6695E-025 0.0000E+000 0.0000E+000
0.1546E+002 0.1000E+001 0.0000E+000 0.0000E+000 0.2250E+001 0.0000E+000 -.5212E-041 0.2550E-004 0.1906E-033 -.3997E-045 0.4185E-011 0.4599E-009 0.4413E-032 0.1152E-030 0.1456E-005 0.1818E-036 0.1309E-017 0.4803E-034 0.1598E-008 0.3489E-034 0.2986E-019 0.1548E-046 0.6725E-021 0.5348E-020 0.1467E-012 0.3720E-038 0.6654E-022 0.6810E-025 0.0000E+000 0.0000E+000
0.1545E+002 0.1000E+001 0.0000E+000 0.0000E+000 0.2250E+001 0.0000E+000 -.1658E-042 0.2550E-004 0.1029E-033 -.1871E-046 0.4185E-011 0.4599E-009 0.3279E-032 0.7164E-031 0.1456E-005 0.9984E-037 0.1309E-017 0.2851E-034 0.1598E-008 0.2061E-034 0.2988E-019 0.7363E-047 0.6729E-021 0.5360E-020 0.1467E-012 0.2204E-038 0.6708E-022 0.6926E-025 0.0000E+000 0.0000E+000
0.1544E+002 0.1000E+001 0.0000E+000 0.0000E+000 0.2250E+001 0.0000E+000 0.1028E-038 0.2550E-004 0.5624E-034 0.1547E-043 0.4185E-011 0.4599E-009 0.2437E-032 0.4455E-031 0.1456E-005 0.5487E-037 0.1308E-017 0.1693E-034 0.1598E-008 0.1218E-034 0.2991E-019 0.3503E-047 0.6733E-021 0.5373E-020 0.1467E-012 0.1306E-038 0.6761E-022 0.7043E-025 0.0000E+000 0.0000E+000
0.1543E+002 0.1000E+001 0.0000E+000 0.0000E+000 0.2250E+001 0.0000E+000 0.3279E-040 0.2550E-004 0.3110E-034 0.2337E-044 0.4185E-011 0.4599E-009 0.1811E-032 0.2770E-031 0.1456E-005 0.3017E-037 0.1308E-017 0.1006E-034 0.1598E-008 0.7199E-035 0.2993E-019 0.1667E-047 0.6736E-021 0.5385E-020 0.1467E-012 0.7745E-039 0.6815E-022 0.7160E-025 0.0000E+000 0.0000E+000
0.1542E+002 0.1000E+001 0.0000E+000 0.0000E+000 0.2250E+001 0.0000E+000 0.6671E-039 0.2550E-004 0.1739E-034 0.1189E-043 0.4185E-011 0.4599E-009 0.1346E-032 0.1723E-031 0.1456E-005 0.1660E-037 0.1308E-017 0.5979E-035 0.1598E-008 0.4256E-035 0.2996E-019 0.7934E-048 0.6740E-021 0.5397E-020 0.1467E-012 0.4594E-039 0.6869E-022 0.7279E-025 0.0000E+000 0.0000E+000
0.1541E+002 0.1000E+001 0.0000E+000 0.0000E+000 0.2250E+001 0.0000E+000 0.4655E-039 0.2550E-004 0.9822E-035 0.8649E-044 0.4185E-011 0.4599E-009 0.1001E-032 0.1072E-031 0.1456E-005 0.9135E-038 0.1308E-017 0.3555E-035 0.1598E-008 0.2516E-035 0.2998E-019 0.3777E-048 0.6744E-021 0.5409E-020 0.1467E-012 0.2726E-039 0.6922E-022 0.7399E-025 0.0000E+000 0.0000E+000
0.1540E+002 0.1000E+001 0.0000E+000 0.0000E+000 0.2250E+001 0.0000E+000 0.1492E-040 0.2550E-004 0.5598E-035 0.1098E-044 0.4185E-011 0.4599E-009 0.7439E-033 0.6670E-032 0.1456E-005 0.5031E-038 0.1308E-017 0.2115E-035 0.1598E-008 0.1488E-035 0.3000E-019 0.1799E-048 0.6747E-021 0.5421E-020 0.1467E-012 0.1618E-039 0.6976E-022 0.7519E-025 0.0000E+000 0.0000E+000
0.1539E+002 0.1000E+001 0.0000E+000 0.0000E+000 0.2250E+001 0.0000E+000 -.6288E-040 0.2550E-004 0.3216E-035 -.2027E-044 0.4185E-011 0.4599E-009 0.5531E-033 0.4151E-032 0.1456E-005 0.2772E-038 0.1308E-017 0.1259E-035 0.1598E-008 0.8805E-036 0.3003E-019 0.8568E-049 0.6751E-021 0.5432E-020 0.1467E-012 0.9608E-040 0.7030E-022 0.7640E-025 0.0000E+000 0.0000E+000
0.1538E+002 0.1000E+001 0.0000E+000 0.0000E+000 0.2250E+001 0.0000E+000 0.2170E-039 0.2550E-004 0.1861E-035 0.1189E-044 0.4185E-011 0.4599E-009 0.4113E-033 0.2584E-032 0.1456E-005 0.1528E-038 0.1308E-017 0.7499E-036 0.1598E-008 0.5210E-036 0.3005E-019 0.4082E-049 0.6755E-021 0.5444E-020 0.1467E-012 0.5707E-040 0.7083E-022 0.7763E-025 0.0000E+000 0.0000E+000
0.1537E+002 0.1000E+001 0.0000E+000 0.0000E+000 0.2250E+001 0.0000E+000 -.4095E-039 0.2550E-004 0.1083E-035 -.4212E-044 0.4185E-011 0.4599E-009 0.3058E-033 0.1608E-032 0.1456E-005 0.8433E-039 0.1308E-017 0.4468E-036 0.1598E-008 0.3083E-036 0.3008E-019 0.1946E-049 0.6759E-021 0.5455E-020 0.1467E-012 0.3392E-040 0.7137E-022 0.7886E-025 0.0000E+000 0.0000E+000
0.1536E+002 0.1000E+001 0.0000E+000 0.0000E+000 0.2250E+001 0.0000E+000 0.9511E-039 0.2550E-004 0.6338E-036 0.1961E-043 0.4185E-011 0.4599E-009 0.2275E-033 0.1001E-032 0.1456E-005 0.4655E-039 0.1308E-017 0.2664E-036 0.1598E-008 0.1825E-036 0.3010E-019 0.9274E-050 0.6762E-021 0.5466E-020 0.1467E-012 0.2017E-040 0.7191E-022 0.8010E-025 0.0000E+000 0.0000E+000
0.1535E+002 0.1000E+001 0.0000E+000 0.0000E+000 0.2250E+001 0.0000E+000 0.7190E-040 0.2550E-004 0.3725E-036 -.1832E-044 0.4185E-011 0.4599E-009 0.1692E-033 0.6235E-033 0.1456E-005 0.2572E-039 0.1308E-017 0.1589E-036 0.1598E-008 0.1081E-036 0.3012E-019 0.4422E-050 0.6766E-021 0.5477E-020 0.1467E-012 0.1199E-040 0.7245E-022 0.8134E-025 0.0000E+000 0.0000E+000
0.1534E+002 0.1000E+001 0.0000E+000 0.0000E+000 0.2250E+001 0.0000E+000 0.1367E-040 0.2550E-004 0.2198E-036 -.6301E-044 0.4185E-011 0.4599E-009 0.1259E-033 0.3883E-033 0.1456E-005 0.1421E-039 0.1308E-017 0.9482E-037 0.1598E-008 0.6400E-037 0.3015E-019 0.2109E-050 0.6770E-021 0.5488E-020 0.1467E-012 0.7138E-041 0.7298E-022 0.8260E-025 0.0000E+000 0.0000E+000
0.1533E+002 0.1000E+001 0.0000E+000 0.0000E+000 0.2250E+001 0.0000E+000 -.5688E-039 0.2550E-004 0.1301E-036 -.1003E-043 0.4185E-011 0.4599E-009 0.9363E-034 0.2419E-033 0.1456E-005 0.7863E-040 0.1308E-017 0.5662E-037 0.1598E-008 0.3791E-037 0.3017E-019 0.1006E-050 0.6774E-021 0.5498E-020 0.1467E-012 0.4249E-041 0.7352E-022 0.8387E-025 0.0000E+000 0.0000E+000
0.1532E+002 0.1000E+001 0.0000E+000 0.0000E+000 0.2250E+001 0.0000E+000 -.5425E-040 0.2550E-004 0.7720E-037 -.3040E-044 0.4185E-011 0.4599E-009 0.6967E-034 0.1507E-033 0.1456E-005 0.4353E-040 0.1308E-017 0.3382E-037 0.1598E-008 0.2246E-037 0.3020E-019 0.4801E-051 0.6777E-021 0.5509E-020 0.1467E-012 0.2531E-041 0.7406E-022 0.8514E-025 0.0000E+000 0.0000E+000
0.1531E+002 0.1000E+001 0.0000E+000 0.0000E+000 0.2250E+001 0.0000E+000 -.1908E-039 0.2550E-004 0.4593E-037 0.8369E-046 0.4185E-011 0.4599E-009 0.5184E-034 0.9390E-034 0.1456E-005 0.2411E-040 0.1308E-017 0.2022E-037 0.1598E-008 0.1331E-037 0.3022E-019 0.2291E-051 0.6781E-021 0.5519E-020 0.1467E-012 0.1508E-041 0.7460E-022 0.8643E-025 0.0000E+000 0.0000E+000
0.1530E+002 0.1000E+001 0.0000E+000 0.0000E+000 0.2250E+001 0.0000E+000 -.2909E-039 0.2550E-004 0.2738E-037 -.3050E-044 0.4185E-011 0.4599E-009 0.3858E-034 0.5852E-034 0.1456E-005 0.1337E-040 0.1308E-017 0.1209E-037 0.1598E-008 0.7890E-038 0.3024E-019 0.1094E-051 0.6785E-021 0.5529E-020 0.1467E-012 0.8990E-042 0.7514E-022 0.8772E-025 0.0000E+000 0.0000E+000
0.1529E+002 0.1000E+001 0.0000E+000 0.0000E+000 0.2250E+001 0.0000E+000 0.4834E-039 0.2550E-004 0.1636E-037 0.8534E-044 0.4185E-011 0.4599E-009 0.2871E-034 0.3648E-034 0.1456E-005 0.7418E-041 0.1308E-017 0.7238E-038 0.1598E-008 0.4678E-038 0.3027E-019 0.5224E-052 0.6789E-021 0.5539E-020 0.1467E-012 0.5362E-042 0.7568E-022 0.8902E-025 0.0000E+000 0.0000E+000
0.1528E+002 0.1000E+001 0.0000E+000 0.0000E+000 0.2250E+001 0.0000E+000 -.1425E-039 0.2550E-004 0.9784E-038 0.1819E-044 0.4185E-011 0.4599E-009 0.2137E-034 0.2274E-034 0.1456E-005 0.4119E-041 0.1308E-017 0.4334E-038 0.1598E-008 0.2774E-038 0.3029E-019 0.2495E-052 0.6792E-021 0.5548E-020 0.1467E-012 0.3200E-042 0.7622E-022 0.9033E-025 0.0000E+000 0.0000E+000
0.1527E+002 0.1000E+001 0.0000E+000 0.0000E+000 0.2250E+001 0.0000E+000 -.1408E-039 0.2550E-004 0.5862E-038 -.9242E-044 0.4185E-011 0.4599E-009 0.1591E-034 0.1418E-034 0.1456E-005 0.2289E-041 0.1308E-017 0.2597E-038 0.1598E-008 0.1645E-038 0.3032E-019 0.1192E-052 0.6796E-021 0.5558E-020 0.1467E-012 0.1910E-042 0.7676E-022 0.9165E-025 0.0000E+000 0.0000E+000
0.1526E+002 0.1000E+001 0.0000E+000 0.0000E+000 0.2250E+001 0.0000E+000 0.1887E-039 0.2550E-004 0.3516E-038 0.3198E-044 0.4185E-011 0.4599E-009 0.1184E-034 0.8842E-035 0.1456E-005 0.1274E-041 0.1308E-017 0.1557E-038 0.1598E-008 0.9762E-039 0.3034E-019 0.5697E-053 0.6800E-021 0.5567E-020 0.1467E-012 0.1141E-042 0.7730E-022 0.9298E-025 0.0000E+000 0.0000E+000
0.1525E+002 0.1000E+001 0.0000E+000 0.0000E+000 0.2250E+001 0.0000E+000 0.6194E-041 0.2550E-004 0.2112E-038 0.4463E-045 0.4185E-011 0.4599E-009 0.8819E-035 0.5515E-035 0.1456E-005 0.7091E-042 0.1308E-017 0.9342E-039 0.1598E-008 0.5792E-039 0.3036E-019 0.2723E-053 0.6804E-021 0.5577E-020 0.1467E-012 0.6819E-043 0.7784E-022 0.9432E-025 0.0000E+000 0.0000E+000
0.1524E+002 0.1000E+001 0.0000E+000 0.0000E+000 0.2250E+001 0.0000E+000 0.5462E-039 0.2550E-004 0.1270E-038 0.6680E-044 0.4185E-011 0.4599E-009 0.6567E-035 0.3440E-035 0.1456E-005 0.3952E-042 0.1308E-017 0.5608E-039 0.1598E-008 0.3438E-039 0.3039E-019 0.1302E-053 0.6807E-021 0.5586E-020 0.1467E-012 0.4078E-043 0.7838E-022 0.9567E-025 0.0000E+000 0.0000E+000
0.1523E+002 0.1000E+001 0.0000E+000 0.0000E+000 0.2250E+001 0.0000E+000 0.2117E-039 0.2550E-004 0.7641E-039 0.5649E-044 0.4185E-011 0.4599E-009 0.4890E-035 0.2146E-035 0.1456E-005 0.2205E-042 0.1308E-017 0.3369E-039 0.1598E-008 0.2041E-039 0.3041E-019 0.6227E-054 0.6811E-021 0.5595E-020 0.1467E-012 0.2440E-043 0.7892E-022 0.9702E-025 0.0000E+000 0.0000E+000
0.1522E+002 0.1000E+001 0.0000E+000 0.0000E+000 0.2250E+001 0.0000E+000 -.4538E-039 0.2550E-004 0.4603E-039 -.1070E-043 0.4185E-011 0.4599E-009 0.3642E-035 0.1339E-035 0.1456E-005 0.1231E-042 0.1308E-017 0.2025E-039 0.1598E-008 0.1212E-039 0.3044E-019 0.2979E-054 0.6815E-021 0.5604E-020 0.1467E-012 0.1460E-043 0.7946E-022 0.9838E-025 0.0000E+000 0.0000E+000
0.1521E+002 0.1000E+001 0.0000E+000 0.0000E+000 0.2250E+001 0.0000E+000 0.2503E-040 0.2550E-004 0.2776E-039 -.5465E-044 0.4185E-011 0.4599E-009 0.2713E-035 0.8359E-036 0.1456E-005 0.6883E-043 0.1308E-017 0.1218E-039 0.1598E-008 0.7198E-040 0.3046E-019 0.1425E-054 0.6819E-021 0.5612E-020 0.1467E-012 0.8746E-044 0.8000E-022 0.9976E-025 0.0000E+000 0.0000E+000
0.1520E+002 0.1000E+001 0.0000E+000 0.0000E+000 0.2250E+001 0.0000E+000 -.8168E-040 0.2550E-004 0.1675E-039 0.3781E-044 0.4185E-011 0.4599E-009 0.2021E-035 0.5218E-036 0.1456E-005 0.3852E-043 0.1308E-017 0.7333E-040 0.1598E-008 0.4276E-040 0.3048E-019 0.6822E-055 0.6823E-021 0.5621E-020 0.1467E-012 0.5241E-044 0.8054E-022 0.1011E-024 0.0000E+000 0.0000E+000
0.1519E+002 0.1000E+001 0.0000E+000 0.0000E+000 0.2250E+001 0.0000E+000 0.3162E-039 0.2550E-004 0.1012E-039 0.6813E-044 0.4185E-011 0.4599E-009 0.1506E-035 0.3257E-036 0.1456E-005 0.2158E-043 0.1308E-017 0.4417E-040 0.1598E-008 0.2540E-040 0.3051E-019 0.3266E-055 0.6826E-021 0.5630E-020 0.1467E-012 0.3143E-044 0.8108E-022 0.1025E-024 0.0000E+000 0.0000E+000
0.1518E+002 0.1000E+001 0.0000E+000 0.0000E+000 0.2250E+001 0.0000E+000 -.5328E-039 0.2550E-004 0.6119E-040 -.7670E-044 0.4185E-011 0.4599E-009 0.1122E-035 0.2034E-036 0.1456E-005 0.1210E-043 0.1308E-017 0.2662E-040 0.1598E-008 0.1510E-040 0.3053E-019 0.1564E-055 0.6830E-021 0.5638E-020 0.1467E-012 0.1886E-044 0.8163E-022 0.1039E-024 0.0000E+000 0.0000E+000
0.1517E+002 0.1000E+001 0.0000E+000 0.0000E+000 0.2250E+001 0.0000E+000 -.4438E-039 0.2550E-004 0.3702E-040 -.6212E-044 0.4185E-011 0.4599E-009 0.8359E-036 0.1270E-036 0.1456E-005 0.6796E-044 0.1308E-017 0.1606E-040 0.1598E-008 0.8975E-041 0.3056E-019 0.7491E-056 0.6834E-021 0.5646E-020 0.1467E-012 0.1132E-044 0.8217E-022 0.1053E-024 0.0000E+000 0.0000E+000
0.1516E+002 0.1000E+001 0.0000E+000 0.0000E+000 0.2250E+001 0.0000E+000 0.2190E-039 0.2550E-004 0.2242E-040 0.2024E-044 0.4185E-011 0.4599E-009 0.6230E-036 0.7934E-037 0.1456E-005 0.3821E-044 0.1308E-017 0.9694E-041 0.1598E-008 0.5336E-041 0.3058E-019 0.3589E-056 0.6838E-021 0.5654E-020 0.1467E-012 0.6800E-045 0.8271E-022 0.1068E-024 0.0000E+000 0.0000E+000
0.1515E+002 0.1000E+001 0.0000E+000 0.0000E+000 0.2250E+001 0.0000E+000 0.2073E-039 0.2550E-004 0.1359E-040 -.2818E-044 0.4185E-011 0.4599E-009 0.4643E-036 0.4957E-037 0.1456E-005 0.2151E-044 0.1308E-017 0.5856E-041 0.1598E-008 0.3173E-041 0.3060E-019 0.1720E-056 0.6842E-021 0.5662E-020 0.1467E-012 0.4088E-045 0.8325E-022 0.1082E-024 0.0000E+000 0.0000E+000
0.1514E+002 0.1000E+001 0.0000E+000 0.0000E+000 0.2250E+001 0.0000E+000 -.8680E-039 0.2550E-004 0.8245E-041 -.9308E-044 0.4185E-011 0.4599E-009 0.3461E-036 0.3097E-037 0.1456E-005 0.1212E-044 0.1308E-017 0.3540E-041 0.1598E-008 0.1888E-041 0.3063E-019 0.8244E-057 0.6846E-021 0.5670E-020 0.1467E-012 0.2458E-045 0.8379E-022 0.1096E-024 0.0000E+000 0.0000E+000
0.1513E+002 0.1000E+001 0.0000E+000 0.0000E+000 0.2250E+001 0.0000E+000 -.4758E-039 0.2550E-004 0.5005E-041 -.1107E-043 0.4185E-011 0.4599E-009 0.2580E-036 0.1935E-037 0.1456E-005 0.6839E-045 0.1308E-017 0.2142E-041 0.1598E-008 0.1123E-041 0.3065E-019 0.3953E-057 0.6849E-021 0.5678E-020 0.1467E-012 0.1480E-045 0.8434E-022 0.1111E-024 0.0000E+000 0.0000E+000
0.1512E+002 0.1000E+001 0.0000E+000 0.0000E+000 0.2250E+001 0.0000E+000 -.5268E-039 0.2550E-004 0.3041E-041 -.1400E-043 0.4185E-011 0.4599E-009 0.1923E-036 0.1210E-037 0.1456E-005 0.3864E-045 0.1308E-017 0.1297E-041 0.1598E-008 0.6683E-042 0.3068E-019 0.1896E-057 0.6853E-021 0.5685E-020 0.1467E-012 0.8911E-046 0.8488E-022 0.1125E-024 0.0000E+000 0.0000E+000
0.1511E+002 0.1000E+001 0.0000E+000 0.0000E+000 0.2250E+001 0.0000E+000 -.1940E-039 0.2550E-004 0.1850E-041 -.8084E-044 0.4185E-011 0.4599E-009 0.1434E-036 0.7562E-038 0.1456E-005 0.2186E-045 0.1308E-017 0.7855E-042 0.1598E-008 0.3978E-042 0.3070E-019 0.9094E-058 0.6857E-021 0.5693E-020 0.1467E-012 0.5370E-046 0.8542E-022 0.1140E-024 0.0000E+000 0.0000E+000
0.1510E+002 0.1000E+001 0.0000E+000 0.0000E+000 0.2250E+001 0.0000E+000 -.6523E-041 0.2550E-004 0.1126E-041 -.5770E-045 0.4185E-011 0.4599E-009 0.1069E-036 0.4728E-038 0.1456E-005 0.1239E-045 0.1308E-017 0.4763E-042 0.1598E-008 0.2368E-042 0.3072E-019 0.4364E-058 0.6861E-021 0.5700E-020 0.1467E-012 0.3238E-046 0.8597E-022 0.1154E-024 0.0000E+000 0.0000E+000
0.1509E+002 0.1000E+001 0.0000E+000 0.0000E+000 0.2250E+001 0.0000E+000 0.5339E-041 0.2550E-004 0.6856E-042 0.7641E-046 0.4185E-011 0.4599E-009 0.7975E-037 0.2956E-038 0.1456E-005 0.7026E-046 0.1308E-017 0.2890E-042 0.1598E-008 0.1410E-042 0.3075E-019 0.2094E-058 0.6865E-021 0.5707E-020 0.1467E-012 0.1954E-046 0.8651E-022 0.1169E-024 0.0000E+000 0.0000E+000
0.1508E+002 0.1000E+001 0.0000E+000 0.0000E+000 0.2250E+001 0.0000E+000 0.1800E-042 0.2550E-004 0.4179E-042 0.1256E-046 0.4185E-011 0.4599E-009 0.5948E-037 0.1849E-038 0.1456E-005 0.3991E-046 0.1308E-017 0.1755E-042 0.1598E-008 0.8400E-043 0.3077E-019 0.1005E-058 0.6869E-021 0.5714E-020 0.1467E-012 0.1180E-046 0.8706E-022 0.1184E-024 0.0000E+000 0.0000E+000
0.1507E+002 0.1000E+001 0.0000E+000 0.0000E+000 0.2250E+001 0.0000E+000 -.1329E-039 0.2550E-004 0.2550E-042 0.3470E-045 0.4185E-011 0.4599E-009 0.4437E-037 0.1157E-038 0.1456E-005 0.2270E-046 0.1308E-017 0.1067E-042 0.1598E-008 0.5004E-043 0.3080E-019 0.4828E-059 0.6872E-021 0.5721E-020 0.1467E-012 0.7131E-047 0.8760E-022 0.1199E-024 0.0000E+000 0.0000E+000
0.1506E+002 0.1000E+001 0.0000E+000 0.0000E+000 0.2250E+001 0.0000E+000 -.3578E-039 0.2550E-004 0.1557E-042 -.1235E-043 0.4185E-011 0.4599E-009 0.3310E-037 0.7236E-039 0.1456E-005 0.1293E-046 0.1308E-017 0.6487E-043 0.1598E-008 0.2982E-043 0.3082E-019 0.2319E-059 0.6876E-021 0.5728E-020 0.1467E-012 0.4312E-047 0.8814E-022 0.1214E-024 0.0000E+000 0.0000E+000
0.1505E+002 0.1000E+001 0.0000E+000 0.0000E+000 0.2250E+001 0.0000E+000 0.1810E-039 0.2550E-004 0.9512E-043 -.7913E-045 0.4185E-011 0.4599E-009 0.2469E-037 0.4528E-039 0.1456E-005 0.7377E-047 0.1308E-017 0.3949E-043 0.1598E-008 0.1777E-043 0.3084E-019 0.1114E-059 0.6880E-021 0.5735E-020 0.1467E-012 0.2610E-047 0.8869E-022 0.1229E-024 0.0000E+000 0.0000E+000
0.1504E+002 0.1000E+001 0.0000E+000 0.0000E+000 0.2250E+001 0.0000E+000 0.2601E-039 0.2550E-004 0.5817E-043 0.4028E-045 0.4185E-011 0.4599E-009 0.1843E-037 0.2834E-039 0.1456E-005 0.4214E-047 0.1307E-017 0.2405E-043 0.1598E-008 0.1060E-043 0.3087E-019 0.5354E-060 0.6884E-021 0.5742E-020 0.1467E-012 0.1580E-047 0.8923E-022 0.1244E-024 0.0000E+000 0.0000E+000
0.1503E+002 0.1000E+001 0.0000E+000 0.0000E+000 0.2250E+001 0.0000E+000 0.5798E-039 0.2550E-004 0.3560E-043 0.7754E-044 0.4185E-011 0.4599E-009 0.1375E-037 0.1774E-039 0.1456E-005 0.2410E-047 0.1307E-017 0.1466E-043 0.1598E-008 0.6317E-044 0.3089E-019 0.2574E-060 0.6888E-021 0.5748E-020 0.1467E-012 0.9577E-048 0.8978E-022 0.1260E-024 0.0000E+000 0.0000E+000
0.1502E+002 0.1000E+001 0.0000E+000 0.0000E+000 0.2250E+001 0.0000E+000 0.3338E-039 0.2550E-004 0.2181E-043 0.4113E-044 0.4185E-011 0.4599E-009 0.1026E-037 0.1110E-039 0.1456E-005 0.1381E-047 0.1307E-017 0.8946E-044 0.1598E-008 0.3768E-044 0.3091E-019 0.1237E-060 0.6892E-021 0.5755E-020 0.1467E-012 0.5808E-048 0.9033E-022 0.1275E-024 0.0000E+000 0.0000E+000
0.1501E+002 0.1000E+001 0.0000E+000 0.0000E+000 0.2250E+001 0.0000E+000 -.5629E-039 0.2550E-004 0.1337E-043 -.1240E-043 0.4185E-011 0.4599E-009 0.7659E-038 0.6952E-040 0.1456E-005 0.7920E-048 0.1307E-017 0.5462E-044 0.1598E-008 0.2248E-044 0.3094E-019 0.5951E-061 0.6896E-021 0.5761E-020 0.1467E-012 0.3525E-048 0.9087E-022 0.1291E-024 0.0000E+000 0.0000E+000
0.1500E+002 0.1000E+001 0.0000E+000 0.0000E+000 0.2250E+001 0.0000E+000 0.2538E-039 0.2550E-004 0.6497E-052 0.4885E-039 0.4185E-011 0.4599E-009 0.9999E-042 0.7187E-048 0.1456E-005 0.2054E-056 0.1305E-017 0.2038E-052 0.1598E-008 -.5712E-053 0.3331E-019 0.8377E-068 0.6916E-021 0.6093E-020 0.1467E-012 0.7882E-057 0.1475E-021 0.3322E-024 0.0000E+000 0.0000E+000
0.1400E+002 0.1000E+001 0.0000E+000 0.0000E+000 0.2250E+001 0.0000E+000 0.2784E-039 0.2550E-004 0.1087E-058 0.8870E-039 0.4185E-011 0.4599E-009 -.1359E-040 0.8612E-055 0.1456E-005 -.5766E-063 0.1303E-017 0.3884E-059 0.1598E-008 0.4260E-060 0.3560E-019 -.1697E-074 0.8298E-021 0.6085E-020 0.1467E-012 0.2092E-063 0.2060E-021 0.6231E-024 0.0000E+000 0.0000E+000
0.1300E+002 0.1000E+001 0.0000E+000 0.0000E+000 0.2250E+001 0.0000E+000 -.1461E-040 0.2550E-004 0.1524E-064 0.2399E-039 0.4185E-011 0.4599E-009 -.8166E-043 0.1332E-060 0.1456E-005 0.1435E-069 0.1300E-017 0.5593E-065 0.1598E-008 0.3578E-066 0.3779E-019 0.1037E-080 0.8915E-021 0.6050E-020 0.1467E-012 0.2779E-069 0.2659E-021 0.9969E-024 0.0000E+000 0.0000E+000
0.1200E+002 0.1000E+001 0.0000E+000 0.0000E+000 0.2250E+001 0.0000E+000 0.9189E-039 0.2550E-004 0.4207E-070 0.7705E-039 0.4185E-011 0.4599E-009 0.4813E-040 0.3644E-066 0.1456E-005 0.1092E-075 0.1298E-017 0.1507E-070 0.1598E-008 0.7895E-072 0.3989E-019 -.6078E-087 0.9636E-021 0.6005E-020 0.1467E-012 0.7543E-075 0.3266E-021 0.1447E-023 0.0000E+000 0.0000E+000
0.1100E+002 0.1000E+001 0.0000E+000 0.0000E+000 0.2250E+001 0.0000E+000 0.5968E-039 0.2550E-004 0.6109E-076 0.6099E-039 0.4185E-011 0.4599E-009 0.2841E-044 0.5189E-072 0.1456E-005 0.3159E-081 0.1296E-017 0.2208E-076 0.1598E-008 0.1731E-077 0.4188E-019 -.4320E-093 0.1049E-020 0.5955E-020 0.1467E-012 0.1120E-080 0.3875E-021 0.1966E-023 0.0000E+000 0.0000E+000
0.1000E+002 0.1000E+001 0.0000E+000 0.0000E+000 0.2250E+001 0.0000E+000 0.8652E-041 0.2550E-004 -.1764E-081 -.1513E-039 0.4185E-011 0.4599E-009 0.3494E-040 -.1561E-077 0.1456E-005 0.6258E-087 0.1294E-017 -.6374E-082 0.1598E-008 -.3118E-083 0.4377E-019 -.7001E-099 0.1152E-020 0.5900E-020 0.1467E-012 -.3148E-086 0.4482E-021 0.2543E-023 0.0000E+000 0.0000E+000
