0.1686E+002 0.1721E-003 0.8998E+000 0.9998E+000 0.1464E-004 0.9999E-001 0.2288E-013 0.2582E-006 0.2524E-004 0.2916E-016 0.4182E-011 0.4609E-009 0.2832E-020 0.4318E-013 0.1456E-005 0.1978E-012 0.2646E-019 0.1412E-015 0.1534E-008 0.3512E-015 0.9847E-022 0.4961E-017 0.4785E-018 0.5489E-025 0.1364E-012 0.3206E-020 0.2967E-026 0.8091E-031         NaN         NaN
0.1685E+002 0.1000E+001 0.0000E+000 0.0000E+000 0.2250E+001 0.0000E+000 0.7366E-015 0.1389E-004 0.1161E-004 0.6851E-018 0.4182E-011 0.4609E-009 0.2060E-020 0.9777E-013 0.1456E-005 0.1046E-012 0.3723E-018 0.1190E-014 0.1576E-008 0.3678E-014 0.3507E-020 0.2282E-017 0.3791E-018 0.8434E-021 0.1432E-012 0.1366E-019 0.1480E-023 0.2329E-027 0.0000E+000 0.0000E+000
0.1684E+002 0.1000E+001 0.0000E+000 0.0000E+000 0.2250E+001 0.0000E+000 0.2379E-016 0.2016E-004 0.5341E-005 0.1672E-019 0.4182E-011 0.4609E-009 0.1504E-020 0.9734E-013 0.1456E-005 0.5536E-013 0.6953E-018 0.1869E-014 0.1595E-008 0.3709E-014 0.9166E-020 0.1050E-017 0.3005E-018 0.1471E-020 0.1463E-012 0.4095E-019 0.4994E-023 0.6618E-027 0.0000E+000 0.0000E+000
0.1683E+002 0.1000E+001 0.0000E+000 0.0000E+000 0.2250E+001 0.0000E+000 0.7701E-018 0.2304E-004 0.2457E-005 0.4227E-021 0.4182E-011 0.4609E-009 0.1101E-020 0.7928E-013 0.1456E-005 0.2930E-013 0.9517E-018 0.1868E-014 0.1604E-008 0.2864E-014 0.1464E-019 0.4830E-018 0.2382E-018 0.1942E-020 0.1478E-012 0.5881E-019 0.9301E-023 0.1150E-026 0.0000E+000 0.0000E+000
0.1682E+002 0.1000E+001 0.0000E+000 0.0000E+000 0.2250E+001 0.0000E+000 0.2497E-019 0.2437E-004 0.1131E-005 0.1105E-022 0.4182E-011 0.4609E-009 0.8066E-021 0.5888E-013 0.1456E-005 0.1551E-013 0.1139E-017 0.1530E-014 0.1608E-008 0.1982E-014 0.1900E-019 0.2223E-018 0.1889E-018 0.2300E-020 0.1485E-012 0.6059E-019 0.1331E-022 0.1644E-026 0.0000E+000 0.0000E+000
0.1681E+002 0.1000E+001 0.0000E+000 0.0000E+000 0.2250E+001 0.0000E+000 0.8111E-021 0.2498E-004 0.5207E-006 0.2984E-024 0.4182E-011 0.4609E-009 0.5912E-021 0.4147E-013 0.1456E-005 0.8215E-014 0.1271E-017 0.1123E-014 0.1610E-008 0.1293E-014 0.2214E-019 0.1024E-018 0.1498E-018 0.2574E-020 0.1488E-012 0.5208E-019 0.1657E-022 0.2127E-026 0.0000E+000 0.0000E+000
0.1680E+002 0.1000E+001 0.0000E+000 0.0000E+000 0.2250E+001 0.0000E+000 0.2638E-022 0.2526E-004 0.2398E-006 0.8315E-026 0.4182E-011 0.4609E-009 0.4335E-021 0.2824E-013 0.1456E-005 0.4352E-014 0.1359E-017 0.7697E-015 0.1611E-008 0.8142E-015 0.2428E-019 0.4713E-019 0.1188E-018 0.2787E-020 0.1489E-012 0.4007E-019 0.1906E-022 0.2595E-026 0.0000E+000 0.0000E+000
0.1679E+002 0.1000E+001 0.0000E+000 0.0000E+000 0.2250E+001 0.0000E+000 0.8591E-024 0.2539E-004 0.1104E-006 0.2386E-027 0.4182E-011 0.4609E-009 0.3179E-021 0.1878E-013 0.1456E-005 0.2305E-014 0.1418E-017 0.5042E-015 0.1611E-008 0.5006E-015 0.2567E-019 0.2171E-019 0.9429E-019 0.2955E-020 0.1490E-012 0.2865E-019 0.2091E-022 0.3052E-026 0.0000E+000 0.0000E+000
0.1678E+002 0.1000E+001 0.0000E+000 0.0000E+000 0.2250E+001 0.0000E+000 0.2802E-025 0.2545E-004 0.5088E-007 0.7033E-029 0.4182E-011 0.4609E-009 0.2331E-021 0.1228E-013 0.1456E-005 0.1222E-014 0.1456E-017 0.3200E-015 0.1611E-008 0.3027E-015 0.2655E-019 0.1000E-019 0.7486E-019 0.3090E-020 0.1490E-012 0.1946E-019 0.2230E-022 0.3504E-026 0.0000E+000 0.0000E+000
0.1677E+002 0.1000E+001 0.0000E+000 0.0000E+000 0.2250E+001 0.0000E+000 0.9154E-027 0.2547E-004 0.2345E-007 0.2122E-030 0.4182E-011 0.4609E-009 0.1710E-021 0.7925E-014 0.1456E-005 0.6476E-015 0.1481E-017 0.1985E-015 0.1611E-008 0.1809E-015 0.2711E-019 0.4609E-020 0.5947E-019 0.3200E-020 0.1491E-012 0.1274E-019 0.2336E-022 0.3956E-026 0.0000E+000 0.0000E+000
0.1676E+002 0.1000E+001 0.0000E+000 0.0000E+000 0.2250E+001 0.0000E+000 0.2994E-028 0.2549E-004 0.1081E-007 0.6532E-032 0.4182E-011 0.4609E-009 0.1254E-021 0.5065E-014 0.1456E-005 0.3434E-015 0.1496E-017 0.1210E-015 0.1611E-008 0.1072E-015 0.2746E-019 0.2124E-020 0.4727E-019 0.3292E-020 0.1491E-012 0.8114E-020 0.2422E-022 0.4410E-026 0.0000E+000 0.0000E+000
0.1675E+002 0.1000E+001 0.0000E+000 0.0000E+000 0.2250E+001 0.0000E+000 0.9794E-030 0.2549E-004 0.4983E-008 0.2040E-033 0.4182E-011 0.4609E-009 0.9204E-022 0.3212E-014 0.1456E-005 0.1821E-015 0.1506E-017 0.7285E-016 0.1611E-008 0.6307E-016 0.2769E-019 0.9794E-021 0.3760E-019 0.3370E-020 0.1491E-012 0.5060E-020 0.2495E-022 0.4869E-026 0.0000E+000 0.0000E+000
0.1674E+002 0.1000E+001 0.0000E+000 0.0000E+000 0.2250E+001 0.0000E+000 0.3222E-031 0.2550E-004 0.2298E-008 0.6485E-035 0.4182E-011 0.4609E-009 0.6753E-022 0.2024E-014 0.1456E-005 0.9659E-016 0.1513E-017 0.4343E-016 0.1611E-008 0.3694E-016 0.2783E-019 0.4516E-021 0.2994E-019 0.3439E-020 0.1491E-012 0.3105E-020 0.2559E-022 0.5335E-026 0.0000E+000 0.0000E+000
0.1673E+002 0.1000E+001 0.0000E+000 0.0000E+000 0.2250E+001 0.0000E+000 0.2890E-033 0.2550E-004 0.1060E-008 0.1955E-036 0.4182E-011 0.4609E-009 0.4955E-022 0.1269E-014 0.1456E-005 0.5125E-016 0.1516E-017 0.2570E-016 0.1611E-008 0.2155E-016 0.2793E-019 0.2083E-021 0.2387E-019 0.3500E-020 0.1491E-012 0.1881E-020 0.2619E-022 0.5808E-026 0.0000E+000 0.0000E+000
0.1672E+002 0.1000E+001 0.0000E+000 0.0000E+000 0.2250E+001 0.0000E+000 0.3309E-034 0.2550E-004 0.4890E-009 0.6586E-038 0.4182E-011 0.4609E-009 0.3637E-022 0.7926E-015 0.1456E-005 0.2720E-016 0.1519E-017 0.1512E-016 0.1611E-008 0.1254E-016 0.2800E-019 0.9611E-022 0.1905E-019 0.3555E-020 0.1491E-012 0.1129E-020 0.2676E-022 0.6290E-026 0.0000E+000 0.0000E+000
0.1671E+002 0.1000E+001 0.0000E+000 0.0000E+000 0.2250E+001 0.0000E+000 -.9993E-034 0.2550E-004 0.2257E-009 -.7137E-039 0.4182E-011 0.4609E-009 0.2669E-022 0.4933E-015 0.1456E-005 0.1444E-016 0.1520E-017 0.8856E-017 0.1611E-008 0.7279E-017 0.2805E-019 0.4436E-022 0.1524E-019 0.3606E-020 0.1491E-012 0.6717E-021 0.2731E-022 0.6781E-026 0.0000E+000 0.0000E+000
0.1670E+002 0.1000E+001 0.0000E+000 0.0000E+000 0.2250E+001 0.0000E+000 -.5119E-034 0.2550E-004 0.1042E-009 -.9081E-039 0.4182E-011 0.4609E-009 0.1959E-022 0.3061E-015 0.1456E-005 0.7666E-017 0.1521E-017 0.5169E-017 0.1611E-008 0.4219E-017 0.2809E-019 0.2047E-022 0.1222E-019 0.3653E-020 0.1491E-012 0.3972E-021 0.2785E-022 0.7280E-026 0.0000E+000 0.0000E+000
0.1669E+002 0.1000E+001 0.0000E+000 0.0000E+000 0.2250E+001 0.0000E+000 -.2178E-034 0.2550E-004 0.4809E-010 -.1608E-039 0.4182E-011 0.4609E-009 0.1438E-022 0.1895E-015 0.1456E-005 0.4071E-017 0.1522E-017 0.3009E-017 0.1611E-008 0.2442E-017 0.2813E-019 0.9453E-023 0.9819E-020 0.3698E-020 0.1491E-012 0.2337E-021 0.2838E-022 0.7789E-026 0.0000E+000 0.0000E+000
0.1668E+002 0.1000E+001 0.0000E+000 0.0000E+000 0.2250E+001 0.0000E+000 0.1477E-035 0.2550E-004 0.2221E-010 -.2171E-040 0.4182E-011 0.4609E-009 0.1056E-022 0.1171E-015 0.1456E-005 0.2163E-017 0.1522E-017 0.1748E-017 0.1611E-008 0.1412E-017 0.2816E-019 0.4366E-023 0.7919E-020 0.3741E-020 0.1491E-012 0.1370E-021 0.2891E-022 0.8307E-026 0.0000E+000 0.0000E+000
0.1667E+002 0.1000E+001 0.0000E+000 0.0000E+000 0.2250E+001 0.0000E+000 0.1477E-035 0.2550E-004 0.1026E-010 0.2277E-040 0.4182E-011 0.4609E-009 0.7752E-023 0.7224E-016 0.1456E-005 0.1149E-017 0.1522E-017 0.1014E-017 0.1611E-008 0.8158E-018 0.2820E-019 0.2017E-023 0.6412E-020 0.3782E-020 0.1491E-012 0.8000E-022 0.2944E-022 0.8834E-026 0.0000E+000 0.0000E+000
0.1666E+002 0.1000E+001 0.0000E+000 0.0000E+000 0.2250E+001 0.0000E+000 -.8861E-036 0.2550E-004 0.4740E-011 -.1521E-040 0.4182E-011 0.4609E-009 0.5692E-023 0.4451E-016 0.1456E-005 0.6108E-018 0.1522E-017 0.5871E-018 0.1611E-008 0.4711E-018 0.2823E-019 0.9317E-024 0.5217E-020 0.3822E-020 0.1491E-012 0.4661E-022 0.2997E-022 0.9370E-026 0.0000E+000 0.0000E+000
0.1665E+002 0.1000E+001 0.0000E+000 0.0000E+000 0.2250E+001 0.0000E+000 0.6594E-036 0.2550E-004 0.2191E-011 0.2272E-040 0.4182E-011 0.4609E-009 0.4180E-023 0.2739E-016 0.1456E-005 0.3247E-018 0.1522E-017 0.3397E-018 0.1611E-008 0.2719E-018 0.2826E-019 0.4306E-024 0.4270E-020 0.3860E-020 0.1491E-012 0.2710E-022 0.3050E-022 0.9916E-026 0.0000E+000 0.0000E+000
0.1664E+002 0.1000E+001 0.0000E+000 0.0000E+000 0.2250E+001 0.0000E+000 -.9182E-036 0.2550E-004 0.1013E-011 0.5190E-041 0.4182E-011 0.4609E-009 0.3070E-023 0.1684E-016 0.1456E-005 0.1727E-018 0.1522E-017 0.1965E-018 0.1611E-008 0.1569E-018 0.2829E-019 0.1990E-024 0.3518E-020 0.3898E-020 0.1491E-012 0.1573E-022 0.3103E-022 0.1047E-025 0.0000E+000 0.0000E+000
0.1663E+002 0.1000E+001 0.0000E+000 0.0000E+000 0.2250E+001 0.0000E+000 0.8478E-036 0.2550E-004 0.4682E-012 0.3695E-041 0.4182E-011 0.4609E-009 0.2255E-023 0.1034E-016 0.1456E-005 0.9184E-019 0.1522E-017 0.1135E-018 0.1611E-008 0.9056E-019 0.2832E-019 0.9203E-025 0.2923E-020 0.3935E-020 0.1491E-012 0.9120E-023 0.3155E-022 0.1104E-025 0.0000E+000 0.0000E+000
0.1662E+002 0.1000E+001 0.0000E+000 0.0000E+000 0.2250E+001 0.0000E+000 0.3291E-036 0.2550E-004 0.2165E-012 0.1101E-040 0.4182E-011 0.4609E-009 0.1657E-023 0.6348E-017 0.1456E-005 0.4886E-019 0.1522E-017 0.6560E-019 0.1611E-008 0.5225E-019 0.2835E-019 0.4256E-025 0.2450E-020 0.3970E-020 0.1491E-012 0.5282E-023 0.3208E-022 0.1161E-025 0.0000E+000 0.0000E+000
0.1661E+002 0.1000E+001 0.0000E+000 0.0000E+000 0.2250E+001 0.0000E+000 0.1104E-037 0.2550E-004 0.1002E-012 0.8235E-042 0.4182E-011 0.4609E-009 0.1217E-023 0.3895E-017 0.1456E-005 0.2600E-019 0.1522E-017 0.3789E-019 0.1611E-008 0.3014E-019 0.2838E-019 0.1969E-025 0.2075E-020 0.4006E-020 0.1491E-012 0.3057E-023 0.3261E-022 0.1219E-025 0.0000E+000 0.0000E+000
0.1660E+002 0.1000E+001 0.0000E+000 0.0000E+000 0.2250E+001 0.0000E+000 -.4216E-036 0.2550E-004 0.4635E-013 -.5531E-041 0.4182E-011 0.4609E-009 0.8941E-024 0.2388E-017 0.1456E-005 0.1384E-019 0.1522E-017 0.2188E-019 0.1611E-008 0.1739E-019 0.2840E-019 0.9111E-026 0.1778E-020 0.4040E-020 0.1491E-012 0.1768E-023 0.3314E-022 0.1278E-025 0.0000E+000 0.0000E+000
0.1659E+002 0.1000E+001 0.0000E+000 0.0000E+000 0.2250E+001 0.0000E+000 -.2236E-036 0.2550E-004 0.2145E-013 -.2634E-041 0.4182E-011 0.4609E-009 0.6570E-024 0.1464E-017 0.1456E-005 0.7369E-020 0.1522E-017 0.1264E-019 0.1611E-008 0.1003E-019 0.2843E-019 0.4217E-026 0.1542E-020 0.4074E-020 0.1491E-012 0.1022E-023 0.3367E-022 0.1339E-025 0.0000E+000 0.0000E+000
0.1658E+002 0.1000E+001 0.0000E+000 0.0000E+000 0.2250E+001 0.0000E+000 0.1032E-037 0.2550E-004 0.9930E-014 0.8473E-042 0.4182E-011 0.4609E-009 0.4828E-024 0.8971E-018 0.1456E-005 0.3924E-020 0.1522E-017 0.7296E-020 0.1611E-008 0.5789E-020 0.2846E-019 0.1952E-026 0.1356E-020 0.4107E-020 0.1491E-012 0.5908E-024 0.3420E-022 0.1400E-025 0.0000E+000 0.0000E+000
0.1657E+002 0.1000E+001 0.0000E+000 0.0000E+000 0.2250E+001 0.0000E+000 0.3480E-039 0.2550E-004 0.4598E-014 0.3825E-043 0.4182E-011 0.4609E-009 0.3548E-024 0.5496E-018 0.1456E-005 0.2090E-020 0.1522E-017 0.4213E-020 0.1611E-008 0.3341E-020 0.2849E-019 0.9039E-027 0.1207E-020 0.4140E-020 0.1491E-012 0.3414E-024 0.3473E-022 0.1462E-025 0.0000E+000 0.0000E+000
0.1656E+002 0.1000E+001 0.0000E+000 0.0000E+000 0.2250E+001 0.0000E+000 0.2604E-038 0.2550E-004 0.2130E-014 0.2263E-042 0.4182E-011 0.4609E-009 0.2608E-024 0.3367E-018 0.1456E-005 0.1114E-020 0.1522E-017 0.2433E-020 0.1611E-008 0.1928E-020 0.2852E-019 0.4186E-027 0.1090E-020 0.4172E-020 0.1491E-012 0.1973E-024 0.3526E-022 0.1525E-025 0.0000E+000 0.0000E+000
0.1655E+002 0.1000E+001 0.0000E+000 0.0000E+000 0.2250E+001 0.0000E+000 0.8809E-040 0.2550E-004 0.9866E-015 0.9985E-044 0.4182E-011 0.4609E-009 0.1917E-024 0.2062E-018 0.1456E-005 0.5935E-021 0.1522E-017 0.1405E-020 0.1611E-008 0.1113E-020 0.2855E-019 0.1939E-027 0.9964E-021 0.4204E-020 0.1491E-012 0.1140E-024 0.3579E-022 0.1589E-025 0.0000E+000 0.0000E+000
0.1654E+002 0.1000E+001 0.0000E+000 0.0000E+000 0.2250E+001 0.0000E+000 -.6044E-038 0.2550E-004 0.4572E-015 -.1269E-042 0.4182E-011 0.4609E-009 0.1409E-024 0.1263E-018 0.1456E-005 0.3164E-021 0.1522E-017 0.8117E-021 0.1611E-008 0.6426E-021 0.2858E-019 0.8987E-028 0.9224E-021 0.4235E-020 0.1491E-012 0.6585E-025 0.3632E-022 0.1654E-025 0.0000E+000 0.0000E+000
0.1653E+002 0.1000E+001 0.0000E+000 0.0000E+000 0.2250E+001 0.0000E+000 0.7941E-039 0.2550E-004 0.2119E-015 -.2860E-043 0.4182E-011 0.4609E-009 0.1036E-024 0.7731E-019 0.1456E-005 0.1687E-021 0.1522E-017 0.4689E-021 0.1611E-008 0.3711E-021 0.2861E-019 0.4165E-028 0.8638E-021 0.4265E-020 0.1491E-012 0.3805E-025 0.3685E-022 0.1719E-025 0.0000E+000 0.0000E+000
0.1652E+002 0.1000E+001 0.0000E+000 0.0000E+000 0.2250E+001 0.0000E+000 0.7021E-038 0.2550E-004 0.9823E-016 0.1280E-042 0.4182E-011 0.4609E-009 0.7619E-025 0.4733E-019 0.1456E-005 0.8998E-022 0.1522E-017 0.2709E-021 0.1611E-008 0.2143E-021 0.2864E-019 0.1931E-028 0.8174E-021 0.4296E-020 0.1491E-012 0.2199E-025 0.3738E-022 0.1786E-025 0.0000E+000 0.0000E+000
0.1651E+002 0.1000E+001 0.0000E+000 0.0000E+000 0.2250E+001 0.0000E+000 0.1661E-038 0.2550E-004 0.4555E-016 0.4605E-043 0.4182E-011 0.4609E-009 0.5603E-025 0.2898E-019 0.1456E-005 0.4800E-022 0.1522E-017 0.1566E-021 0.1611E-008 0.1238E-021 0.2867E-019 0.8955E-029 0.7805E-021 0.4325E-020 0.1491E-012 0.1271E-025 0.3792E-022 0.1854E-025 0.0000E+000 0.0000E+000
0.1650E+002 0.1000E+001 0.0000E+000 0.0000E+000 0.2250E+001 0.0000E+000 0.8315E-040 0.2550E-004 0.2113E-016 0.1898E-044 0.4182E-011 0.4609E-009 0.4120E-025 0.1774E-019 0.1456E-005 0.2561E-022 0.1522E-017 0.9051E-022 0.1611E-008 0.7152E-022 0.2870E-019 0.4153E-029 0.7514E-021 0.4354E-020 0.1491E-012 0.7344E-026 0.3845E-022 0.1922E-025 0.0000E+000 0.0000E+000
0.1649E+002 0.1000E+001 0.0000E+000 0.0000E+000 0.2250E+001 0.0000E+000 0.4563E-039 0.2550E-004 0.9802E-017 0.2828E-044 0.4182E-011 0.4609E-009 0.3031E-025 0.1086E-019 0.1456E-005 0.1367E-022 0.1522E-017 0.5233E-022 0.1611E-008 0.4133E-022 0.2873E-019 0.1927E-029 0.7283E-021 0.4383E-020 0.1491E-012 0.4245E-026 0.3898E-022 0.1992E-025 0.0000E+000 0.0000E+000
0.1648E+002 0.1000E+001 0.0000E+000 0.0000E+000 0.2250E+001 0.0000E+000 0.1558E-040 0.2550E-004 0.4549E-017 0.8496E-045 0.4182E-011 0.4609E-009 0.2229E-025 0.6653E-020 0.1456E-005 0.7298E-023 0.1522E-017 0.3026E-022 0.1611E-008 0.2389E-022 0.2876E-019 0.8942E-030 0.7100E-021 0.4411E-020 0.1491E-012 0.2454E-026 0.3951E-022 0.2062E-025 0.0000E+000 0.0000E+000
0.1647E+002 0.1000E+001 0.0000E+000 0.0000E+000 0.2250E+001 0.0000E+000 0.7148E-041 0.2550E-004 0.2111E-017 -.1806E-045 0.4182E-011 0.4609E-009 0.1640E-025 0.4074E-020 0.1456E-005 0.3897E-023 0.1522E-017 0.1750E-022 0.1611E-008 0.1381E-022 0.2879E-019 0.4151E-030 0.6956E-021 0.4439E-020 0.1491E-012 0.1419E-026 0.4005E-022 0.2134E-025 0.0000E+000 0.0000E+000
0.1646E+002 0.1000E+001 0.0000E+000 0.0000E+000 0.2250E+001 0.0000E+000 0.6299E-040 0.2550E-004 0.9803E-018 0.1635E-044 0.4182E-011 0.4609E-009 0.1207E-025 0.2495E-020 0.1456E-005 0.2082E-023 0.1522E-017 0.1012E-022 0.1611E-008 0.7985E-023 0.2881E-019 0.1927E-030 0.6842E-021 0.4467E-020 0.1491E-012 0.8209E-027 0.4058E-022 0.2206E-025 0.0000E+000 0.0000E+000
0.1645E+002 0.1000E+001 0.0000E+000 0.0000E+000 0.2250E+001 0.0000E+000 0.8086E-040 0.2550E-004 0.4552E-018 0.1498E-044 0.4182E-011 0.4609E-009 0.8877E-026 0.1528E-020 0.1456E-005 0.1112E-023 0.1522E-017 0.5859E-023 0.1611E-008 0.4618E-023 0.2884E-019 0.8949E-031 0.6753E-021 0.4493E-020 0.1491E-012 0.4749E-027 0.4112E-022 0.2279E-025 0.0000E+000 0.0000E+000
0.1644E+002 0.1000E+001 0.0000E+000 0.0000E+000 0.2250E+001 0.0000E+000 -.9546E-040 0.2550E-004 0.2115E-018 -.1652E-044 0.4182E-011 0.4609E-009 0.6533E-026 0.9357E-021 0.1456E-005 0.5944E-024 0.1522E-017 0.3391E-023 0.1611E-008 0.2671E-023 0.2887E-019 0.4157E-031 0.6682E-021 0.4520E-020 0.1491E-012 0.2748E-027 0.4165E-022 0.2353E-025 0.0000E+000 0.0000E+000
0.1643E+002 0.1000E+001 0.0000E+000 0.0000E+000 0.2250E+001 0.0000E+000 -.4910E-040 0.2550E-004 0.9825E-019 -.4323E-045 0.4182E-011 0.4609E-009 0.4807E-026 0.5732E-021 0.1456E-005 0.3177E-024 0.1522E-017 0.1963E-023 0.1611E-008 0.1545E-023 0.2890E-019 0.1931E-031 0.6627E-021 0.4546E-020 0.1491E-012 0.1590E-027 0.4219E-022 0.2429E-025 0.0000E+000 0.0000E+000
0.1642E+002 0.1000E+001 0.0000E+000 0.0000E+000 0.2250E+001 0.0000E+000 0.5789E-042 0.2550E-004 0.4566E-019 -.9695E-046 0.4182E-011 0.4609E-009 0.3538E-026 0.3511E-021 0.1456E-005 0.1699E-024 0.1522E-017 0.1137E-023 0.1611E-008 0.8944E-024 0.2893E-019 0.8975E-032 0.6583E-021 0.4572E-020 0.1491E-012 0.9204E-028 0.4272E-022 0.2505E-025 0.0000E+000 0.0000E+000
0.1641E+002 0.1000E+001 0.0000E+000 0.0000E+000 0.2250E+001 0.0000E+000 0.2424E-041 0.2550E-004 0.2123E-019 -.9738E-046 0.4182E-011 0.4609E-009 0.2604E-026 0.2151E-021 0.1456E-005 0.9086E-025 0.1522E-017 0.6584E-024 0.1611E-008 0.5177E-024 0.2896E-019 0.4172E-032 0.6549E-021 0.4597E-020 0.1491E-012 0.5329E-028 0.4326E-022 0.2582E-025 0.0000E+000 0.0000E+000
0.1640E+002 0.1000E+001 0.0000E+000 0.0000E+000 0.2250E+001 0.0000E+000 0.3075E-040 0.2550E-004 0.9869E-020 0.3983E-045 0.4182E-011 0.4609E-009 0.1917E-026 0.1318E-021 0.1456E-005 0.4861E-025 0.1522E-017 0.3814E-024 0.1611E-008 0.2997E-024 0.2899E-019 0.1940E-032 0.6523E-021 0.4622E-020 0.1491E-012 0.3086E-028 0.4379E-022 0.2660E-025 0.0000E+000 0.0000E+000
0.1639E+002 0.1000E+001 0.0000E+000 0.0000E+000 0.2250E+001 0.0000E+000 0.1547E-040 0.2550E-004 0.4590E-020 0.2265E-045 0.4182E-011 0.4609E-009 0.1412E-026 0.8078E-022 0.1456E-005 0.2601E-025 0.1522E-017 0.2210E-024 0.1611E-008 0.1735E-024 0.2902E-019 0.9022E-033 0.6503E-021 0.4646E-020 0.1491E-012 0.1788E-028 0.4433E-022 0.2738E-025 0.0000E+000 0.0000E+000
0.1638E+002 0.1000E+001 0.0000E+000 0.0000E+000 0.2250E+001 0.0000E+000 0.5354E-042 0.2550E-004 0.2135E-020 0.3240E-046 0.4182E-011 0.4609E-009 0.1039E-026 0.4951E-022 0.1456E-005 0.1392E-025 0.1522E-017 0.1281E-024 0.1611E-008 0.1005E-024 0.2905E-019 0.4197E-033 0.6488E-021 0.4671E-020 0.1491E-012 0.1036E-028 0.4487E-022 0.2818E-025 0.0000E+000 0.0000E+000
0.1637E+002 0.1000E+001 0.0000E+000 0.0000E+000 0.2250E+001 0.0000E+000 -.3936E-041 0.2550E-004 0.9935E-021 -.1795E-045 0.4182E-011 0.4609E-009 0.7653E-027 0.3035E-022 0.1456E-005 0.7453E-026 0.1522E-017 0.7428E-025 0.1611E-008 0.5823E-025 0.2908E-019 0.1953E-033 0.6477E-021 0.4694E-020 0.1491E-012 0.6002E-029 0.4540E-022 0.2899E-025 0.0000E+000 0.0000E+000
0.1636E+002 0.1000E+001 0.0000E+000 0.0000E+000 0.2250E+001 0.0000E+000 -.5362E-040 0.2550E-004 0.4624E-021 -.7628E-045 0.4182E-011 0.4609E-009 0.5636E-027 0.1860E-022 0.1456E-005 0.3991E-026 0.1522E-017 0.4308E-025 0.1611E-008 0.3374E-025 0.2911E-019 0.9088E-034 0.6468E-021 0.4718E-020 0.1491E-012 0.3479E-029 0.4594E-022 0.2981E-025 0.0000E+000 0.0000E+000
0.1635E+002 0.1000E+001 0.0000E+000 0.0000E+000 0.2250E+001 0.0000E+000 0.4091E-040 0.2550E-004 0.2153E-021 0.4983E-045 0.4182E-011 0.4609E-009 0.4151E-027 0.1141E-022 0.1456E-005 0.2138E-026 0.1522E-017 0.2499E-025 0.1611E-008 0.1955E-025 0.2913E-019 0.4231E-034 0.6462E-021 0.4741E-020 0.1491E-012 0.2017E-029 0.4648E-022 0.3063E-025 0.0000E+000 0.0000E+000
0.1634E+002 0.1000E+001 0.0000E+000 0.0000E+000 0.2250E+001 0.0000E+000 -.1884E-040 0.2550E-004 0.1002E-021 -.3895E-045 0.4182E-011 0.4609E-009 0.3057E-027 0.6995E-023 0.1456E-005 0.1146E-026 0.1522E-017 0.1450E-025 0.1611E-008 0.1133E-025 0.2916E-019 0.1970E-034 0.6458E-021 0.4763E-020 0.1491E-012 0.1170E-029 0.4702E-022 0.3147E-025 0.0000E+000 0.0000E+000
0.1633E+002 0.1000E+001 0.0000E+000 0.0000E+000 0.2250E+001 0.0000E+000 0.3200E-041 0.2550E-004 0.4669E-022 0.9472E-046 0.4182E-011 0.4609E-009 0.2252E-027 0.4290E-023 0.1456E-005 0.6139E-027 0.1522E-017 0.8415E-026 0.1611E-008 0.6572E-026 0.2919E-019 0.9175E-035 0.6456E-021 0.4785E-020 0.1491E-012 0.6786E-030 0.4755E-022 0.3231E-025 0.0000E+000 0.0000E+000
0.1632E+002 0.1000E+001 0.0000E+000 0.0000E+000 0.2250E+001 0.0000E+000 -.2932E-040 0.2550E-004 0.2175E-022 -.5492E-045 0.4182E-011 0.4609E-009 0.1659E-027 0.2631E-023 0.1456E-005 0.3291E-027 0.1522E-017 0.4885E-026 0.1611E-008 0.3811E-026 0.2922E-019 0.4274E-035 0.6454E-021 0.4807E-020 0.1491E-012 0.3938E-030 0.4809E-022 0.3317E-025 0.0000E+000 0.0000E+000
0.1631E+002 0.1000E+001 0.0000E+000 0.0000E+000 0.2250E+001 0.0000E+000 -.3580E-041 0.2550E-004 0.1014E-022 -.1583E-045 0.4182E-011 0.4609E-009 0.1223E-027 0.1614E-023 0.1456E-005 0.1765E-027 0.1522E-017 0.2837E-026 0.1611E-008 0.2211E-026 0.2925E-019 0.1992E-035 0.6454E-021 0.4829E-020 0.1491E-012 0.2285E-030 0.4863E-022 0.3403E-025 0.0000E+000 0.0000E+000
0.1630E+002 0.1000E+001 0.0000E+000 0.0000E+000 0.2250E+001 0.0000E+000 -.2395E-040 0.2550E-004 0.4726E-023 -.6360E-045 0.4182E-011 0.4609E-009 0.9009E-028 0.9904E-024 0.1456E-005 0.9467E-028 0.1521E-017 0.1648E-026 0.1611E-008 0.1283E-026 0.2928E-019 0.9283E-036 0.6454E-021 0.4850E-020 0.1491E-012 0.1327E-030 0.4917E-022 0.3490E-025 0.0000E+000 0.0000E+000
0.1629E+002 0.1000E+001 0.0000E+000 0.0000E+000 0.2250E+001 0.0000E+000 0.5108E-040 0.2550E-004 0.2204E-023 0.1045E-044 0.4182E-011 0.4609E-009 0.6639E-028 0.6078E-024 0.1456E-005 0.5079E-028 0.1521E-017 0.9575E-027 0.1611E-008 0.7443E-027 0.2931E-019 0.4328E-036 0.6455E-021 0.4871E-020 0.1491E-012 0.7703E-031 0.4971E-022 0.3579E-025 0.0000E+000 0.0000E+000
0.1628E+002 0.1000E+001 0.0000E+000 0.0000E+000 0.2250E+001 0.0000E+000 0.3533E-041 0.2550E-004 0.1028E-023 0.2087E-045 0.4182E-011 0.4609E-009 0.4893E-028 0.3730E-024 0.1456E-005 0.2726E-028 0.1521E-017 0.5565E-027 0.1611E-008 0.4320E-027 0.2934E-019 0.2018E-036 0.6457E-021 0.4892E-020 0.1491E-012 0.4474E-031 0.5025E-022 0.3668E-025 0.0000E+000 0.0000E+000
0.1627E+002 0.1000E+001 0.0000E+000 0.0000E+000 0.2250E+001 0.0000E+000 0.4636E-041 0.2550E-004 0.4795E-024 0.1439E-045 0.4182E-011 0.4609E-009 0.3606E-028 0.2290E-024 0.1456E-005 0.1463E-028 0.1521E-017 0.3235E-027 0.1611E-008 0.2508E-027 0.2937E-019 0.9413E-037 0.6459E-021 0.4912E-020 0.1491E-012 0.2599E-031 0.5079E-022 0.3758E-025 0.0000E+000 0.0000E+000
0.1626E+002 0.1000E+001 0.0000E+000 0.0000E+000 0.2250E+001 0.0000E+000 0.1171E-040 0.2550E-004 0.2238E-024 0.2602E-045 0.4182E-011 0.4609E-009 0.2658E-028 0.1406E-024 0.1456E-005 0.7858E-029 0.1521E-017 0.1881E-027 0.1611E-008 0.1456E-027 0.2940E-019 0.4392E-037 0.6461E-021 0.4932E-020 0.1491E-012 0.1510E-031 0.5133E-022 0.3849E-025 0.0000E+000 0.0000E+000
0.1625E+002 0.1000E+001 0.0000E+000 0.0000E+000 0.2250E+001 0.0000E+000 0.7578E-041 0.2550E-004 0.1045E-024 0.6732E-046 0.4182E-011 0.4609E-009 0.1960E-028 0.8631E-025 0.1456E-005 0.4221E-029 0.1521E-017 0.1094E-027 0.1611E-008 0.8458E-028 0.2942E-019 0.2049E-037 0.6463E-021 0.4952E-020 0.1491E-012 0.8780E-032 0.5188E-022 0.3941E-025 0.0000E+000 0.0000E+000
0.1624E+002 0.1000E+001 0.0000E+000 0.0000E+000 0.2250E+001 0.0000E+000 0.3409E-040 0.2550E-004 0.4880E-025 0.4820E-045 0.4182E-011 0.4609E-009 0.1445E-028 0.5300E-025 0.1456E-005 0.2268E-029 0.1521E-017 0.6369E-028 0.1611E-008 0.4913E-028 0.2945E-019 0.9566E-038 0.6466E-021 0.4971E-020 0.1491E-012 0.5105E-032 0.5242E-022 0.4034E-025 0.0000E+000 0.0000E+000
0.1623E+002 0.1000E+001 0.0000E+000 0.0000E+000 0.2250E+001 0.0000E+000 -.3461E-040 0.2550E-004 0.2280E-025 -.4568E-045 0.4182E-011 0.4609E-009 0.1066E-028 0.3255E-025 0.1456E-005 0.1219E-029 0.1521E-017 0.3707E-028 0.1611E-008 0.2855E-028 0.2948E-019 0.4466E-038 0.6469E-021 0.4990E-020 0.1491E-012 0.2969E-032 0.5296E-022 0.4128E-025 0.0000E+000 0.0000E+000
0.1622E+002 0.1000E+001 0.0000E+000 0.0000E+000 0.2250E+001 0.0000E+000 -.8811E-041 0.2550E-004 0.1066E-025 -.3463E-045 0.4182E-011 0.4609E-009 0.7857E-029 0.2000E-025 0.1456E-005 0.6552E-030 0.1521E-017 0.2158E-028 0.1611E-008 0.1659E-028 0.2951E-019 0.2086E-038 0.6472E-021 0.5009E-020 0.1491E-012 0.1727E-032 0.5350E-022 0.4222E-025 0.0000E+000 0.0000E+000
0.1621E+002 0.1000E+001 0.0000E+000 0.0000E+000 0.2250E+001 0.0000E+000 0.1068E-041 0.2550E-004 0.4983E-026 0.1698E-045 0.4182E-011 0.4609E-009 0.5795E-029 0.1229E-025 0.1456E-005 0.3524E-030 0.1521E-017 0.1257E-028 0.1611E-008 0.9644E-029 0.2954E-019 0.9743E-039 0.6475E-021 0.5027E-020 0.1491E-012 0.1005E-032 0.5404E-022 0.4318E-025 0.0000E+000 0.0000E+000
0.1620E+002 0.1000E+001 0.0000E+000 0.0000E+000 0.2250E+001 0.0000E+000 0.2141E-040 0.2550E-004 0.2331E-026 0.4603E-045 0.4182E-011 0.4609E-009 0.4274E-029 0.7549E-026 0.1456E-005 0.1895E-030 0.1521E-017 0.7324E-029 0.1611E-008 0.5607E-029 0.2957E-019 0.4552E-039 0.6478E-021 0.5045E-020 0.1491E-012 0.5849E-033 0.5459E-022 0.4415E-025 0.0000E+000 0.0000E+000
0.1619E+002 0.1000E+001 0.0000E+000 0.0000E+000 0.2250E+001 0.0000E+000 0.7606E-042 0.2550E-004 0.1091E-026 0.4960E-046 0.4182E-011 0.4609E-009 0.3153E-029 0.4639E-026 0.1456E-005 0.1020E-030 0.1521E-017 0.4269E-029 0.1611E-008 0.3261E-029 0.2960E-019 0.2127E-039 0.6481E-021 0.5063E-020 0.1491E-012 0.3406E-033 0.5513E-022 0.4512E-025 0.0000E+000 0.0000E+000
0.1618E+002 0.1000E+001 0.0000E+000 0.0000E+000 0.2250E+001 0.0000E+000 -.1323E-040 0.2550E-004 0.5112E-027 -.2699E-045 0.4182E-011 0.4609E-009 0.2326E-029 0.2852E-026 0.1456E-005 0.5490E-031 0.1521E-017 0.2489E-029 0.1611E-008 0.1897E-029 0.2963E-019 0.9945E-040 0.6484E-021 0.5081E-020 0.1491E-012 0.1983E-033 0.5568E-022 0.4611E-025 0.0000E+000 0.0000E+000
0.1617E+002 0.1000E+001 0.0000E+000 0.0000E+000 0.2250E+001 0.0000E+000 -.1414E-040 0.2550E-004 0.2396E-027 -.3061E-045 0.4182E-011 0.4609E-009 0.1716E-029 0.1753E-026 0.1456E-005 0.2956E-031 0.1521E-017 0.1451E-029 0.1611E-008 0.1103E-029 0.2966E-019 0.4650E-040 0.6488E-021 0.5098E-020 0.1491E-012 0.1155E-033 0.5622E-022 0.4710E-025 0.0000E+000 0.0000E+000
0.1616E+002 0.1000E+001 0.0000E+000 0.0000E+000 0.2250E+001 0.0000E+000 -.6694E-041 0.2550E-004 0.1124E-027 -.6509E-046 0.4182E-011 0.4609E-009 0.1266E-029 0.1078E-026 0.1456E-005 0.1592E-031 0.1521E-017 0.8467E-030 0.1611E-008 0.6421E-030 0.2968E-019 0.2175E-040 0.6491E-021 0.5115E-020 0.1491E-012 0.6733E-034 0.5676E-022 0.4811E-025 0.0000E+000 0.0000E+000
0.1615E+002 0.1000E+001 0.0000E+000 0.0000E+000 0.2250E+001 0.0000E+000 0.1103E-040 0.2550E-004 0.5280E-028 0.8911E-046 0.4182E-011 0.4609E-009 0.9345E-030 0.6629E-027 0.1456E-005 0.8577E-032 0.1521E-017 0.4941E-030 0.1611E-008 0.3737E-030 0.2971E-019 0.1017E-040 0.6494E-021 0.5132E-020 0.1491E-012 0.3925E-034 0.5731E-022 0.4912E-025 0.0000E+000 0.0000E+000
0.1614E+002 0.1000E+001 0.0000E+000 0.0000E+000 0.2250E+001 0.0000E+000 0.4947E-040 0.2550E-004 0.2483E-028 0.9257E-045 0.4182E-011 0.4609E-009 0.6896E-030 0.4077E-027 0.1456E-005 0.4623E-032 0.1521E-017 0.2885E-030 0.1611E-008 0.2176E-030 0.2974E-019 0.4760E-041 0.6498E-021 0.5148E-020 0.1491E-012 0.2289E-034 0.5785E-022 0.5014E-025 0.0000E+000 0.0000E+000
0.1613E+002 0.1000E+001 0.0000E+000 0.0000E+000 0.2250E+001 0.0000E+000 0.3091E-040 0.2550E-004 0.1169E-028 0.7867E-045 0.4182E-011 0.4609E-009 0.5090E-030 0.2508E-027 0.1456E-005 0.2492E-032 0.1521E-017 0.1685E-030 0.1611E-008 0.1267E-030 0.2977E-019 0.2228E-041 0.6501E-021 0.5164E-020 0.1491E-012 0.1335E-034 0.5840E-022 0.5117E-025 0.0000E+000 0.0000E+000
0.1612E+002 0.1000E+001 0.0000E+000 0.0000E+000 0.2250E+001 0.0000E+000 0.6740E-041 0.2550E-004 0.5516E-029 0.5489E-046 0.4182E-011 0.4609E-009 0.3757E-030 0.1543E-027 0.1456E-005 0.1344E-032 0.1521E-017 0.9844E-031 0.1611E-008 0.7379E-031 0.2980E-019 0.1043E-041 0.6504E-021 0.5180E-020 0.1491E-012 0.7788E-035 0.5895E-022 0.5222E-025 0.0000E+000 0.0000E+000
0.1611E+002 0.1000E+001 0.0000E+000 0.0000E+000 0.2250E+001 0.0000E+000 0.7927E-041 0.2550E-004 0.2608E-029 0.1324E-045 0.4182E-011 0.4609E-009 0.2774E-030 0.9494E-028 0.1456E-005 0.7251E-033 0.1521E-017 0.5753E-031 0.1611E-008 0.4298E-031 0.2983E-019 0.4884E-042 0.6508E-021 0.5196E-020 0.1491E-012 0.4546E-035 0.5949E-022 0.5327E-025 0.0000E+000 0.0000E+000
0.1610E+002 0.1000E+001 0.0000E+000 0.0000E+000 0.2250E+001 0.0000E+000 -.1289E-041 0.2550E-004 0.1236E-029 0.2980E-046 0.4182E-011 0.4609E-009 0.2048E-030 0.5843E-028 0.1456E-005 0.3913E-033 0.1521E-017 0.3364E-031 0.1611E-008 0.2505E-031 0.2986E-019 0.2287E-042 0.6511E-021 0.5212E-020 0.1491E-012 0.2654E-035 0.6004E-022 0.5433E-025 0.0000E+000 0.0000E+000
0.1609E+002 0.1000E+001 0.0000E+000 0.0000E+000 0.2250E+001 0.0000E+000 0.1435E-040 0.2550E-004 0.5874E-030 0.9652E-046 0.4182E-011 0.4609E-009 0.1512E-030 0.3596E-028 0.1456E-005 0.2113E-033 0.1521E-017 0.1968E-031 0.1611E-008 0.1460E-031 0.2989E-019 0.1072E-042 0.6515E-021 0.5227E-020 0.1491E-012 0.1550E-035 0.6059E-022 0.5539E-025 0.0000E+000 0.0000E+000
0.1608E+002 0.1000E+001 0.0000E+000 0.0000E+000 0.2250E+001 0.0000E+000 -.7981E-040 0.2550E-004 0.2802E-030 -.1333E-044 0.4182E-011 0.4609E-009 0.1117E-030 0.2214E-028 0.1456E-005 0.1141E-033 0.1521E-017 0.1151E-031 0.1611E-008 0.8508E-032 0.2992E-019 0.5022E-043 0.6518E-021 0.5242E-020 0.1491E-012 0.9055E-036 0.6113E-022 0.5647E-025 0.0000E+000 0.0000E+000
0.1607E+002 0.1000E+001 0.0000E+000 0.0000E+000 0.2250E+001 0.0000E+000 -.4170E-040 0.2550E-004 0.1343E-030 -.7153E-045 0.4182E-011 0.4609E-009 0.8247E-031 0.1363E-028 0.1456E-005 0.6165E-034 0.1521E-017 0.6740E-032 0.1611E-008 0.4961E-032 0.2994E-019 0.2354E-043 0.6521E-021 0.5257E-020 0.1491E-012 0.5292E-036 0.6168E-022 0.5756E-025 0.0000E+000 0.0000E+000
0.1606E+002 0.1000E+001 0.0000E+000 0.0000E+000 0.2250E+001 0.0000E+000 -.1273E-040 0.2550E-004 0.6465E-031 -.2933E-045 0.4182E-011 0.4609E-009 0.6091E-031 0.8394E-029 0.1456E-005 0.3333E-034 0.1521E-017 0.3948E-032 0.1611E-008 0.2893E-032 0.2997E-019 0.1104E-043 0.6525E-021 0.5271E-020 0.1491E-012 0.3094E-036 0.6223E-022 0.5866E-025 0.0000E+000 0.0000E+000
0.1605E+002 0.1000E+001 0.0000E+000 0.0000E+000 0.2250E+001 0.0000E+000 0.2854E-040 0.2550E-004 0.3132E-031 0.4728E-045 0.4182E-011 0.4609E-009 0.4499E-031 0.5170E-029 0.1456E-005 0.1802E-034 0.1521E-017 0.2313E-032 0.1611E-008 0.1687E-032 0.3000E-019 0.5175E-044 0.6528E-021 0.5285E-020 0.1491E-012 0.1809E-036 0.6278E-022 0.5977E-025 0.0000E+000 0.0000E+000
0.1604E+002 0.1000E+001 0.0000E+000 0.0000E+000 0.2250E+001 0.0000E+000 -.2687E-040 0.2550E-004 0.1528E-031 -.6175E-045 0.4182E-011 0.4609E-009 0.3324E-031 0.3185E-029 0.1456E-005 0.9748E-035 0.1521E-017 0.1356E-032 0.1611E-008 0.9845E-033 0.3003E-019 0.2428E-044 0.6532E-021 0.5300E-020 0.1491E-012 0.1058E-036 0.6332E-022 0.6088E-025 0.0000E+000 0.0000E+000
0.1603E+002 0.1000E+001 0.0000E+000 0.0000E+000 0.2250E+001 0.0000E+000 0.4809E-041 0.2550E-004 0.7516E-032 -.1770E-045 0.4182E-011 0.4609E-009 0.2456E-031 0.1962E-029 0.1456E-005 0.5275E-035 0.1521E-017 0.7950E-033 0.1611E-008 0.5745E-033 0.3006E-019 0.1139E-044 0.6535E-021 0.5313E-020 0.1491E-012 0.6194E-037 0.6387E-022 0.6201E-025 0.0000E+000 0.0000E+000
0.1602E+002 0.1000E+001 0.0000E+000 0.0000E+000 0.2250E+001 0.0000E+000 0.4498E-040 0.2550E-004 0.3731E-032 0.8179E-045 0.4182E-011 0.4609E-009 0.1814E-031 0.1209E-029 0.1456E-005 0.2856E-035 0.1521E-017 0.4664E-033 0.1611E-008 0.3353E-033 0.3009E-019 0.5345E-045 0.6539E-021 0.5327E-020 0.1491E-012 0.3627E-037 0.6442E-022 0.6314E-025 0.0000E+000 0.0000E+000
0.1601E+002 0.1000E+001 0.0000E+000 0.0000E+000 0.2250E+001 0.0000E+000 0.3273E-040 0.2550E-004 0.1871E-032 0.7461E-045 0.4182E-011 0.4609E-009 0.1341E-031 0.7451E-030 0.1456E-005 0.1547E-035 0.1521E-017 0.2738E-033 0.1611E-008 0.1957E-033 0.3012E-019 0.2509E-045 0.6542E-021 0.5340E-020 0.1491E-012 0.2124E-037 0.6497E-022 0.6429E-025 0.0000E+000 0.0000E+000
0.1600E+002 0.1000E+001 0.0000E+000 0.0000E+000 0.2250E+001 0.0000E+000 0.4987E-039 0.2550E-004 0.9487E-033 0.1245E-043 0.4182E-011 0.4609E-009 0.9909E-032 0.4592E-030 0.1456E-005 0.8381E-036 0.1521E-017 0.1608E-033 0.1611E-008 0.1143E-033 0.3015E-019 0.1177E-045 0.6546E-021 0.5354E-020 0.1491E-012 0.1244E-037 0.6552E-022 0.6544E-025 0.0000E+000 0.0000E+000
0.1599E+002 0.1000E+001 0.0000E+000 0.0000E+000 0.2250E+001 0.0000E+000 0.1394E-040 0.2550E-004 0.4869E-033 0.1146E-044 0.4182E-011 0.4609E-009 0.7324E-032 0.2831E-030 0.1456E-005 0.4542E-036 0.1521E-017 0.9443E-034 0.1611E-008 0.6673E-034 0.3017E-019 0.5523E-046 0.6549E-021 0.5367E-020 0.1491E-012 0.7292E-038 0.6607E-022 0.6660E-025 0.0000E+000 0.0000E+000
0.1598E+002 0.1000E+001 0.0000E+000 0.0000E+000 0.2250E+001 0.0000E+000 -.8561E-039 0.2550E-004 0.2531E-033 -.1576E-043 0.4182E-011 0.4609E-009 0.5413E-032 0.1745E-030 0.1456E-005 0.2463E-036 0.1521E-017 0.5550E-034 0.1611E-008 0.3897E-034 0.3020E-019 0.2592E-046 0.6553E-021 0.5380E-020 0.1491E-012 0.4275E-038 0.6662E-022 0.6777E-025 0.0000E+000 0.0000E+000
0.1597E+002 0.1000E+001 0.0000E+000 0.0000E+000 0.2250E+001 0.0000E+000 -.1069E-039 0.2550E-004 0.1333E-033 -.2061E-044 0.4182E-011 0.4609E-009 0.4002E-032 0.1076E-030 0.1456E-005 0.1336E-036 0.1521E-017 0.3263E-034 0.1611E-008 0.2277E-034 0.3023E-019 0.1217E-046 0.6556E-021 0.5392E-020 0.1491E-012 0.2507E-038 0.6717E-022 0.6896E-025 0.0000E+000 0.0000E+000
0.1596E+002 0.1000E+001 0.0000E+000 0.0000E+000 0.2250E+001 0.0000E+000 0.6307E-039 0.2550E-004 0.7119E-034 0.6654E-044 0.4182E-011 0.4609E-009 0.2958E-032 0.6635E-031 0.1456E-005 0.7253E-037 0.1520E-017 0.1920E-034 0.1611E-008 0.1330E-034 0.3026E-019 0.5716E-047 0.6560E-021 0.5405E-020 0.1491E-012 0.1471E-038 0.6773E-022 0.7015E-025 0.0000E+000 0.0000E+000
0.1595E+002 0.1000E+001 0.0000E+000 0.0000E+000 0.2250E+001 0.0000E+000 0.3358E-039 0.2550E-004 0.3850E-034 0.1358E-043 0.4182E-011 0.4609E-009 0.2187E-032 0.4092E-031 0.1456E-005 0.3939E-037 0.1520E-017 0.1130E-034 0.1611E-008 0.7774E-035 0.3029E-019 0.2685E-047 0.6563E-021 0.5417E-020 0.1491E-012 0.8636E-039 0.6828E-022 0.7135E-025 0.0000E+000 0.0000E+000
0.1594E+002 0.1000E+001 0.0000E+000 0.0000E+000 0.2250E+001 0.0000E+000 0.4030E-039 0.2550E-004 0.2108E-034 0.7480E-044 0.4182E-011 0.4609E-009 0.1618E-032 0.2525E-031 0.1456E-005 0.2140E-037 0.1520E-017 0.6656E-035 0.1611E-008 0.4544E-035 0.3032E-019 0.1262E-047 0.6567E-021 0.5429E-020 0.1491E-012 0.5071E-039 0.6883E-022 0.7256E-025 0.0000E+000 0.0000E+000
0.1593E+002 0.1000E+001 0.0000E+000 0.0000E+000 0.2250E+001 0.0000E+000 0.4719E-039 0.2550E-004 0.1168E-034 0.7572E-044 0.4182E-011 0.4609E-009 0.1196E-032 0.1558E-031 0.1456E-005 0.1164E-037 0.1520E-017 0.3923E-035 0.1611E-008 0.2657E-035 0.3035E-019 0.5929E-048 0.6570E-021 0.5441E-020 0.1491E-012 0.2980E-039 0.6938E-022 0.7377E-025 0.0000E+000 0.0000E+000
0.1592E+002 0.1000E+001 0.0000E+000 0.0000E+000 0.2250E+001 0.0000E+000 0.3667E-039 0.2550E-004 0.6536E-035 0.5852E-044 0.4182E-011 0.4609E-009 0.8847E-033 0.9612E-032 0.1456E-005 0.6332E-038 0.1520E-017 0.2313E-035 0.1611E-008 0.1554E-035 0.3037E-019 0.2787E-048 0.6574E-021 0.5452E-020 0.1491E-012 0.1751E-039 0.6993E-022 0.7500E-025 0.0000E+000 0.0000E+000
0.1591E+002 0.1000E+001 0.0000E+000 0.0000E+000 0.2250E+001 0.0000E+000 -.3062E-039 0.2550E-004 0.3694E-035 -.4922E-044 0.4182E-011 0.4609E-009 0.6544E-033 0.5932E-032 0.1456E-005 0.3447E-038 0.1520E-017 0.1365E-035 0.1611E-008 0.9088E-036 0.3040E-019 0.1311E-048 0.6577E-021 0.5464E-020 0.1491E-012 0.1030E-039 0.7049E-022 0.7624E-025 0.0000E+000 0.0000E+000
0.1590E+002 0.1000E+001 0.0000E+000 0.0000E+000 0.2250E+001 0.0000E+000 -.2250E-039 0.2550E-004 0.2105E-035 -.2281E-044 0.4182E-011 0.4609E-009 0.4841E-033 0.3662E-032 0.1456E-005 0.1878E-038 0.1520E-017 0.8057E-036 0.1611E-008 0.5317E-036 0.3043E-019 0.6164E-049 0.6581E-021 0.5475E-020 0.1491E-012 0.6061E-040 0.7104E-022 0.7749E-025 0.0000E+000 0.0000E+000
0.1589E+002 0.1000E+001 0.0000E+000 0.0000E+000 0.2250E+001 0.0000E+000 0.1808E-039 0.2550E-004 0.1209E-035 0.4947E-044 0.4182E-011 0.4609E-009 0.3581E-033 0.2261E-032 0.1456E-005 0.1024E-038 0.1520E-017 0.4759E-036 0.1611E-008 0.3112E-036 0.3046E-019 0.2900E-049 0.6584E-021 0.5486E-020 0.1491E-012 0.3568E-040 0.7159E-022 0.7874E-025 0.0000E+000 0.0000E+000
0.1588E+002 0.1000E+001 0.0000E+000 0.0000E+000 0.2250E+001 0.0000E+000 0.7906E-039 0.2550E-004 0.6983E-036 0.1047E-043 0.4182E-011 0.4609E-009 0.2650E-033 0.1396E-032 0.1456E-005 0.5584E-039 0.1520E-017 0.2813E-036 0.1611E-008 0.1821E-036 0.3049E-019 0.1364E-049 0.6588E-021 0.5497E-020 0.1491E-012 0.2101E-040 0.7215E-022 0.8001E-025 0.0000E+000 0.0000E+000
0.1587E+002 0.1000E+001 0.0000E+000 0.0000E+000 0.2250E+001 0.0000E+000 -.4673E-039 0.2550E-004 0.4057E-036 -.5072E-044 0.4182E-011 0.4609E-009 0.1961E-033 0.8620E-033 0.1456E-005 0.3048E-039 0.1520E-017 0.1664E-036 0.1611E-008 0.1066E-036 0.3052E-019 0.6422E-050 0.6591E-021 0.5508E-020 0.1491E-012 0.1238E-040 0.7270E-022 0.8128E-025 0.0000E+000 0.0000E+000
0.1586E+002 0.1000E+001 0.0000E+000 0.0000E+000 0.2250E+001 0.0000E+000 -.5880E-039 0.2550E-004 0.2368E-036 -.1366E-043 0.4182E-011 0.4609E-009 0.1451E-033 0.5324E-033 0.1456E-005 0.1665E-039 0.1520E-017 0.9849E-037 0.1611E-008 0.6243E-037 0.3055E-019 0.3023E-050 0.6595E-021 0.5518E-020 0.1491E-012 0.7300E-041 0.7326E-022 0.8257E-025 0.0000E+000 0.0000E+000
0.1585E+002 0.1000E+001 0.0000E+000 0.0000E+000 0.2250E+001 0.0000E+000 0.5777E-040 0.2550E-004 0.1387E-036 0.6871E-046 0.4182E-011 0.4609E-009 0.1074E-033 0.3289E-033 0.1456E-005 0.9105E-040 0.1520E-017 0.5833E-037 0.1611E-008 0.3657E-037 0.3057E-019 0.1424E-050 0.6598E-021 0.5529E-020 0.1491E-012 0.4306E-041 0.7381E-022 0.8386E-025 0.0000E+000 0.0000E+000
0.1584E+002 0.1000E+001 0.0000E+000 0.0000E+000 0.2250E+001 0.0000E+000 0.3755E-039 0.2550E-004 0.8159E-037 -.7763E-045 0.4182E-011 0.4609E-009 0.7949E-034 0.2032E-033 0.1456E-005 0.4982E-040 0.1520E-017 0.3457E-037 0.1611E-008 0.2142E-037 0.3060E-019 0.6706E-051 0.6602E-021 0.5539E-020 0.1491E-012 0.2542E-041 0.7437E-022 0.8516E-025 0.0000E+000 0.0000E+000
0.1583E+002 0.1000E+001 0.0000E+000 0.0000E+000 0.2250E+001 0.0000E+000 -.1043E-039 0.2550E-004 0.4812E-037 -.2917E-044 0.4182E-011 0.4609E-009 0.5884E-034 0.1256E-033 0.1456E-005 0.2728E-040 0.1520E-017 0.2050E-037 0.1611E-008 0.1255E-037 0.3063E-019 0.3160E-051 0.6605E-021 0.5549E-020 0.1491E-012 0.1501E-041 0.7492E-022 0.8648E-025 0.0000E+000 0.0000E+000
0.1582E+002 0.1000E+001 0.0000E+000 0.0000E+000 0.2250E+001 0.0000E+000 0.3841E-039 0.2550E-004 0.2845E-037 0.6140E-044 0.4182E-011 0.4609E-009 0.4356E-034 0.7761E-034 0.1456E-005 0.1495E-040 0.1520E-017 0.1217E-037 0.1611E-008 0.7356E-038 0.3066E-019 0.1489E-051 0.6609E-021 0.5559E-020 0.1491E-012 0.8870E-042 0.7548E-022 0.8780E-025 0.0000E+000 0.0000E+000
0.1581E+002 0.1000E+001 0.0000E+000 0.0000E+000 0.2250E+001 0.0000E+000 0.7610E-039 0.2550E-004 0.1686E-037 0.1854E-043 0.4182E-011 0.4609E-009 0.3225E-034 0.4798E-034 0.1456E-005 0.8204E-041 0.1520E-017 0.7228E-038 0.1611E-008 0.4312E-038 0.3069E-019 0.7018E-052 0.6613E-021 0.5569E-020 0.1491E-012 0.5244E-042 0.7604E-022 0.8913E-025 0.0000E+000 0.0000E+000
0.1580E+002 0.1000E+001 0.0000E+000 0.0000E+000 0.2250E+001 0.0000E+000 -.5478E-039 0.2550E-004 0.1001E-037 -.7832E-044 0.4182E-011 0.4609E-009 0.2388E-034 0.2966E-034 0.1456E-005 0.4505E-041 0.1520E-017 0.4296E-038 0.1611E-008 0.2528E-038 0.3072E-019 0.3309E-052 0.6616E-021 0.5579E-020 0.1491E-012 0.3103E-042 0.7659E-022 0.9047E-025 0.0000E+000 0.0000E+000
0.1579E+002 0.1000E+001 0.0000E+000 0.0000E+000 0.2250E+001 0.0000E+000 0.2961E-039 0.2550E-004 0.5952E-038 0.2566E-044 0.4182E-011 0.4609E-009 0.1769E-034 0.1834E-034 0.1456E-005 0.2476E-041 0.1520E-017 0.2555E-038 0.1611E-008 0.1483E-038 0.3075E-019 0.1561E-052 0.6620E-021 0.5588E-020 0.1491E-012 0.1837E-042 0.7715E-022 0.9182E-025 0.0000E+000 0.0000E+000
0.1578E+002 0.1000E+001 0.0000E+000 0.0000E+000 0.2250E+001 0.0000E+000 -.8091E-040 0.2550E-004 0.3546E-038 0.3884E-044 0.4182E-011 0.4609E-009 0.1310E-034 0.1134E-034 0.1456E-005 0.1362E-041 0.1520E-017 0.1521E-038 0.1611E-008 0.8697E-039 0.3077E-019 0.7362E-053 0.6623E-021 0.5597E-020 0.1491E-012 0.1088E-042 0.7771E-022 0.9318E-025 0.0000E+000 0.0000E+000
0.1577E+002 0.1000E+001 0.0000E+000 0.0000E+000 0.2250E+001 0.0000E+000 -.3018E-039 0.2550E-004 0.2115E-038 -.2078E-044 0.4182E-011 0.4609E-009 0.9703E-035 0.7016E-035 0.1456E-005 0.7504E-042 0.1520E-017 0.9062E-039 0.1611E-008 0.5103E-039 0.3080E-019 0.3473E-053 0.6627E-021 0.5607E-020 0.1491E-012 0.6448E-043 0.7826E-022 0.9455E-025 0.0000E+000 0.0000E+000
0.1576E+002 0.1000E+001 0.0000E+000 0.0000E+000 0.2250E+001 0.0000E+000 -.1071E-039 0.2550E-004 0.1263E-038 -.4273E-044 0.4182E-011 0.4609E-009 0.7188E-035 0.4340E-035 0.1456E-005 0.4137E-042 0.1520E-017 0.5402E-039 0.1611E-008 0.2994E-039 0.3083E-019 0.1639E-053 0.6630E-021 0.5616E-020 0.1491E-012 0.3825E-043 0.7882E-022 0.9592E-025 0.0000E+000 0.0000E+000
0.1575E+002 0.1000E+001 0.0000E+000 0.0000E+000 0.2250E+001 0.0000E+000 -.2854E-039 0.2550E-004 0.7555E-039 -.8222E-044 0.4182E-011 0.4609E-009 0.5325E-035 0.2686E-035 0.1456E-005 0.2284E-042 0.1520E-017 0.3223E-039 0.1611E-008 0.1758E-039 0.3086E-019 0.7739E-054 0.6634E-021 0.5625E-020 0.1491E-012 0.2270E-043 0.7938E-022 0.9731E-025 0.0000E+000 0.0000E+000
0.1574E+002 0.1000E+001 0.0000E+000 0.0000E+000 0.2250E+001 0.0000E+000 0.2546E-039 0.2550E-004 0.4523E-039 0.4831E-044 0.4182E-011 0.4609E-009 0.3945E-035 0.1662E-035 0.1456E-005 0.1262E-042 0.1520E-017 0.1925E-039 0.1611E-008 0.1032E-039 0.3089E-019 0.3654E-054 0.6638E-021 0.5633E-020 0.1491E-012 0.1348E-043 0.7994E-022 0.9871E-025 0.0000E+000 0.0000E+000
0.1573E+002 0.1000E+001 0.0000E+000 0.0000E+000 0.2250E+001 0.0000E+000 0.5369E-039 0.2550E-004 0.2711E-039 0.1220E-043 0.4182E-011 0.4609E-009 0.2923E-035 0.1029E-035 0.1456E-005 0.6982E-043 0.1520E-017 0.1150E-039 0.1611E-008 0.6059E-040 0.3092E-019 0.1726E-054 0.6641E-021 0.5642E-020 0.1491E-012 0.8012E-044 0.8050E-022 0.1001E-024 0.0000E+000 0.0000E+000
0.1572E+002 0.1000E+001 0.0000E+000 0.0000E+000 0.2250E+001 0.0000E+000 -.5305E-039 0.2550E-004 0.1627E-039 -.6008E-045 0.4182E-011 0.4609E-009 0.2166E-035 0.6367E-036 0.1456E-005 0.3867E-043 0.1520E-017 0.6880E-040 0.1611E-008 0.3559E-040 0.3094E-019 0.8153E-055 0.6645E-021 0.5650E-020 0.1491E-012 0.4765E-044 0.8106E-022 0.1015E-024 0.0000E+000 0.0000E+000
0.1571E+002 0.1000E+001 0.0000E+000 0.0000E+000 0.2250E+001 0.0000E+000 -.8411E-040 0.2550E-004 0.9771E-040 -.4222E-044 0.4182E-011 0.4609E-009 0.1606E-035 0.3942E-036 0.1456E-005 0.2145E-043 0.1520E-017 0.4119E-040 0.1611E-008 0.2091E-040 0.3097E-019 0.3853E-055 0.6648E-021 0.5659E-020 0.1491E-012 0.2836E-044 0.8162E-022 0.1030E-024 0.0000E+000 0.0000E+000
0.1570E+002 0.1000E+001 0.0000E+000 0.0000E+000 0.2250E+001 0.0000E+000 0.4507E-039 0.2550E-004 0.5874E-040 0.5320E-044 0.4182E-011 0.4609E-009 0.1190E-035 0.2441E-036 0.1456E-005 0.1191E-043 0.1520E-017 0.2468E-040 0.1611E-008 0.1228E-040 0.3100E-019 0.1821E-055 0.6652E-021 0.5667E-020 0.1491E-012 0.1689E-044 0.8218E-022 0.1044E-024 0.0000E+000 0.0000E+000
0.1569E+002 0.1000E+001 0.0000E+000 0.0000E+000 0.2250E+001 0.0000E+000 0.3686E-039 0.2550E-004 0.3535E-040 0.1251E-043 0.4182E-011 0.4609E-009 0.8822E-036 0.1512E-036 0.1456E-005 0.6622E-044 0.1520E-017 0.1480E-040 0.1611E-008 0.7220E-041 0.3103E-019 0.8610E-056 0.6656E-021 0.5675E-020 0.1491E-012 0.1007E-044 0.8274E-022 0.1058E-024 0.0000E+000 0.0000E+000
0.1568E+002 0.1000E+001 0.0000E+000 0.0000E+000 0.2250E+001 0.0000E+000 0.2621E-039 0.2550E-004 0.2130E-040 0.5767E-044 0.4182E-011 0.4609E-009 0.6540E-036 0.9365E-037 0.1456E-005 0.3686E-044 0.1520E-017 0.8880E-041 0.1611E-008 0.4244E-041 0.3106E-019 0.4071E-056 0.6659E-021 0.5683E-020 0.1491E-012 0.6006E-045 0.8330E-022 0.1073E-024 0.0000E+000 0.0000E+000
0.1567E+002 0.1000E+001 0.0000E+000 0.0000E+000 0.2250E+001 0.0000E+000 -.2647E-039 0.2550E-004 0.1284E-040 -.4233E-044 0.4182E-011 0.4609E-009 0.4849E-036 0.5802E-037 0.1456E-005 0.2055E-044 0.1520E-017 0.5334E-041 0.1611E-008 0.2496E-041 0.3109E-019 0.1926E-056 0.6663E-021 0.5691E-020 0.1491E-012 0.3585E-045 0.8386E-022 0.1087E-024 0.0000E+000 0.0000E+000
0.1566E+002 0.1000E+001 0.0000E+000 0.0000E+000 0.2250E+001 0.0000E+000 0.6060E-039 0.2550E-004 0.7749E-041 0.9917E-044 0.4182E-011 0.4609E-009 0.3596E-036 0.3595E-037 0.1456E-005 0.1147E-044 0.1520E-017 0.3206E-041 0.1611E-008 0.1468E-041 0.3112E-019 0.9112E-057 0.6666E-021 0.5699E-020 0.1491E-012 0.2142E-045 0.8442E-022 0.1102E-024 0.0000E+000 0.0000E+000
0.1565E+002 0.1000E+001 0.0000E+000 0.0000E+000 0.2250E+001 0.0000E+000 -.4865E-040 0.2550E-004 0.4681E-041 0.3083E-044 0.4182E-011 0.4609E-009 0.2667E-036 0.2228E-037 0.1456E-005 0.6414E-045 0.1520E-017 0.1929E-041 0.1611E-008 0.8633E-042 0.3114E-019 0.4312E-057 0.6670E-021 0.5706E-020 0.1491E-012 0.1281E-045 0.8498E-022 0.1117E-024 0.0000E+000 0.0000E+000
0.1564E+002 0.1000E+001 0.0000E+000 0.0000E+000 0.2250E+001 0.0000E+000 -.1502E-041 0.2550E-004 0.2830E-041 -.2899E-046 0.4182E-011 0.4609E-009 0.1978E-036 0.1381E-037 0.1456E-005 0.3591E-045 0.1520E-017 0.1162E-041 0.1611E-008 0.5079E-042 0.3117E-019 0.2041E-057 0.6674E-021 0.5714E-020 0.1491E-012 0.7663E-046 0.8554E-022 0.1132E-024 0.0000E+000 0.0000E+000
0.1563E+002 0.1000E+001 0.0000E+000 0.0000E+000 0.2250E+001 0.0000E+000 0.1464E-040 0.2550E-004 0.1712E-041 -.5997E-044 0.4182E-011 0.4609E-009 0.1467E-036 0.8560E-038 0.1456E-005 0.2013E-045 0.1520E-017 0.7002E-042 0.1611E-008 0.2989E-042 0.3120E-019 0.9664E-058 0.6677E-021 0.5721E-020 0.1491E-012 0.4589E-046 0.8610E-022 0.1147E-024 0.0000E+000 0.0000E+000
0.1562E+002 0.1000E+001 0.0000E+000 0.0000E+000 0.2250E+001 0.0000E+000 0.4528E-042 0.2550E-004 0.1037E-041 -.9661E-046 0.4182E-011 0.4609E-009 0.1088E-036 0.5307E-038 0.1456E-005 0.1130E-045 0.1519E-017 0.4224E-042 0.1611E-008 0.1760E-042 0.3123E-019 0.4577E-058 0.6681E-021 0.5728E-020 0.1491E-012 0.2750E-046 0.8666E-022 0.1162E-024 0.0000E+000 0.0000E+000
0.1561E+002 0.1000E+001 0.0000E+000 0.0000E+000 0.2250E+001 0.0000E+000 0.7460E-040 0.2550E-004 0.6287E-042 0.4653E-044 0.4182E-011 0.4609E-009 0.8073E-037 0.3291E-038 0.1456E-005 0.6354E-046 0.1519E-017 0.2550E-042 0.1611E-008 0.1036E-042 0.3126E-019 0.2168E-058 0.6685E-021 0.5735E-020 0.1491E-012 0.1650E-046 0.8723E-022 0.1177E-024 0.0000E+000 0.0000E+000
0.1560E+002 0.1000E+001 0.0000E+000 0.0000E+000 0.2250E+001 0.0000E+000 0.2012E-040 0.2550E-004 0.3814E-042 -.4944E-046 0.4182E-011 0.4609E-009 0.5990E-037 0.2041E-038 0.1456E-005 0.3578E-046 0.1519E-017 0.1541E-042 0.1611E-008 0.6100E-043 0.3129E-019 0.1027E-058 0.6688E-021 0.5742E-020 0.1491E-012 0.9904E-047 0.8779E-022 0.1192E-024 0.0000E+000 0.0000E+000
0.1559E+002 0.1000E+001 0.0000E+000 0.0000E+000 0.2250E+001 0.0000E+000 0.1740E-039 0.2550E-004 0.2316E-042 -.5146E-045 0.4182E-011 0.4609E-009 0.4444E-037 0.1266E-038 0.1456E-005 0.2018E-046 0.1519E-017 0.9320E-043 0.1611E-008 0.3593E-043 0.3131E-019 0.4869E-059 0.6692E-021 0.5749E-020 0.1491E-012 0.5950E-047 0.8835E-022 0.1208E-024 0.0000E+000 0.0000E+000
0.1558E+002 0.1000E+001 0.0000E+000 0.0000E+000 0.2250E+001 0.0000E+000 -.2078E-039 0.2550E-004 0.1408E-042 -.7456E-047 0.4182E-011 0.4609E-009 0.3298E-037 0.7856E-039 0.1456E-005 0.1139E-046 0.1519E-017 0.5642E-043 0.1611E-008 0.2117E-043 0.3134E-019 0.2308E-059 0.6695E-021 0.5756E-020 0.1491E-012 0.3578E-047 0.8892E-022 0.1223E-024 0.0000E+000 0.0000E+000
0.1557E+002 0.1000E+001 0.0000E+000 0.0000E+000 0.2250E+001 0.0000E+000 0.1978E-039 0.2550E-004 0.8562E-043 0.9734E-044 0.4182E-011 0.4609E-009 0.2448E-037 0.4875E-039 0.1456E-005 0.6445E-047 0.1519E-017 0.3418E-043 0.1611E-008 0.1247E-043 0.3137E-019 0.1095E-059 0.6699E-021 0.5763E-020 0.1491E-012 0.2153E-047 0.8948E-022 0.1239E-024 0.0000E+000 0.0000E+000
0.1556E+002 0.1000E+001 0.0000E+000 0.0000E+000 0.2250E+001 0.0000E+000 0.9196E-039 0.2550E-004 0.5212E-043 0.1640E-043 0.4182E-011 0.4609E-009 0.1817E-037 0.3025E-039 0.1456E-005 0.3650E-047 0.1519E-017 0.2073E-043 0.1611E-008 0.7351E-044 0.3140E-019 0.5192E-060 0.6703E-021 0.5769E-020 0.1491E-012 0.1297E-047 0.9005E-022 0.1254E-024 0.0000E+000 0.0000E+000
0.1555E+002 0.1000E+001 0.0000E+000 0.0000E+000 0.2250E+001 0.0000E+000 -.1930E-039 0.2550E-004 0.3175E-043 -.8541E-044 0.4182E-011 0.4609E-009 0.1349E-037 0.1878E-039 0.1456E-005 0.2071E-047 0.1519E-017 0.1258E-043 0.1611E-008 0.4334E-044 0.3143E-019 0.2463E-060 0.6706E-021 0.5776E-020 0.1491E-012 0.7820E-048 0.9061E-022 0.1270E-024 0.0000E+000 0.0000E+000
0.1554E+002 0.1000E+001 0.0000E+000 0.0000E+000 0.2250E+001 0.0000E+000 -.2522E-040 0.2550E-004 0.1936E-043 -.1022E-044 0.4182E-011 0.4609E-009 0.1001E-037 0.1166E-039 0.1456E-005 0.1176E-047 0.1519E-017 0.7640E-044 0.1611E-008 0.2555E-044 0.3145E-019 0.1169E-060 0.6710E-021 0.5782E-020 0.1491E-012 0.4718E-048 0.9117E-022 0.1286E-024 0.0000E+000 0.0000E+000
0.1553E+002 0.1000E+001 0.0000E+000 0.0000E+000 0.2250E+001 0.0000E+000 0.9399E-040 0.2550E-004 0.1181E-043 0.4612E-045 0.4182E-011 0.4609E-009 0.7434E-038 0.7238E-040 0.1456E-005 0.6692E-048 0.1519E-017 0.4644E-044 0.1611E-008 0.1507E-044 0.3148E-019 0.5548E-061 0.6714E-021 0.5788E-020 0.1491E-012 0.2849E-048 0.9174E-022 0.1302E-024 0.0000E+000 0.0000E+000
0.1552E+002 0.1000E+001 0.0000E+000 0.0000E+000 0.2250E+001 0.0000E+000 -.5184E-039 0.2550E-004 0.7215E-044 -.1092E-043 0.4182E-011 0.4609E-009 0.5520E-038 0.4495E-040 0.1456E-005 0.3813E-048 0.1519E-017 0.2825E-044 0.1611E-008 0.8890E-045 0.3151E-019 0.2634E-061 0.6717E-021 0.5795E-020 0.1491E-012 0.1722E-048 0.9231E-022 0.1318E-024 0.0000E+000 0.0000E+000
0.1551E+002 0.1000E+001 0.0000E+000 0.0000E+000 0.2250E+001 0.0000E+000 0.1925E-039 0.2550E-004 0.4409E-044 0.3239E-044 0.4182E-011 0.4609E-009 0.4099E-038 0.2792E-040 0.1456E-005 0.2175E-048 0.1519E-017 0.1720E-044 0.1611E-008 0.5246E-045 0.3154E-019 0.1251E-061 0.6721E-021 0.5801E-020 0.1491E-012 0.1042E-048 0.9287E-022 0.1334E-024 0.0000E+000 0.0000E+000
0.1550E+002 0.1000E+001 0.0000E+000 0.0000E+000 0.2250E+001 0.0000E+000 0.7086E-039 0.2550E-004 0.2697E-044 0.1681E-043 0.4182E-011 0.4609E-009 0.3045E-038 0.1734E-040 0.1456E-005 0.1243E-048 0.1519E-017 0.1048E-044 0.1611E-008 0.3096E-045 0.3157E-019 0.5943E-062 0.6725E-021 0.5807E-020 0.1491E-012 0.6307E-049 0.9344E-022 0.1350E-024 0.0000E+000 0.0000E+000
0.1549E+002 0.1000E+001 0.0000E+000 0.0000E+000 0.2250E+001 0.0000E+000 0.2239E-040 0.2550E-004 0.1650E-044 0.1731E-044 0.4182E-011 0.4609E-009 0.2261E-038 0.1078E-040 0.1456E-005 0.7110E-049 0.1519E-017 0.6393E-045 0.1611E-008 0.1827E-045 0.3160E-019 0.2824E-062 0.6728E-021 0.5813E-020 0.1491E-012 0.3822E-049 0.9400E-022 0.1366E-024 0.0000E+000 0.0000E+000
0.1548E+002 0.1000E+001 0.0000E+000 0.0000E+000 0.2250E+001 0.0000E+000 -.1199E-038 0.2550E-004 0.1011E-044 -.2517E-043 0.4182E-011 0.4609E-009 0.1680E-038 0.6696E-041 0.1456E-005 0.4073E-049 0.1519E-017 0.3902E-045 0.1611E-008 0.1079E-045 0.3162E-019 0.1342E-062 0.6732E-021 0.5818E-020 0.1491E-012 0.2318E-049 0.9457E-022 0.1383E-024 0.0000E+000 0.0000E+000
0.1547E+002 0.1000E+001 0.0000E+000 0.0000E+000 0.2250E+001 0.0000E+000 -.4103E-039 0.2550E-004 0.6196E-045 -.9757E-044 0.4182E-011 0.4609E-009 0.1248E-038 0.4161E-041 0.1456E-005 0.2337E-049 0.1519E-017 0.2383E-045 0.1611E-008 0.6371E-046 0.3165E-019 0.6379E-063 0.6736E-021 0.5824E-020 0.1491E-012 0.1407E-049 0.9514E-022 0.1399E-024 0.0000E+000 0.0000E+000
0.1546E+002 0.1000E+001 0.0000E+000 0.0000E+000 0.2250E+001 0.0000E+000 0.5104E-040 0.2550E-004 0.3800E-045 0.2583E-044 0.4182E-011 0.4609E-009 0.9272E-039 0.2587E-041 0.1456E-005 0.1342E-049 0.1519E-017 0.1457E-045 0.1611E-008 0.3763E-046 0.3168E-019 0.3033E-063 0.6740E-021 0.5830E-020 0.1491E-012 0.8547E-050 0.9570E-022 0.1416E-024 0.0000E+000 0.0000E+000
0.1545E+002 0.1000E+001 0.0000E+000 0.0000E+000 0.2250E+001 0.0000E+000 0.4224E-039 0.2550E-004 0.2332E-045 0.1139E-043 0.4182E-011 0.4609E-009 0.6890E-039 0.1608E-041 0.1456E-005 0.7718E-050 0.1519E-017 0.8913E-046 0.1611E-008 0.2223E-046 0.3171E-019 0.1443E-063 0.6743E-021 0.5835E-020 0.1491E-012 0.5196E-050 0.9627E-022 0.1432E-024 0.0000E+000 0.0000E+000
0.1544E+002 0.1000E+001 0.0000E+000 0.0000E+000 0.2250E+001 0.0000E+000 0.1495E-039 0.2550E-004 0.1432E-045 0.4207E-044 0.4182E-011 0.4609E-009 0.5120E-039 0.1000E-041 0.1456E-005 0.4444E-050 0.1519E-017 0.5456E-046 0.1611E-008 0.1314E-046 0.3174E-019 0.6863E-064 0.6747E-021 0.5841E-020 0.1491E-012 0.3162E-050 0.9684E-022 0.1449E-024 0.0000E+000 0.0000E+000
0.1543E+002 0.1000E+001 0.0000E+000 0.0000E+000 0.2250E+001 0.0000E+000 0.4769E-041 0.2550E-004 0.8803E-046 0.3821E-045 0.4182E-011 0.4609E-009 0.3805E-039 0.6219E-042 0.1456E-005 0.2562E-050 0.1519E-017 0.3343E-046 0.1611E-008 0.7766E-047 0.3176E-019 0.3266E-064 0.6751E-021 0.5846E-020 0.1491E-012 0.1926E-050 0.9741E-022 0.1466E-024 0.0000E+000 0.0000E+000
0.1542E+002 0.1000E+001 0.0000E+000 0.0000E+000 0.2250E+001 0.0000E+000 -.4205E-040 0.2550E-004 0.5413E-046 -.5862E-044 0.4182E-011 0.4609E-009 0.2829E-039 0.3868E-042 0.1456E-005 0.1479E-050 0.1519E-017 0.2049E-046 0.1611E-008 0.4591E-047 0.3179E-019 0.1554E-064 0.6754E-021 0.5851E-020 0.1491E-012 0.1174E-050 0.9798E-022 0.1483E-024 0.0000E+000 0.0000E+000
0.1541E+002 0.1000E+001 0.0000E+000 0.0000E+000 0.2250E+001 0.0000E+000 -.3889E-039 0.2550E-004 0.3331E-046 -.5828E-044 0.4182E-011 0.4609E-009 0.2103E-039 0.2406E-042 0.1456E-005 0.8545E-051 0.1519E-017 0.1257E-046 0.1611E-008 0.2715E-047 0.3182E-019 0.7401E-065 0.6758E-021 0.5856E-020 0.1491E-012 0.7159E-051 0.9855E-022 0.1500E-024 0.0000E+000 0.0000E+000
0.1540E+002 0.1000E+001 0.0000E+000 0.0000E+000 0.2250E+001 0.0000E+000 -.1246E-040 0.2550E-004 0.2051E-046 -.8868E-045 0.4182E-011 0.4609E-009 0.1563E-039 0.1497E-042 0.1456E-005 0.4943E-051 0.1519E-017 0.7719E-047 0.1611E-008 0.1606E-047 0.3185E-019 0.3524E-065 0.6762E-021 0.5861E-020 0.1491E-012 0.4370E-051 0.9911E-022 0.1517E-024 0.0000E+000 0.0000E+000
0.1539E+002 0.1000E+001 0.0000E+000 0.0000E+000 0.2250E+001 0.0000E+000 0.3464E-039 0.2550E-004 0.1263E-046 0.6728E-044 0.4182E-011 0.4609E-009 0.1162E-039 0.9318E-043 0.1456E-005 0.2863E-051 0.1519E-017 0.4742E-047 0.1611E-008 0.9499E-048 0.3188E-019 0.1679E-065 0.6766E-021 0.5866E-020 0.1491E-012 0.2670E-051 0.9968E-022 0.1534E-024 0.0000E+000 0.0000E+000
0.1538E+002 0.1000E+001 0.0000E+000 0.0000E+000 0.2250E+001 0.0000E+000 -.5875E-039 0.2550E-004 0.7788E-047 -.5037E-044 0.4182E-011 0.4609E-009 0.8642E-040 0.5799E-043 0.1456E-005 0.1659E-051 0.1519E-017 0.2915E-047 0.1611E-008 0.5620E-048 0.3191E-019 0.7998E-066 0.6769E-021 0.5871E-020 0.1491E-012 0.1633E-051 0.1003E-021 0.1552E-024 0.0000E+000 0.0000E+000
0.1537E+002 0.1000E+001 0.0000E+000 0.0000E+000 0.2250E+001 0.0000E+000 0.6665E-040 0.2550E-004 0.4804E-047 0.2086E-044 0.4182E-011 0.4609E-009 0.6427E-040 0.3610E-043 0.1456E-005 0.9629E-052 0.1519E-017 0.1793E-047 0.1611E-008 0.3326E-048 0.3193E-019 0.3812E-066 0.6773E-021 0.5876E-020 0.1491E-012 0.9990E-052 0.1008E-021 0.1569E-024 0.0000E+000 0.0000E+000
0.1536E+002 0.1000E+001 0.0000E+000 0.0000E+000 0.2250E+001 0.0000E+000 0.4109E-039 0.2550E-004 0.2964E-047 0.8565E-044 0.4182E-011 0.4609E-009 0.4780E-040 0.2248E-043 0.1456E-005 0.5593E-052 0.1519E-017 0.1104E-047 0.1611E-008 0.1969E-048 0.3196E-019 0.1817E-066 0.6777E-021 0.5881E-020 0.1491E-012 0.6117E-052 0.1014E-021 0.1587E-024 0.0000E+000 0.0000E+000
0.1535E+002 0.1000E+001 0.0000E+000 0.0000E+000 0.2250E+001 0.0000E+000 -.7333E-039 0.2550E-004 0.1830E-047 -.1054E-043 0.4182E-011 0.4609E-009 0.3555E-040 0.1400E-043 0.1456E-005 0.3252E-052 0.1519E-017 0.6798E-048 0.1611E-008 0.1166E-048 0.3199E-019 0.8664E-067 0.6781E-021 0.5886E-020 0.1491E-012 0.3749E-052 0.1020E-021 0.1604E-024 0.0000E+000 0.0000E+000
0.1534E+002 0.1000E+001 0.0000E+000 0.0000E+000 0.2250E+001 0.0000E+000 0.4977E-039 0.2550E-004 0.1131E-047 0.1256E-043 0.4182E-011 0.4609E-009 0.2645E-040 0.8717E-044 0.1456E-005 0.1892E-052 0.1519E-017 0.4189E-048 0.1611E-008 0.6905E-049 0.3202E-019 0.4132E-067 0.6784E-021 0.5890E-020 0.1491E-012 0.2299E-052 0.1025E-021 0.1622E-024 0.0000E+000 0.0000E+000
0.1533E+002 0.1000E+001 0.0000E+000 0.0000E+000 0.2250E+001 0.0000E+000 0.5028E-040 0.2550E-004 0.6989E-048 0.4178E-044 0.4182E-011 0.4609E-009 0.1968E-040 0.5430E-044 0.1456E-005 0.1102E-052 0.1519E-017 0.2583E-048 0.1611E-008 0.4090E-049 0.3205E-019 0.1971E-067 0.6788E-021 0.5895E-020 0.1491E-012 0.1411E-052 0.1031E-021 0.1640E-024 0.0000E+000 0.0000E+000
0.1532E+002 0.1000E+001 0.0000E+000 0.0000E+000 0.2250E+001 0.0000E+000 0.1166E-039 0.2550E-004 0.4322E-048 0.7671E-044 0.4182E-011 0.4609E-009 0.1464E-040 0.3383E-044 0.1456E-005 0.6423E-053 0.1519E-017 0.1594E-048 0.1611E-008 0.2423E-049 0.3207E-019 0.9406E-068 0.6792E-021 0.5899E-020 0.1491E-012 0.8664E-053 0.1037E-021 0.1658E-024 0.0000E+000 0.0000E+000
0.1531E+002 0.1000E+001 0.0000E+000 0.0000E+000 0.2250E+001 0.0000E+000 -.1651E-040 0.2550E-004 0.2674E-048 0.4990E-044 0.4182E-011 0.4609E-009 0.1089E-040 0.2108E-044 0.1456E-005 0.3747E-053 0.1519E-017 0.9839E-049 0.1611E-008 0.1436E-049 0.3210E-019 0.4489E-068 0.6796E-021 0.5904E-020 0.1491E-012 0.5324E-053 0.1043E-021 0.1676E-024 0.0000E+000 0.0000E+000
0.1530E+002 0.1000E+001 0.0000E+000 0.0000E+000 0.2250E+001 0.0000E+000 -.2532E-039 0.2550E-004 0.1655E-048 -.1839E-044 0.4182E-011 0.4609E-009 0.8107E-041 0.1314E-044 0.1456E-005 0.2188E-053 0.1519E-017 0.6078E-049 0.1611E-008 0.8512E-050 0.3213E-019 0.2143E-068 0.6799E-021 0.5908E-020 0.1491E-012 0.3274E-053 0.1048E-021 0.1694E-024 0.0000E+000 0.0000E+000
0.1529E+002 0.1000E+001 0.0000E+000 0.0000E+000 0.2250E+001 0.0000E+000 0.3659E-039 0.2550E-004 0.1025E-048 0.3170E-044 0.4182E-011 0.4609E-009 0.6033E-041 0.8188E-045 0.1456E-005 0.1278E-053 0.1519E-017 0.3756E-049 0.1611E-008 0.5047E-050 0.3216E-019 0.1023E-068 0.6803E-021 0.5912E-020 0.1491E-012 0.2015E-053 0.1054E-021 0.1712E-024 0.0000E+000 0.0000E+000
0.1528E+002 0.1000E+001 0.0000E+000 0.0000E+000 0.2250E+001 0.0000E+000 0.7550E-039 0.2550E-004 0.6350E-049 0.8927E-044 0.4182E-011 0.4609E-009 0.4491E-041 0.5104E-045 0.1456E-005 0.7472E-054 0.1519E-017 0.2322E-049 0.1611E-008 0.2993E-050 0.3219E-019 0.4889E-069 0.6807E-021 0.5916E-020 0.1491E-012 0.1241E-053 0.1060E-021 0.1730E-024 0.0000E+000 0.0000E+000
0.1527E+002 0.1000E+001 0.0000E+000 0.0000E+000 0.2250E+001 0.0000E+000 0.4348E-039 0.2550E-004 0.3936E-049 0.7979E-044 0.4182E-011 0.4609E-009 0.3343E-041 0.3182E-045 0.1456E-005 0.4372E-054 0.1518E-017 0.1437E-049 0.1611E-008 0.1775E-050 0.3221E-019 0.2336E-069 0.6811E-021 0.5921E-020 0.1491E-012 0.7645E-054 0.1065E-021 0.1748E-024 0.0000E+000 0.0000E+000
0.1526E+002 0.1000E+001 0.0000E+000 0.0000E+000 0.2250E+001 0.0000E+000 0.3787E-039 0.2550E-004 0.2440E-049 0.7589E-044 0.4182E-011 0.4609E-009 0.2489E-041 0.1985E-045 0.1456E-005 0.2559E-054 0.1518E-017 0.8893E-050 0.1611E-008 0.1053E-050 0.3224E-019 0.1116E-069 0.6814E-021 0.5925E-020 0.1491E-012 0.4714E-054 0.1071E-021 0.1767E-024 0.0000E+000 0.0000E+000
0.1525E+002 0.1000E+001 0.0000E+000 0.0000E+000 0.2250E+001 0.0000E+000 0.1243E-040 0.2550E-004 0.1514E-049 0.9214E-045 0.4182E-011 0.4609E-009 0.1853E-041 0.1238E-045 0.1456E-005 0.1499E-054 0.1518E-017 0.5507E-050 0.1611E-008 0.6249E-051 0.3227E-019 0.5336E-070 0.6818E-021 0.5929E-020 0.1491E-012 0.2908E-054 0.1077E-021 0.1785E-024 0.0000E+000 0.0000E+000
0.1524E+002 0.1000E+001 0.0000E+000 0.0000E+000 0.2250E+001 0.0000E+000 0.5114E-039 0.2550E-004 0.9395E-050 0.1296E-043 0.4182E-011 0.4609E-009 0.1380E-041 0.7721E-046 0.1456E-005 0.8789E-055 0.1518E-017 0.3412E-050 0.1611E-008 0.3709E-051 0.3230E-019 0.2551E-070 0.6822E-021 0.5932E-020 0.1491E-012 0.1795E-054 0.1083E-021 0.1804E-024 0.0000E+000 0.0000E+000
0.1523E+002 0.1000E+001 0.0000E+000 0.0000E+000 0.2250E+001 0.0000E+000 0.5900E-039 0.2550E-004 0.5833E-050 0.1666E-043 0.4182E-011 0.4609E-009 0.1028E-041 0.4817E-046 0.1456E-005 0.5155E-055 0.1518E-017 0.2115E-050 0.1611E-008 0.2202E-051 0.3233E-019 0.1220E-070 0.6826E-021 0.5936E-020 0.1491E-012 0.1109E-054 0.1088E-021 0.1823E-024 0.0000E+000 0.0000E+000
0.1522E+002 0.1000E+001 0.0000E+000 0.0000E+000 0.2250E+001 0.0000E+000 0.1869E-039 0.2550E-004 0.3623E-050 0.9162E-044 0.4182E-011 0.4609E-009 0.7653E-042 0.3006E-046 0.1456E-005 0.3025E-055 0.1518E-017 0.1311E-050 0.1611E-008 0.1307E-051 0.3235E-019 0.5837E-071 0.6830E-021 0.5940E-020 0.1491E-012 0.6852E-055 0.1094E-021 0.1841E-024 0.0000E+000 0.0000E+000
0.1521E+002 0.1000E+001 0.0000E+000 0.0000E+000 0.2250E+001 0.0000E+000 0.5416E-039 0.2550E-004 0.2251E-050 0.1615E-043 0.4182E-011 0.4609E-009 0.5701E-042 0.1876E-046 0.1456E-005 0.1777E-055 0.1518E-017 0.8135E-051 0.1611E-008 0.7765E-052 0.3238E-019 0.2793E-071 0.6833E-021 0.5944E-020 0.1491E-012 0.4237E-055 0.1100E-021 0.1860E-024 0.0000E+000 0.0000E+000
0.1520E+002 0.1000E+001 0.0000E+000 0.0000E+000 0.2250E+001 0.0000E+000 -.4764E-039 0.2550E-004 0.1399E-050 -.1566E-044 0.4182E-011 0.4609E-009 0.4247E-042 0.1171E-046 0.1456E-005 0.1044E-055 0.1518E-017 0.5049E-051 0.1611E-008 0.4613E-052 0.3241E-019 0.1337E-071 0.6837E-021 0.5948E-020 0.1491E-012 0.2621E-055 0.1106E-021 0.1879E-024 0.0000E+000 0.0000E+000
0.1519E+002 0.1000E+001 0.0000E+000 0.0000E+000 0.2250E+001 0.0000E+000 0.2832E-039 0.2550E-004 0.8698E-051 0.3303E-044 0.4182E-011 0.4609E-009 0.3164E-042 0.7311E-047 0.1456E-005 0.6135E-056 0.1518E-017 0.3135E-051 0.1611E-008 0.2741E-052 0.3244E-019 0.6399E-072 0.6841E-021 0.5951E-020 0.1491E-012 0.1623E-055 0.1111E-021 0.1898E-024 0.0000E+000 0.0000E+000
0.1518E+002 0.1000E+001 0.0000E+000 0.0000E+000 0.2250E+001 0.0000E+000 -.8889E-040 0.2550E-004 0.5410E-051 0.3555E-044 0.4182E-011 0.4609E-009 0.2357E-042 0.4565E-047 0.1456E-005 0.3608E-056 0.1518E-017 0.1947E-051 0.1611E-008 0.1629E-052 0.3246E-019 0.3064E-072 0.6845E-021 0.5955E-020 0.1491E-012 0.1005E-055 0.1117E-021 0.1917E-024 0.0000E+000 0.0000E+000
0.1517E+002 0.1000E+001 0.0000E+000 0.0000E+000 0.2250E+001 0.0000E+000 0.7695E-040 0.2550E-004 0.3366E-051 -.4405E-045 0.4182E-011 0.4609E-009 0.1757E-042 0.2851E-047 0.1456E-005 0.2123E-056 0.1518E-017 0.1210E-051 0.1611E-008 0.9682E-053 0.3249E-019 0.1468E-072 0.6849E-021 0.5958E-020 0.1491E-012 0.6228E-056 0.1123E-021 0.1937E-024 0.0000E+000 0.0000E+000
0.1516E+002 0.1000E+001 0.0000E+000 0.0000E+000 0.2250E+001 0.0000E+000 0.6481E-040 0.2550E-004 0.2095E-051 0.2204E-045 0.4182E-011 0.4609E-009 0.1309E-042 0.1781E-047 0.1456E-005 0.1250E-056 0.1518E-017 0.7523E-052 0.1611E-008 0.5757E-053 0.3252E-019 0.7032E-073 0.6853E-021 0.5962E-020 0.1491E-012 0.3861E-056 0.1129E-021 0.1956E-024 0.0000E+000 0.0000E+000
0.1515E+002 0.1000E+001 0.0000E+000 0.0000E+000 0.2250E+001 0.0000E+000 -.8264E-040 0.2550E-004 0.1304E-051 -.1868E-044 0.4182E-011 0.4609E-009 0.9757E-043 0.1113E-047 0.1456E-005 0.7359E-057 0.1518E-017 0.4678E-052 0.1611E-008 0.3424E-053 0.3255E-019 0.3370E-073 0.6856E-021 0.5965E-020 0.1491E-012 0.2395E-056 0.1134E-021 0.1975E-024 0.0000E+000 0.0000E+000
0.1514E+002 0.1000E+001 0.0000E+000 0.0000E+000 0.2250E+001 0.0000E+000 0.8782E-040 0.2550E-004 0.8124E-052 0.4582E-044 0.4182E-011 0.4609E-009 0.7272E-043 0.6951E-048 0.1456E-005 0.4336E-057 0.1518E-017 0.2910E-052 0.1611E-008 0.2036E-053 0.3258E-019 0.1615E-073 0.6860E-021 0.5968E-020 0.1491E-012 0.1486E-056 0.1140E-021 0.1995E-024 0.0000E+000 0.0000E+000
0.1513E+002 0.1000E+001 0.0000E+000 0.0000E+000 0.2250E+001 0.0000E+000 0.5335E-039 0.2550E-004 0.5061E-052 0.8774E-044 0.4182E-011 0.4609E-009 0.5421E-043 0.4344E-048 0.1456E-005 0.2556E-057 0.1518E-017 0.1811E-052 0.1611E-008 0.1212E-053 0.3260E-019 0.7745E-074 0.6864E-021 0.5972E-020 0.1491E-012 0.9226E-057 0.1146E-021 0.2015E-024 0.0000E+000 0.0000E+000
0.1512E+002 0.1000E+001 0.0000E+000 0.0000E+000 0.2250E+001 0.0000E+000 -.5632E-039 0.2550E-004 0.3154E-052 -.8240E-044 0.4182E-011 0.4609E-009 0.4042E-043 0.2715E-048 0.1456E-005 0.1507E-057 0.1518E-017 0.1128E-052 0.1611E-008 0.7210E-054 0.3263E-019 0.3714E-074 0.6868E-021 0.5975E-020 0.1491E-012 0.5730E-057 0.1152E-021 0.2034E-024 0.0000E+000 0.0000E+000
0.1511E+002 0.1000E+001 0.0000E+000 0.0000E+000 0.2250E+001 0.0000E+000 -.1712E-039 0.2550E-004 0.1966E-052 -.3113E-044 0.4182E-011 0.4609E-009 0.3014E-043 0.1697E-048 0.1456E-005 0.8889E-058 0.1518E-017 0.7022E-053 0.1611E-008 0.4292E-054 0.3266E-019 0.1782E-074 0.6872E-021 0.5978E-020 0.1491E-012 0.3561E-057 0.1157E-021 0.2054E-024 0.0000E+000 0.0000E+000
0.1510E+002 0.1000E+001 0.0000E+000 0.0000E+000 0.2250E+001 0.0000E+000 -.5754E-041 0.2550E-004 0.1226E-052 -.4169E-045 0.4182E-011 0.4609E-009 0.2247E-043 0.1061E-048 0.1456E-005 0.5245E-058 0.1518E-017 0.4375E-053 0.1611E-008 0.2555E-054 0.3269E-019 0.8549E-075 0.6876E-021 0.5981E-020 0.1491E-012 0.2214E-057 0.1163E-021 0.2074E-024 0.0000E+000 0.0000E+000
0.1509E+002 0.1000E+001 0.0000E+000 0.0000E+000 0.2250E+001 0.0000E+000 0.9344E-039 0.2550E-004 0.7647E-053 0.2282E-043 0.4182E-011 0.4609E-009 0.1676E-043 0.6636E-049 0.1456E-005 0.3096E-058 0.1518E-017 0.2726E-053 0.1611E-008 0.1521E-054 0.3272E-019 0.4103E-075 0.6879E-021 0.5984E-020 0.1491E-012 0.1377E-057 0.1169E-021 0.2094E-024 0.0000E+000 0.0000E+000
0.1508E+002 0.1000E+001 0.0000E+000 0.0000E+000 0.2250E+001 0.0000E+000 0.3151E-040 0.2550E-004 0.4771E-053 0.2415E-044 0.4182E-011 0.4609E-009 0.1250E-043 0.4150E-049 0.1456E-005 0.1829E-058 0.1518E-017 0.1699E-053 0.1611E-008 0.9062E-055 0.3274E-019 0.1970E-075 0.6883E-021 0.5987E-020 0.1491E-012 0.8565E-058 0.1175E-021 0.2114E-024 0.0000E+000 0.0000E+000
0.1507E+002 0.1000E+001 0.0000E+000 0.0000E+000 0.2250E+001 0.0000E+000 0.9384E-040 0.2550E-004 0.2978E-053 0.9224E-045 0.4182E-011 0.4609E-009 0.9324E-044 0.2596E-049 0.1456E-005 0.1080E-058 0.1518E-017 0.1060E-053 0.1611E-008 0.5399E-055 0.3277E-019 0.9459E-076 0.6887E-021 0.5990E-020 0.1491E-012 0.5331E-058 0.1181E-021 0.2134E-024 0.0000E+000 0.0000E+000
0.1506E+002 0.1000E+001 0.0000E+000 0.0000E+000 0.2250E+001 0.0000E+000 -.1880E-039 0.2550E-004 0.1859E-053 -.3100E-044 0.4182E-011 0.4609E-009 0.6955E-044 0.1624E-049 0.1456E-005 0.6384E-059 0.1518E-017 0.6610E-054 0.1611E-008 0.3217E-055 0.3280E-019 0.4543E-076 0.6891E-021 0.5993E-020 0.1491E-012 0.3319E-058 0.1186E-021 0.2155E-024 0.0000E+000 0.0000E+000
0.1505E+002 0.1000E+001 0.0000E+000 0.0000E+000 0.2250E+001 0.0000E+000 0.4046E-039 0.2550E-004 0.1161E-053 0.3378E-044 0.4182E-011 0.4609E-009 0.5189E-044 0.1016E-049 0.1456E-005 0.3774E-059 0.1518E-017 0.4125E-054 0.1611E-008 0.1917E-055 0.3283E-019 0.2183E-076 0.6895E-021 0.5996E-020 0.1491E-012 0.2067E-058 0.1192E-021 0.2175E-024 0.0000E+000 0.0000E+000
0.1504E+002 0.1000E+001 0.0000E+000 0.0000E+000 0.2250E+001 0.0000E+000 -.3545E-039 0.2550E-004 0.7249E-054 -.3642E-044 0.4182E-011 0.4609E-009 0.3872E-044 0.6360E-050 0.1456E-005 0.2232E-059 0.1518E-017 0.2574E-054 0.1611E-008 0.1143E-055 0.3285E-019 0.1049E-076 0.6899E-021 0.5999E-020 0.1491E-012 0.1288E-058 0.1198E-021 0.2195E-024 0.0000E+000 0.0000E+000
0.1503E+002 0.1000E+001 0.0000E+000 0.0000E+000 0.2250E+001 0.0000E+000 0.3586E-039 0.2550E-004 0.4529E-054 0.9043E-044 0.4182E-011 0.4609E-009 0.2889E-044 0.3981E-050 0.1456E-005 0.1320E-059 0.1518E-017 0.1607E-054 0.1611E-008 0.6815E-056 0.3288E-019 0.5042E-077 0.6903E-021 0.6002E-020 0.1491E-012 0.8030E-059 0.1204E-021 0.2216E-024 0.0000E+000 0.0000E+000
0.1502E+002 0.1000E+001 0.0000E+000 0.0000E+000 0.2250E+001 0.0000E+000 0.8861E-040 0.2550E-004 0.2830E-054 0.2202E-044 0.4182E-011 0.4609E-009 0.2156E-044 0.2492E-050 0.1456E-005 0.7811E-060 0.1518E-017 0.1004E-054 0.1611E-008 0.4065E-056 0.3291E-019 0.2424E-077 0.6907E-021 0.6004E-020 0.1491E-012 0.5007E-059 0.1210E-021 0.2237E-024 0.0000E+000 0.0000E+000
0.1501E+002 0.1000E+001 0.0000E+000 0.0000E+000 0.2250E+001 0.0000E+000 0.7166E-039 0.2550E-004 0.1769E-054 0.8639E-044 0.4182E-011 0.4609E-009 0.1609E-044 0.1560E-050 0.1456E-005 0.4623E-060 0.1518E-017 0.6270E-055 0.1611E-008 0.2425E-056 0.3294E-019 0.1166E-077 0.6911E-021 0.6007E-020 0.1491E-012 0.3123E-059 0.1215E-021 0.2257E-024 0.0000E+000 0.0000E+000
0.1500E+002 0.1000E+001 0.0000E+000 0.0000E+000 0.2250E+001 0.0000E+000 0.5215E-039 0.2550E-004 -.1299E-062 -.1547E-038 0.4182E-011 0.4609E-009 -.2582E-041 -.1253E-058 0.1456E-005 0.4028E-068 0.1515E-017 -.4460E-063 0.1611E-008 0.2648E-064 0.3570E-019 -.1006E-084 0.6930E-021 0.6146E-020 0.1491E-012 -.2036E-067 0.1820E-021 0.4845E-024 0.0000E+000 0.0000E+000
0.1400E+002 0.1000E+001 0.0000E+000 0.0000E+000 0.2250E+001 0.0000E+000 0.8534E-039 0.2550E-004 -.1769E-069 0.8914E-039 0.4182E-011 0.4609E-009 0.1545E-040 -.1501E-065 0.1456E-005 -.1012E-074 0.1512E-017 -.6099E-070 0.1611E-008 -.1975E-071 0.3836E-019 0.2037E-091 0.8316E-021 0.6094E-020 0.1491E-012 -.3133E-074 0.2448E-021 0.8357E-024 0.0000E+000 0.0000E+000
0.1300E+002 0.1000E+001 0.0000E+000 0.0000E+000 0.2250E+001 0.0000E+000 -.4942E-039 0.2550E-004 -.2556E-075 -.1338E-039 0.4182E-011 0.4609E-009 -.2787E-042 -.2323E-071 0.1456E-005 0.2358E-081 0.1510E-017 -.9208E-076 0.1611E-008 -.1659E-077 0.4091E-019 -.1246E-097 0.8934E-021 0.6048E-020 0.1491E-012 -.4444E-080 0.3094E-021 0.1275E-023 0.0000E+000 0.0000E+000
0.1200E+002 0.1000E+001 0.0000E+000 0.0000E+000 0.2250E+001 0.0000E+000 -.1432E-038 0.2550E-004 -.7116E-081 -.9077E-039 0.4182E-011 0.4609E-009 0.7413E-040 -.6352E-077 0.1456E-005 0.1743E-087 0.1507E-017 -.2509E-081 0.1611E-008 -.3660E-083 0.4334E-019 0.7298E-104 0.9657E-021 0.6001E-020 0.1491E-012 -.1226E-085 0.3752E-021 0.1795E-023 0.0000E+000 0.0000E+000
0.1100E+002 0.1000E+001 0.0000E+000 0.0000E+000 0.2250E+001 0.0000E+000 -.5406E-039 0.2550E-004 -.1018E-086 -.4977E-039 0.4182E-011 0.4609E-009 0.2060E-040 -.9045E-083 0.1456E-005 0.5055E-093 0.1505E-017 -.3595E-087 0.1611E-008 -.8026E-089 0.4566E-019 0.5187E-110 0.1051E-020 0.5951E-020 0.1491E-012 -.1763E-091 0.4416E-021 0.2388E-023 0.0000E+000 0.0000E+000
0.1000E+002 0.1000E+001 0.0000E+000 0.0000E+000 0.2250E+001 0.0000E+000 -.1073E-039 0.2550E-004 0.3005E-092 -.3344E-039 0.4182E-011 0.4609E-009 -.7141E-040 0.2720E-088 0.1456E-005 0.1004E-098 0.1502E-017 0.1066E-092 0.1611E-008 0.1445E-094 0.4786E-019 0.8405E-116 0.1154E-020 0.5895E-020 0.1491E-012 0.5172E-097 0.5078E-021 0.3044E-023 0.0000E+000 0.0000E+000
