0.1765E+002 0.1015E-003 0.8999E+000 0.9999E+000 0.8704E-005 0.9999E-001 0.1441E-013 0.2507E-006 0.2525E-004 0.3023E-016 0.4183E-011 0.4633E-009 0.3018E-020 0.4322E-013 0.1456E-005 0.1172E-012 0.2684E-019 0.1514E-015 0.1618E-008 0.3426E-015 0.1053E-021 0.2973E-017 0.4782E-018 0.3476E-025 0.1500E-012 0.3586E-020 0.3322E-026 0.9280E-031 0.0000E+000 0.0000E+000
0.1764E+002 0.1000E+001 0.0000E+000 0.0000E+000 0.2250E+001 0.0000E+000 0.4181E-015 0.1410E-004 0.1140E-004 0.6214E-018 0.4183E-011 0.4633E-009 0.2179E-020 0.6896E-013 0.1456E-005 0.6083E-013 0.2716E-018 0.1221E-014 0.1660E-008 0.3655E-014 0.3571E-020 0.1342E-017 0.3768E-018 0.9113E-021 0.1573E-012 0.1440E-019 0.1643E-023 0.2655E-027 0.0000E+000 0.0000E+000
0.1763E+002 0.1000E+001 0.0000E+000 0.0000E+000 0.2250E+001 0.0000E+000 0.1216E-016 0.2035E-004 0.5146E-005 0.1313E-019 0.4183E-011 0.4633E-009 0.1580E-020 0.6380E-013 0.1456E-005 0.3159E-013 0.4879E-018 0.1873E-014 0.1680E-008 0.3625E-014 0.9303E-020 0.6060E-018 0.2969E-018 0.1583E-020 0.1606E-012 0.4205E-019 0.5469E-023 0.7484E-027 0.0000E+000 0.0000E+000
0.1762E+002 0.1000E+001 0.0000E+000 0.0000E+000 0.2250E+001 0.0000E+000 0.3542E-018 0.2317E-004 0.2324E-005 0.2848E-021 0.4183E-011 0.4633E-009 0.1147E-020 0.4999E-013 0.1456E-005 0.1640E-013 0.6543E-018 0.1832E-014 0.1688E-008 0.2751E-014 0.1476E-019 0.2737E-018 0.2340E-018 0.2084E-020 0.1621E-012 0.5904E-019 0.1006E-022 0.1290E-026 0.0000E+000 0.0000E+000
0.1761E+002 0.1000E+001 0.0000E+000 0.0000E+000 0.2250E+001 0.0000E+000 0.1033E-019 0.2445E-004 0.1050E-005 0.6355E-023 0.4183E-011 0.4633E-009 0.8344E-021 0.3612E-013 0.1456E-005 0.8521E-014 0.7733E-018 0.1470E-014 0.1692E-008 0.1871E-014 0.1904E-019 0.1236E-018 0.1845E-018 0.2459E-020 0.1628E-012 0.5951E-019 0.1425E-022 0.1831E-026 0.0000E+000 0.0000E+000
0.1760E+002 0.1000E+001 0.0000E+000 0.0000E+000 0.2250E+001 0.0000E+000 0.3018E-021 0.2502E-004 0.4743E-006 0.1461E-024 0.4183E-011 0.4633E-009 0.6071E-021 0.2488E-013 0.1456E-005 0.4427E-014 0.8547E-018 0.1058E-014 0.1694E-008 0.1200E-014 0.2206E-019 0.5585E-019 0.1455E-018 0.2745E-020 0.1631E-012 0.5009E-019 0.1760E-022 0.2352E-026 0.0000E+000 0.0000E+000
0.1759E+002 0.1000E+001 0.0000E+000 0.0000E+000 0.2250E+001 0.0000E+000 0.8826E-023 0.2528E-004 0.2143E-006 0.3470E-026 0.4183E-011 0.4633E-009 0.4418E-021 0.1661E-013 0.1456E-005 0.2301E-014 0.9087E-018 0.7114E-015 0.1695E-008 0.7428E-015 0.2407E-019 0.2524E-019 0.1148E-018 0.2964E-020 0.1632E-012 0.3775E-019 0.2010E-022 0.2854E-026 0.0000E+000 0.0000E+000
0.1758E+002 0.1000E+001 0.0000E+000 0.0000E+000 0.2250E+001 0.0000E+000 0.2585E-024 0.2540E-004 0.9689E-007 0.8516E-028 0.4183E-011 0.4633E-009 0.3215E-021 0.1085E-013 0.1456E-005 0.1196E-014 0.9439E-018 0.4573E-015 0.1695E-008 0.4489E-015 0.2536E-019 0.1141E-019 0.9058E-019 0.3135E-020 0.1633E-012 0.2646E-019 0.2194E-022 0.3342E-026 0.0000E+000 0.0000E+000
0.1757E+002 0.1000E+001 0.0000E+000 0.0000E+000 0.2250E+001 0.0000E+000 0.7579E-026 0.2545E-004 0.4381E-007 0.2159E-029 0.4183E-011 0.4633E-009 0.2341E-021 0.6978E-014 0.1456E-005 0.6219E-015 0.9664E-018 0.2848E-015 0.1695E-008 0.2668E-015 0.2616E-019 0.5159E-020 0.7151E-019 0.3272E-020 0.1633E-012 0.1763E-019 0.2330E-022 0.3823E-026 0.0000E+000 0.0000E+000
0.1756E+002 0.1000E+001 0.0000E+000 0.0000E+000 0.2250E+001 0.0000E+000 0.2226E-027 0.2548E-004 0.1981E-007 0.5645E-031 0.4183E-011 0.4633E-009 0.1704E-021 0.4434E-014 0.1456E-005 0.3234E-015 0.9807E-018 0.1734E-015 0.1695E-008 0.1568E-015 0.2665E-019 0.2333E-020 0.5649E-019 0.3382E-020 0.1633E-012 0.1132E-019 0.2434E-022 0.4303E-026 0.0000E+000 0.0000E+000
0.1755E+002 0.1000E+001 0.0000E+000 0.0000E+000 0.2250E+001 0.0000E+000 0.6547E-029 0.2549E-004 0.8962E-008 0.1516E-032 0.4183E-011 0.4633E-009 0.1241E-021 0.2791E-014 0.1456E-005 0.1683E-015 0.9896E-018 0.1038E-015 0.1695E-008 0.9131E-016 0.2696E-019 0.1055E-020 0.4465E-019 0.3473E-020 0.1633E-012 0.7076E-020 0.2518E-022 0.4785E-026 0.0000E+000 0.0000E+000
0.1754E+002 0.1000E+001 0.0000E+000 0.0000E+000 0.2250E+001 0.0000E+000 0.1905E-030 0.2549E-004 0.4055E-008 0.4159E-034 0.4183E-011 0.4633E-009 0.9034E-022 0.1744E-014 0.1456E-005 0.8755E-016 0.9952E-018 0.6140E-016 0.1695E-008 0.5283E-016 0.2714E-019 0.4775E-021 0.3533E-019 0.3551E-020 0.1633E-012 0.4332E-020 0.2589E-022 0.5272E-026 0.0000E+000 0.0000E+000
0.1753E+002 0.1000E+001 0.0000E+000 0.0000E+000 0.2250E+001 0.0000E+000 0.5937E-032 0.2550E-004 0.1835E-008 0.1170E-035 0.4183E-011 0.4633E-009 0.6579E-022 0.1083E-014 0.1456E-005 0.4557E-016 0.9986E-018 0.3596E-016 0.1695E-008 0.3042E-016 0.2726E-019 0.2161E-021 0.2798E-019 0.3618E-020 0.1633E-012 0.2610E-020 0.2653E-022 0.5766E-026 0.0000E+000 0.0000E+000
0.1752E+002 0.1000E+001 0.0000E+000 0.0000E+000 0.2250E+001 0.0000E+000 0.1832E-033 0.2550E-004 0.8307E-009 0.3726E-037 0.4183E-011 0.4633E-009 0.4792E-022 0.6697E-015 0.1456E-005 0.2372E-016 0.1001E-017 0.2091E-016 0.1695E-008 0.1745E-016 0.2734E-019 0.9783E-022 0.2218E-019 0.3677E-020 0.1633E-012 0.1553E-020 0.2712E-022 0.6267E-026 0.0000E+000 0.0000E+000
0.1751E+002 0.1000E+001 0.0000E+000 0.0000E+000 0.2250E+001 0.0000E+000 0.2449E-034 0.2550E-004 0.3761E-009 0.1714E-038 0.4183E-011 0.4633E-009 0.3490E-022 0.4124E-015 0.1456E-005 0.1235E-016 0.1002E-017 0.1209E-016 0.1695E-008 0.9985E-017 0.2739E-019 0.4430E-022 0.1762E-019 0.3731E-020 0.1633E-012 0.9151E-021 0.2768E-022 0.6778E-026 0.0000E+000 0.0000E+000
0.1750E+002 0.1000E+001 0.0000E+000 0.0000E+000 0.2250E+001 0.0000E+000 0.1118E-033 0.2550E-004 0.1703E-009 0.2343E-038 0.4183E-011 0.4633E-009 0.2542E-022 0.2532E-015 0.1456E-005 0.6433E-017 0.1003E-017 0.6959E-017 0.1695E-008 0.5700E-017 0.2743E-019 0.2006E-022 0.1402E-019 0.3780E-020 0.1633E-012 0.5350E-021 0.2823E-022 0.7297E-026 0.0000E+000 0.0000E+000
0.1749E+002 0.1000E+001 0.0000E+000 0.0000E+000 0.2250E+001 0.0000E+000 -.1728E-034 0.2550E-004 0.7717E-010 0.7070E-040 0.4183E-011 0.4633E-009 0.1852E-022 0.1550E-015 0.1456E-005 0.3352E-017 0.1003E-017 0.3993E-017 0.1695E-008 0.3248E-017 0.2746E-019 0.9088E-023 0.1119E-019 0.3826E-020 0.1633E-012 0.3109E-021 0.2877E-022 0.7826E-026 0.0000E+000 0.0000E+000
0.1748E+002 0.1000E+001 0.0000E+000 0.0000E+000 0.2250E+001 0.0000E+000 -.2004E-035 0.2550E-004 0.3496E-010 -.7842E-041 0.4183E-011 0.4633E-009 0.1349E-022 0.9472E-016 0.1456E-005 0.1747E-017 0.1004E-017 0.2285E-017 0.1695E-008 0.1849E-017 0.2748E-019 0.4118E-023 0.8950E-020 0.3869E-020 0.1633E-012 0.1797E-021 0.2930E-022 0.8363E-026 0.0000E+000 0.0000E+000
0.1747E+002 0.1000E+001 0.0000E+000 0.0000E+000 0.2250E+001 0.0000E+000 0.8908E-036 0.2550E-004 0.1585E-010 -.2295E-040 0.4183E-011 0.4633E-009 0.9833E-023 0.5776E-016 0.1456E-005 0.9103E-018 0.1004E-017 0.1305E-017 0.1695E-008 0.1051E-017 0.2751E-019 0.1866E-023 0.7187E-020 0.3911E-020 0.1633E-012 0.1035E-021 0.2983E-022 0.8911E-026 0.0000E+000 0.0000E+000
0.1746E+002 0.1000E+001 0.0000E+000 0.0000E+000 0.2250E+001 0.0000E+000 0.2925E-036 0.2550E-004 0.7183E-011 0.4066E-041 0.4183E-011 0.4633E-009 0.7165E-023 0.3517E-016 0.1456E-005 0.4746E-018 0.1004E-017 0.7438E-018 0.1695E-008 0.5973E-018 0.2753E-019 0.8459E-024 0.5798E-020 0.3950E-020 0.1633E-012 0.5942E-022 0.3036E-022 0.9468E-026 0.0000E+000 0.0000E+000
0.1745E+002 0.1000E+001 0.0000E+000 0.0000E+000 0.2250E+001 0.0000E+000 0.2222E-036 0.2550E-004 0.3257E-011 0.2230E-041 0.4183E-011 0.4633E-009 0.5222E-023 0.2139E-016 0.1456E-005 0.2475E-018 0.1004E-017 0.4236E-018 0.1695E-008 0.3392E-018 0.2755E-019 0.3836E-024 0.4702E-020 0.3989E-020 0.1633E-012 0.3403E-022 0.3089E-022 0.1003E-025 0.0000E+000 0.0000E+000
0.1744E+002 0.1000E+001 0.0000E+000 0.0000E+000 0.2250E+001 0.0000E+000 -.1197E-036 0.2550E-004 0.1477E-011 0.2623E-042 0.4183E-011 0.4633E-009 0.3806E-023 0.1299E-016 0.1456E-005 0.1291E-018 0.1004E-017 0.2410E-018 0.1695E-008 0.1926E-018 0.2757E-019 0.1740E-024 0.3839E-020 0.4026E-020 0.1633E-012 0.1945E-022 0.3141E-022 0.1061E-025 0.0000E+000 0.0000E+000
0.1743E+002 0.1000E+001 0.0000E+000 0.0000E+000 0.2250E+001 0.0000E+000 0.3310E-036 0.2550E-004 0.6701E-012 0.3575E-041 0.4183E-011 0.4633E-009 0.2774E-023 0.7887E-017 0.1456E-005 0.6735E-019 0.1004E-017 0.1370E-018 0.1695E-008 0.1093E-018 0.2759E-019 0.7891E-025 0.3157E-020 0.4062E-020 0.1633E-012 0.1110E-022 0.3194E-022 0.1120E-025 0.0000E+000 0.0000E+000
0.1742E+002 0.1000E+001 0.0000E+000 0.0000E+000 0.2250E+001 0.0000E+000 0.3171E-038 0.2550E-004 0.3040E-012 0.1961E-041 0.4183E-011 0.4633E-009 0.2022E-023 0.4784E-017 0.1456E-005 0.3515E-019 0.1004E-017 0.7787E-019 0.1695E-008 0.6201E-019 0.2761E-019 0.3581E-025 0.2620E-020 0.4097E-020 0.1633E-012 0.6326E-023 0.3247E-022 0.1179E-025 0.0000E+000 0.0000E+000
0.1741E+002 0.1000E+001 0.0000E+000 0.0000E+000 0.2250E+001 0.0000E+000 -.2447E-037 0.2550E-004 0.1380E-012 -.7208E-042 0.4183E-011 0.4633E-009 0.1474E-023 0.2900E-017 0.1456E-005 0.1835E-019 0.1004E-017 0.4424E-019 0.1695E-008 0.3519E-019 0.2763E-019 0.1625E-025 0.2197E-020 0.4132E-020 0.1633E-012 0.3602E-023 0.3300E-022 0.1240E-025 0.0000E+000 0.0000E+000
0.1740E+002 0.1000E+001 0.0000E+000 0.0000E+000 0.2250E+001 0.0000E+000 0.3697E-037 0.2550E-004 0.6264E-013 0.5450E-042 0.4183E-011 0.4633E-009 0.1075E-023 0.1757E-017 0.1456E-005 0.9579E-020 0.1004E-017 0.2512E-019 0.1695E-008 0.1996E-019 0.2765E-019 0.7377E-026 0.1863E-020 0.4166E-020 0.1633E-012 0.2050E-023 0.3352E-022 0.1301E-025 0.0000E+000 0.0000E+000
0.1739E+002 0.1000E+001 0.0000E+000 0.0000E+000 0.2250E+001 0.0000E+000 -.4085E-037 0.2550E-004 0.2844E-013 -.9363E-043 0.4183E-011 0.4633E-009 0.7840E-024 0.1064E-017 0.1456E-005 0.5003E-020 0.1004E-017 0.1427E-019 0.1695E-008 0.1133E-019 0.2767E-019 0.3350E-026 0.1599E-020 0.4199E-020 0.1633E-012 0.1166E-023 0.3405E-022 0.1363E-025 0.0000E+000 0.0000E+000
0.1738E+002 0.1000E+001 0.0000E+000 0.0000E+000 0.2250E+001 0.0000E+000 -.8818E-037 0.2550E-004 0.1292E-013 -.1831E-041 0.4183E-011 0.4633E-009 0.5717E-024 0.6441E-018 0.1456E-005 0.2613E-020 0.1004E-017 0.8102E-020 0.1695E-008 0.6427E-020 0.2769E-019 0.1521E-026 0.1392E-020 0.4231E-020 0.1633E-012 0.6627E-024 0.3458E-022 0.1427E-025 0.0000E+000 0.0000E+000
0.1737E+002 0.1000E+001 0.0000E+000 0.0000E+000 0.2250E+001 0.0000E+000 -.2147E-037 0.2550E-004 0.5868E-014 -.3372E-042 0.4183E-011 0.4633E-009 0.4170E-024 0.3898E-018 0.1456E-005 0.1366E-020 0.1004E-017 0.4600E-020 0.1695E-008 0.3647E-020 0.2771E-019 0.6911E-027 0.1228E-020 0.4263E-020 0.1633E-012 0.3766E-024 0.3511E-022 0.1491E-025 0.0000E+000 0.0000E+000
0.1736E+002 0.1000E+001 0.0000E+000 0.0000E+000 0.2250E+001 0.0000E+000 -.1662E-037 0.2550E-004 0.2666E-014 -.2897E-042 0.4183E-011 0.4633E-009 0.3041E-024 0.2359E-018 0.1456E-005 0.7137E-021 0.1004E-017 0.2612E-020 0.1695E-008 0.2070E-020 0.2773E-019 0.3140E-027 0.1099E-020 0.4295E-020 0.1633E-012 0.2140E-024 0.3563E-022 0.1556E-025 0.0000E+000 0.0000E+000
0.1735E+002 0.1000E+001 0.0000E+000 0.0000E+000 0.2250E+001 0.0000E+000 -.6550E-038 0.2550E-004 0.1212E-014 -.7802E-043 0.4183E-011 0.4633E-009 0.2219E-024 0.1427E-018 0.1456E-005 0.3731E-021 0.1004E-017 0.1483E-020 0.1695E-008 0.1175E-020 0.2775E-019 0.1427E-027 0.9967E-021 0.4326E-020 0.1633E-012 0.1216E-024 0.3616E-022 0.1622E-025 0.0000E+000 0.0000E+000
0.1734E+002 0.1000E+001 0.0000E+000 0.0000E+000 0.2250E+001 0.0000E+000 0.5083E-038 0.2550E-004 0.5509E-015 0.4102E-043 0.4183E-011 0.4633E-009 0.1619E-024 0.8634E-019 0.1456E-005 0.1951E-021 0.1004E-017 0.8425E-021 0.1695E-008 0.6670E-021 0.2777E-019 0.6488E-028 0.9164E-021 0.4356E-020 0.1633E-012 0.6908E-025 0.3669E-022 0.1690E-025 0.0000E+000 0.0000E+000
0.1733E+002 0.1000E+001 0.0000E+000 0.0000E+000 0.2250E+001 0.0000E+000 -.3055E-038 0.2550E-004 0.2505E-015 -.3228E-043 0.4183E-011 0.4633E-009 0.1181E-024 0.5222E-019 0.1456E-005 0.1020E-021 0.1004E-017 0.4785E-021 0.1695E-008 0.3787E-021 0.2779E-019 0.2950E-028 0.8531E-021 0.4386E-020 0.1633E-012 0.3925E-025 0.3722E-022 0.1758E-025 0.0000E+000 0.0000E+000
0.1732E+002 0.1000E+001 0.0000E+000 0.0000E+000 0.2250E+001 0.0000E+000 0.7994E-039 0.2550E-004 0.1139E-015 -.2437E-043 0.4183E-011 0.4633E-009 0.8617E-025 0.3159E-019 0.1456E-005 0.5339E-022 0.1004E-017 0.2719E-021 0.1695E-008 0.2150E-021 0.2780E-019 0.1342E-028 0.8032E-021 0.4415E-020 0.1633E-012 0.2230E-025 0.3775E-022 0.1827E-025 0.0000E+000 0.0000E+000
0.1731E+002 0.1000E+001 0.0000E+000 0.0000E+000 0.2250E+001 0.0000E+000 -.7376E-039 0.2550E-004 0.5183E-016 -.2416E-043 0.4183E-011 0.4633E-009 0.6288E-025 0.1911E-019 0.1456E-005 0.2794E-022 0.1004E-017 0.1545E-021 0.1695E-008 0.1221E-021 0.2782E-019 0.6104E-029 0.7638E-021 0.4444E-020 0.1633E-012 0.1267E-025 0.3828E-022 0.1897E-025 0.0000E+000 0.0000E+000
0.1730E+002 0.1000E+001 0.0000E+000 0.0000E+000 0.2250E+001 0.0000E+000 -.4301E-039 0.2550E-004 0.2358E-016 -.4160E-044 0.4183E-011 0.4633E-009 0.4589E-025 0.1156E-019 0.1456E-005 0.1462E-022 0.1004E-017 0.8778E-022 0.1695E-008 0.6938E-022 0.2784E-019 0.2777E-029 0.7329E-021 0.4473E-020 0.1633E-012 0.7201E-026 0.3881E-022 0.1968E-025 0.0000E+000 0.0000E+000
0.1729E+002 0.1000E+001 0.0000E+000 0.0000E+000 0.2250E+001 0.0000E+000 -.3119E-039 0.2550E-004 0.1073E-016 -.6326E-044 0.4183E-011 0.4633E-009 0.3350E-025 0.6989E-020 0.1456E-005 0.7656E-023 0.1004E-017 0.4990E-022 0.1695E-008 0.3942E-022 0.2786E-019 0.1264E-029 0.7085E-021 0.4501E-020 0.1633E-012 0.4093E-026 0.3934E-022 0.2040E-025 0.0000E+000 0.0000E+000
0.1728E+002 0.1000E+001 0.0000E+000 0.0000E+000 0.2250E+001 0.0000E+000 0.1150E-039 0.2550E-004 0.4886E-017 -.6595E-046 0.4183E-011 0.4633E-009 0.2445E-025 0.4228E-020 0.1456E-005 0.4010E-023 0.1004E-017 0.2837E-022 0.1695E-008 0.2240E-022 0.2788E-019 0.5755E-030 0.6893E-021 0.4528E-020 0.1633E-012 0.2326E-026 0.3987E-022 0.2112E-025 0.0000E+000 0.0000E+000
0.1727E+002 0.1000E+001 0.0000E+000 0.0000E+000 0.2250E+001 0.0000E+000 -.2382E-041 0.2550E-004 0.2225E-017 -.9481E-045 0.4183E-011 0.4633E-009 0.1785E-025 0.2557E-020 0.1456E-005 0.2101E-023 0.1004E-017 0.1613E-022 0.1695E-008 0.1273E-022 0.2790E-019 0.2620E-030 0.6742E-021 0.4555E-020 0.1633E-012 0.1323E-026 0.4040E-022 0.2186E-025 0.0000E+000 0.0000E+000
0.1726E+002 0.1000E+001 0.0000E+000 0.0000E+000 0.2250E+001 0.0000E+000 0.9254E-040 0.2550E-004 0.1013E-017 0.1873E-044 0.4183E-011 0.4633E-009 0.1303E-025 0.1547E-020 0.1456E-005 0.1101E-023 0.1004E-017 0.9174E-023 0.1695E-008 0.7240E-023 0.2792E-019 0.1193E-030 0.6624E-021 0.4582E-020 0.1633E-012 0.7521E-027 0.4093E-022 0.2261E-025 0.0000E+000 0.0000E+000
0.1725E+002 0.1000E+001 0.0000E+000 0.0000E+000 0.2250E+001 0.0000E+000 -.1019E-039 0.2550E-004 0.4617E-018 -.6910E-045 0.4183E-011 0.4633E-009 0.9516E-026 0.9358E-021 0.1456E-005 0.5769E-024 0.1004E-017 0.5219E-023 0.1695E-008 0.4117E-023 0.2794E-019 0.5437E-031 0.6531E-021 0.4608E-020 0.1633E-012 0.4278E-027 0.4146E-022 0.2337E-025 0.0000E+000 0.0000E+000
0.1724E+002 0.1000E+001 0.0000E+000 0.0000E+000 0.2250E+001 0.0000E+000 0.8379E-040 0.2550E-004 0.2104E-018 0.9166E-045 0.4183E-011 0.4633E-009 0.6949E-026 0.5662E-021 0.1456E-005 0.3024E-024 0.1004E-017 0.2969E-023 0.1695E-008 0.2341E-023 0.2796E-019 0.2478E-031 0.6458E-021 0.4634E-020 0.1633E-012 0.2433E-027 0.4199E-022 0.2413E-025 0.0000E+000 0.0000E+000
0.1723E+002 0.1000E+001 0.0000E+000 0.0000E+000 0.2250E+001 0.0000E+000 -.1023E-039 0.2550E-004 0.9588E-019 -.2199E-044 0.4183E-011 0.4633E-009 0.5075E-026 0.3426E-021 0.1456E-005 0.1586E-024 0.1004E-017 0.1690E-023 0.1695E-008 0.1332E-023 0.2798E-019 0.1129E-031 0.6401E-021 0.4659E-020 0.1633E-012 0.1385E-027 0.4252E-022 0.2491E-025 0.0000E+000 0.0000E+000
0.1722E+002 0.1000E+001 0.0000E+000 0.0000E+000 0.2250E+001 0.0000E+000 -.2072E-040 0.2550E-004 0.4371E-019 -.4988E-045 0.4183E-011 0.4633E-009 0.3706E-026 0.2073E-021 0.1456E-005 0.8320E-025 0.1004E-017 0.9620E-024 0.1695E-008 0.7579E-024 0.2800E-019 0.5148E-032 0.6357E-021 0.4684E-020 0.1633E-012 0.7879E-028 0.4305E-022 0.2570E-025 0.0000E+000 0.0000E+000
0.1721E+002 0.1000E+001 0.0000E+000 0.0000E+000 0.2250E+001 0.0000E+000 0.4176E-040 0.2550E-004 0.1993E-019 0.8865E-045 0.4183E-011 0.4633E-009 0.2707E-026 0.1255E-021 0.1456E-005 0.4365E-025 0.1004E-017 0.5478E-024 0.1695E-008 0.4313E-024 0.2802E-019 0.2348E-032 0.6323E-021 0.4709E-020 0.1633E-012 0.4485E-028 0.4358E-022 0.2649E-025 0.0000E+000 0.0000E+000
0.1720E+002 0.1000E+001 0.0000E+000 0.0000E+000 0.2250E+001 0.0000E+000 0.1490E-040 0.2550E-004 0.9092E-020 -.1887E-045 0.4183E-011 0.4633E-009 0.1978E-026 0.7594E-022 0.1456E-005 0.2291E-025 0.1003E-017 0.3120E-024 0.1695E-008 0.2455E-024 0.2804E-019 0.1071E-032 0.6297E-021 0.4733E-020 0.1633E-012 0.2554E-028 0.4411E-022 0.2730E-025 0.0000E+000 0.0000E+000
0.1719E+002 0.1000E+001 0.0000E+000 0.0000E+000 0.2250E+001 0.0000E+000 0.1263E-041 0.2550E-004 0.4148E-020 -.7162E-046 0.4183E-011 0.4633E-009 0.1445E-026 0.4597E-022 0.1456E-005 0.1203E-025 0.1003E-017 0.1777E-024 0.1695E-008 0.1398E-024 0.2806E-019 0.4885E-033 0.6276E-021 0.4757E-020 0.1633E-012 0.1454E-028 0.4464E-022 0.2811E-025 0.0000E+000 0.0000E+000
0.1718E+002 0.1000E+001 0.0000E+000 0.0000E+000 0.2250E+001 0.0000E+000 -.5820E-041 0.2550E-004 0.1893E-020 0.1455E-045 0.4183E-011 0.4633E-009 0.1056E-026 0.2783E-022 0.1456E-005 0.6317E-026 0.1003E-017 0.1013E-024 0.1695E-008 0.7959E-025 0.2808E-019 0.2229E-033 0.6261E-021 0.4780E-020 0.1633E-012 0.8283E-029 0.4518E-022 0.2893E-025 0.0000E+000 0.0000E+000
0.1717E+002 0.1000E+001 0.0000E+000 0.0000E+000 0.2250E+001 0.0000E+000 -.7889E-041 0.2550E-004 0.8640E-021 -.1448E-045 0.4183E-011 0.4633E-009 0.7714E-027 0.1685E-022 0.1456E-005 0.3318E-026 0.1003E-017 0.5771E-025 0.1695E-008 0.4533E-025 0.2810E-019 0.1017E-033 0.6250E-021 0.4803E-020 0.1633E-012 0.4719E-029 0.4571E-022 0.2977E-025 0.0000E+000 0.0000E+000
0.1716E+002 0.1000E+001 0.0000E+000 0.0000E+000 0.2250E+001 0.0000E+000 0.1572E-040 0.2550E-004 0.3945E-021 0.3582E-045 0.4183E-011 0.4633E-009 0.5638E-027 0.1020E-022 0.1456E-005 0.1743E-026 0.1003E-017 0.3290E-025 0.1695E-008 0.2583E-025 0.2812E-019 0.4645E-034 0.6241E-021 0.4826E-020 0.1633E-012 0.2689E-029 0.4624E-022 0.3061E-025 0.0000E+000 0.0000E+000
0.1715E+002 0.1000E+001 0.0000E+000 0.0000E+000 0.2250E+001 0.0000E+000 0.1800E-040 0.2550E-004 0.1801E-021 0.3535E-045 0.4183E-011 0.4633E-009 0.4120E-027 0.6180E-023 0.1456E-005 0.9164E-027 0.1003E-017 0.1876E-025 0.1695E-008 0.1472E-025 0.2814E-019 0.2121E-034 0.6235E-021 0.4848E-020 0.1633E-012 0.1533E-029 0.4677E-022 0.3146E-025 0.0000E+000 0.0000E+000
0.1714E+002 0.1000E+001 0.0000E+000 0.0000E+000 0.2250E+001 0.0000E+000 -.3251E-040 0.2550E-004 0.8228E-022 -.5882E-045 0.4183E-011 0.4633E-009 0.3012E-027 0.3743E-023 0.1456E-005 0.4818E-027 0.1003E-017 0.1070E-025 0.1695E-008 0.8387E-026 0.2815E-019 0.9688E-035 0.6231E-021 0.4870E-020 0.1633E-012 0.8738E-030 0.4731E-022 0.3232E-025 0.0000E+000 0.0000E+000
0.1713E+002 0.1000E+001 0.0000E+000 0.0000E+000 0.2250E+001 0.0000E+000 0.1953E-040 0.2550E-004 0.3759E-022 0.3267E-045 0.4183E-011 0.4633E-009 0.2201E-027 0.2268E-023 0.1456E-005 0.2534E-027 0.1003E-017 0.6104E-026 0.1695E-008 0.4781E-026 0.2817E-019 0.4426E-035 0.6229E-021 0.4891E-020 0.1633E-012 0.4983E-030 0.4784E-022 0.3320E-025 0.0000E+000 0.0000E+000
0.1712E+002 0.1000E+001 0.0000E+000 0.0000E+000 0.2250E+001 0.0000E+000 -.3471E-041 0.2550E-004 0.1718E-022 -.9220E-046 0.4183E-011 0.4633E-009 0.1609E-027 0.1374E-023 0.1456E-005 0.1333E-027 0.1003E-017 0.3484E-026 0.1695E-008 0.2726E-026 0.2819E-019 0.2023E-035 0.6227E-021 0.4913E-020 0.1633E-012 0.2842E-030 0.4837E-022 0.3408E-025 0.0000E+000 0.0000E+000
0.1711E+002 0.1000E+001 0.0000E+000 0.0000E+000 0.2250E+001 0.0000E+000 0.3885E-040 0.2550E-004 0.7854E-023 0.8479E-045 0.4183E-011 0.4633E-009 0.1177E-027 0.8325E-024 0.1456E-005 0.7015E-028 0.1003E-017 0.1988E-026 0.1695E-008 0.1555E-026 0.2821E-019 0.9245E-036 0.6227E-021 0.4934E-020 0.1633E-012 0.1621E-030 0.4890E-022 0.3497E-025 0.0000E+000 0.0000E+000
0.1710E+002 0.1000E+001 0.0000E+000 0.0000E+000 0.2250E+001 0.0000E+000 0.1909E-040 0.2550E-004 0.3591E-023 0.4472E-045 0.4183E-011 0.4633E-009 0.8604E-028 0.5045E-024 0.1456E-005 0.3693E-028 0.1003E-017 0.1135E-026 0.1695E-008 0.8868E-027 0.2823E-019 0.4227E-036 0.6227E-021 0.4954E-020 0.1633E-012 0.9253E-031 0.4944E-022 0.3587E-025 0.0000E+000 0.0000E+000
0.1709E+002 0.1000E+001 0.0000E+000 0.0000E+000 0.2250E+001 0.0000E+000 0.5784E-041 0.2550E-004 0.1643E-023 0.2528E-045 0.4183E-011 0.4633E-009 0.6292E-028 0.3058E-024 0.1456E-005 0.1945E-028 0.1003E-017 0.6484E-027 0.1695E-008 0.5059E-027 0.2825E-019 0.1933E-036 0.6228E-021 0.4974E-020 0.1633E-012 0.5282E-031 0.4997E-022 0.3678E-025 0.0000E+000 0.0000E+000
0.1708E+002 0.1000E+001 0.0000E+000 0.0000E+000 0.2250E+001 0.0000E+000 -.1763E-040 0.2550E-004 0.7515E-024 -.2748E-045 0.4183E-011 0.4633E-009 0.4602E-028 0.1854E-024 0.1456E-005 0.1024E-028 0.1003E-017 0.3704E-027 0.1695E-008 0.2887E-027 0.2827E-019 0.8842E-037 0.6229E-021 0.4994E-020 0.1633E-012 0.3016E-031 0.5051E-022 0.3770E-025 0.0000E+000 0.0000E+000
0.1707E+002 0.1000E+001 0.0000E+000 0.0000E+000 0.2250E+001 0.0000E+000 0.1040E-040 0.2550E-004 0.3439E-024 0.1564E-045 0.4183E-011 0.4633E-009 0.3366E-028 0.1124E-024 0.1456E-005 0.5398E-029 0.1003E-017 0.2117E-027 0.1695E-008 0.1648E-027 0.2829E-019 0.4045E-037 0.6231E-021 0.5014E-020 0.1633E-012 0.1722E-031 0.5104E-022 0.3862E-025 0.0000E+000 0.0000E+000
0.1706E+002 0.1000E+001 0.0000E+000 0.0000E+000 0.2250E+001 0.0000E+000 0.5667E-041 0.2550E-004 0.1574E-024 0.1705E-045 0.4183E-011 0.4633E-009 0.2462E-028 0.6816E-025 0.1456E-005 0.2845E-029 0.1003E-017 0.1210E-027 0.1695E-008 0.9407E-028 0.2831E-019 0.1851E-037 0.6233E-021 0.5033E-020 0.1633E-012 0.9837E-032 0.5157E-022 0.3956E-025 0.0000E+000 0.0000E+000
0.1705E+002 0.1000E+001 0.0000E+000 0.0000E+000 0.2250E+001 0.0000E+000 0.5555E-040 0.2550E-004 0.7209E-025 0.9855E-045 0.4183E-011 0.4633E-009 0.1801E-028 0.4134E-025 0.1456E-005 0.1500E-029 0.1003E-017 0.6917E-028 0.1695E-008 0.5372E-028 0.2833E-019 0.8474E-038 0.6235E-021 0.5052E-020 0.1633E-012 0.5621E-032 0.5211E-022 0.4051E-025 0.0000E+000 0.0000E+000
0.1704E+002 0.1000E+001 0.0000E+000 0.0000E+000 0.2250E+001 0.0000E+000 0.1712E-040 0.2550E-004 0.3302E-025 0.3686E-045 0.4183E-011 0.4633E-009 0.1318E-028 0.2507E-025 0.1456E-005 0.7914E-030 0.1003E-017 0.3956E-028 0.1695E-008 0.3068E-028 0.2835E-019 0.3880E-038 0.6238E-021 0.5071E-020 0.1633E-012 0.3212E-032 0.5264E-022 0.4146E-025 0.0000E+000 0.0000E+000
0.1703E+002 0.1000E+001 0.0000E+000 0.0000E+000 0.2250E+001 0.0000E+000 0.6237E-041 0.2550E-004 0.1513E-025 0.1712E-045 0.4183E-011 0.4633E-009 0.9642E-029 0.1521E-025 0.1456E-005 0.4176E-030 0.1003E-017 0.2263E-028 0.1695E-008 0.1753E-028 0.2837E-019 0.1777E-038 0.6240E-021 0.5089E-020 0.1633E-012 0.1836E-032 0.5318E-022 0.4243E-025 0.0000E+000 0.0000E+000
0.1702E+002 0.1000E+001 0.0000E+000 0.0000E+000 0.2250E+001 0.0000E+000 0.6805E-041 0.2550E-004 0.6938E-026 0.3982E-045 0.4183E-011 0.4633E-009 0.7055E-029 0.9230E-026 0.1456E-005 0.2205E-030 0.1003E-017 0.1295E-028 0.1695E-008 0.1001E-028 0.2839E-019 0.8139E-039 0.6243E-021 0.5107E-020 0.1633E-012 0.1050E-032 0.5371E-022 0.4341E-025 0.0000E+000 0.0000E+000
0.1701E+002 0.1000E+001 0.0000E+000 0.0000E+000 0.2250E+001 0.0000E+000 -.1012E-040 0.2550E-004 0.3182E-026 -.1600E-045 0.4183E-011 0.4633E-009 0.5163E-029 0.5601E-026 0.1456E-005 0.1164E-030 0.1003E-017 0.7413E-029 0.1695E-008 0.5723E-029 0.2841E-019 0.3729E-039 0.6246E-021 0.5125E-020 0.1633E-012 0.6006E-033 0.5425E-022 0.4439E-025 0.0000E+000 0.0000E+000
0.1700E+002 0.1000E+001 0.0000E+000 0.0000E+000 0.2250E+001 0.0000E+000 -.2827E-040 0.2550E-004 0.1460E-026 -.5435E-045 0.4183E-011 0.4633E-009 0.3779E-029 0.3399E-026 0.1456E-005 0.6151E-031 0.1003E-017 0.4245E-029 0.1695E-008 0.3271E-029 0.2843E-019 0.1709E-039 0.6249E-021 0.5142E-020 0.1633E-012 0.3436E-033 0.5478E-022 0.4539E-025 0.0000E+000 0.0000E+000
0.1699E+002 0.1000E+001 0.0000E+000 0.0000E+000 0.2250E+001 0.0000E+000 0.2321E-040 0.2550E-004 0.6703E-027 0.6129E-045 0.4183E-011 0.4633E-009 0.2766E-029 0.2063E-026 0.1456E-005 0.3251E-031 0.1003E-017 0.2431E-029 0.1695E-008 0.1870E-029 0.2844E-019 0.7833E-040 0.6252E-021 0.5159E-020 0.1633E-012 0.1966E-033 0.5532E-022 0.4639E-025 0.0000E+000 0.0000E+000
0.1698E+002 0.1000E+001 0.0000E+000 0.0000E+000 0.2250E+001 0.0000E+000 -.8508E-041 0.2550E-004 0.3079E-027 -.1050E-045 0.4183E-011 0.4633E-009 0.2025E-029 0.1253E-026 0.1456E-005 0.1719E-031 0.1003E-017 0.1393E-029 0.1695E-008 0.1069E-029 0.2846E-019 0.3592E-040 0.6255E-021 0.5176E-020 0.1633E-012 0.1126E-033 0.5585E-022 0.4740E-025 0.0000E+000 0.0000E+000
0.1697E+002 0.1000E+001 0.0000E+000 0.0000E+000 0.2250E+001 0.0000E+000 -.2205E-040 0.2550E-004 0.1416E-027 -.2859E-045 0.4183E-011 0.4633E-009 0.1483E-029 0.7607E-027 0.1456E-005 0.9094E-032 0.1003E-017 0.7984E-030 0.1695E-008 0.6117E-030 0.2848E-019 0.1647E-040 0.6258E-021 0.5193E-020 0.1633E-012 0.6446E-034 0.5639E-022 0.4843E-025 0.0000E+000 0.0000E+000
0.1696E+002 0.1000E+001 0.0000E+000 0.0000E+000 0.2250E+001 0.0000E+000 -.8845E-042 0.2550E-004 0.6514E-028 -.9275E-046 0.4183E-011 0.4633E-009 0.1085E-029 0.4619E-027 0.1456E-005 0.4813E-032 0.1003E-017 0.4578E-030 0.1695E-008 0.3499E-030 0.2850E-019 0.7556E-041 0.6261E-021 0.5209E-020 0.1633E-012 0.3692E-034 0.5693E-022 0.4946E-025 0.0000E+000 0.0000E+000
0.1695E+002 0.1000E+001 0.0000E+000 0.0000E+000 0.2250E+001 0.0000E+000 -.2834E-043 0.2550E-004 0.3000E-028 -.3585E-047 0.4183E-011 0.4633E-009 0.7948E-030 0.2806E-027 0.1456E-005 0.2549E-032 0.1003E-017 0.2626E-030 0.1695E-008 0.2002E-030 0.2852E-019 0.3467E-041 0.6264E-021 0.5226E-020 0.1633E-012 0.2115E-034 0.5746E-022 0.5050E-025 0.0000E+000 0.0000E+000
0.1694E+002 0.1000E+001 0.0000E+000 0.0000E+000 0.2250E+001 0.0000E+000 -.2129E-040 0.2550E-004 0.1383E-028 -.4746E-045 0.4183E-011 0.4633E-009 0.5821E-030 0.1704E-027 0.1456E-005 0.1350E-032 0.1003E-017 0.1506E-030 0.1695E-008 0.1146E-030 0.2854E-019 0.1591E-041 0.6267E-021 0.5241E-020 0.1633E-012 0.1212E-034 0.5800E-022 0.5155E-025 0.0000E+000 0.0000E+000
0.1693E+002 0.1000E+001 0.0000E+000 0.0000E+000 0.2250E+001 0.0000E+000 -.4966E-040 0.2550E-004 0.6388E-029 -.8599E-045 0.4183E-011 0.4633E-009 0.4263E-030 0.1036E-027 0.1456E-005 0.7156E-033 0.1003E-017 0.8645E-031 0.1695E-008 0.6561E-031 0.2856E-019 0.7304E-042 0.6270E-021 0.5257E-020 0.1633E-012 0.6949E-035 0.5853E-022 0.5261E-025 0.0000E+000 0.0000E+000
0.1692E+002 0.1000E+001 0.0000E+000 0.0000E+000 0.2250E+001 0.0000E+000 0.4443E-040 0.2550E-004 0.2955E-029 0.7327E-045 0.4183E-011 0.4633E-009 0.3123E-030 0.6292E-028 0.1456E-005 0.3795E-033 0.1003E-017 0.4964E-031 0.1695E-008 0.3756E-031 0.2858E-019 0.3354E-042 0.6273E-021 0.5272E-020 0.1633E-012 0.3985E-035 0.5907E-022 0.5368E-025 0.0000E+000 0.0000E+000
0.1691E+002 0.1000E+001 0.0000E+000 0.0000E+000 0.2250E+001 0.0000E+000 -.1700E-040 0.2550E-004 0.1369E-029 -.2457E-045 0.4183E-011 0.4633E-009 0.2287E-030 0.3824E-028 0.1456E-005 0.2013E-033 0.1003E-017 0.2851E-031 0.1695E-008 0.2151E-031 0.2860E-019 0.1540E-042 0.6276E-021 0.5288E-020 0.1633E-012 0.2286E-035 0.5961E-022 0.5476E-025 0.0000E+000 0.0000E+000
0.1690E+002 0.1000E+001 0.0000E+000 0.0000E+000 0.2250E+001 0.0000E+000 -.3105E-041 0.2550E-004 0.6362E-030 -.4578E-047 0.4183E-011 0.4633E-009 0.1676E-030 0.2324E-028 0.1456E-005 0.1069E-033 0.1003E-017 0.1638E-031 0.1695E-008 0.1232E-031 0.2862E-019 0.7076E-043 0.6280E-021 0.5302E-020 0.1633E-012 0.1312E-035 0.6015E-022 0.5585E-025 0.0000E+000 0.0000E+000
0.1689E+002 0.1000E+001 0.0000E+000 0.0000E+000 0.2250E+001 0.0000E+000 -.1003E-042 0.2550E-004 0.2965E-030 -.5205E-047 0.4183E-011 0.4633E-009 0.1228E-030 0.1413E-028 0.1456E-005 0.5678E-034 0.1003E-017 0.9416E-032 0.1695E-008 0.7060E-032 0.2864E-019 0.3251E-043 0.6283E-021 0.5317E-020 0.1633E-012 0.7528E-036 0.6068E-022 0.5695E-025 0.0000E+000 0.0000E+000
0.1688E+002 0.1000E+001 0.0000E+000 0.0000E+000 0.2250E+001 0.0000E+000 -.1451E-040 0.2550E-004 0.1386E-030 -.1122E-045 0.4183E-011 0.4633E-009 0.8996E-031 0.8592E-029 0.1456E-005 0.3018E-034 0.1003E-017 0.5414E-032 0.1695E-008 0.4046E-032 0.2866E-019 0.1494E-043 0.6286E-021 0.5331E-020 0.1633E-012 0.4323E-036 0.6122E-022 0.5806E-025 0.0000E+000 0.0000E+000
0.1687E+002 0.1000E+001 0.0000E+000 0.0000E+000 0.2250E+001 0.0000E+000 -.4700E-042 0.2550E-004 0.6509E-031 -.2649E-046 0.4183E-011 0.4633E-009 0.6593E-031 0.5225E-029 0.1456E-005 0.1605E-034 0.1003E-017 0.3115E-032 0.1695E-008 0.2319E-032 0.2868E-019 0.6869E-044 0.6289E-021 0.5346E-020 0.1633E-012 0.2483E-036 0.6176E-022 0.5918E-025 0.0000E+000 0.0000E+000
0.1686E+002 0.1000E+001 0.0000E+000 0.0000E+000 0.2250E+001 0.0000E+000 0.1263E-040 0.2550E-004 0.3072E-031 0.3250E-045 0.4183E-011 0.4633E-009 0.4832E-031 0.3178E-029 0.1456E-005 0.8542E-035 0.1003E-017 0.1792E-032 0.1695E-008 0.1330E-032 0.2870E-019 0.3159E-044 0.6292E-021 0.5359E-020 0.1633E-012 0.1426E-036 0.6230E-022 0.6030E-025 0.0000E+000 0.0000E+000
0.1685E+002 0.1000E+001 0.0000E+000 0.0000E+000 0.2250E+001 0.0000E+000 0.1091E-041 0.2550E-004 0.1458E-031 -.2353E-045 0.4183E-011 0.4633E-009 0.3541E-031 0.1933E-029 0.1456E-005 0.4549E-035 0.1003E-017 0.1032E-032 0.1695E-008 0.7624E-033 0.2871E-019 0.1453E-044 0.6295E-021 0.5373E-020 0.1633E-012 0.8199E-037 0.6283E-022 0.6144E-025 0.0000E+000 0.0000E+000
0.1684E+002 0.1000E+001 0.0000E+000 0.0000E+000 0.2250E+001 0.0000E+000 0.5465E-040 0.2550E-004 0.6971E-032 0.1049E-044 0.4183E-011 0.4633E-009 0.2596E-031 0.1176E-029 0.1456E-005 0.2424E-035 0.1003E-017 0.5944E-033 0.1695E-008 0.4373E-033 0.2873E-019 0.6683E-045 0.6299E-021 0.5387E-020 0.1633E-012 0.4714E-037 0.6337E-022 0.6258E-025 0.0000E+000 0.0000E+000
0.1683E+002 0.1000E+001 0.0000E+000 0.0000E+000 0.2250E+001 0.0000E+000 -.1075E-040 0.2550E-004 0.3359E-032 -.1793E-046 0.4183E-011 0.4633E-009 0.1903E-031 0.7156E-030 0.1456E-005 0.1293E-035 0.1003E-017 0.3425E-033 0.1695E-008 0.2508E-033 0.2875E-019 0.3075E-045 0.6302E-021 0.5400E-020 0.1633E-012 0.2711E-037 0.6391E-022 0.6374E-025 0.0000E+000 0.0000E+000
0.1682E+002 0.1000E+001 0.0000E+000 0.0000E+000 0.2250E+001 0.0000E+000 -.5399E-041 0.2550E-004 0.1633E-032 -.5129E-044 0.4183E-011 0.4633E-009 0.1395E-031 0.4355E-030 0.1456E-005 0.6899E-036 0.1003E-017 0.1974E-033 0.1695E-008 0.1439E-033 0.2877E-019 0.1414E-045 0.6305E-021 0.5413E-020 0.1633E-012 0.1560E-037 0.6445E-022 0.6490E-025 0.0000E+000 0.0000E+000
0.1681E+002 0.1000E+001 0.0000E+000 0.0000E+000 0.2250E+001 0.0000E+000 -.1156E-038 0.2550E-004 0.8017E-033 -.1712E-043 0.4183E-011 0.4633E-009 0.1023E-031 0.2650E-030 0.1456E-005 0.3684E-036 0.1003E-017 0.1139E-033 0.1695E-008 0.8257E-034 0.2879E-019 0.6507E-046 0.6308E-021 0.5426E-020 0.1633E-012 0.8975E-038 0.6499E-022 0.6608E-025 0.0000E+000 0.0000E+000
0.1680E+002 0.1000E+001 0.0000E+000 0.0000E+000 0.2250E+001 0.0000E+000 -.2869E-040 0.2550E-004 0.3982E-033 -.2226E-044 0.4183E-011 0.4633E-009 0.7502E-032 0.1613E-030 0.1456E-005 0.1969E-036 0.1003E-017 0.6569E-034 0.1695E-008 0.4738E-034 0.2881E-019 0.2993E-046 0.6311E-021 0.5439E-020 0.1633E-012 0.5167E-038 0.6553E-022 0.6726E-025 0.0000E+000 0.0000E+000
0.1679E+002 0.1000E+001 0.0000E+000 0.0000E+000 0.2250E+001 0.0000E+000 0.2564E-039 0.2550E-004 0.2003E-033 0.9018E-044 0.4183E-011 0.4633E-009 0.5501E-032 0.9820E-031 0.1456E-005 0.1053E-036 0.1003E-017 0.3792E-034 0.1695E-008 0.2720E-034 0.2883E-019 0.1378E-046 0.6315E-021 0.5451E-020 0.1633E-012 0.2976E-038 0.6607E-022 0.6845E-025 0.0000E+000 0.0000E+000
0.1678E+002 0.1000E+001 0.0000E+000 0.0000E+000 0.2250E+001 0.0000E+000 -.5549E-039 0.2550E-004 0.1020E-033 -.1248E-043 0.4183E-011 0.4633E-009 0.4035E-032 0.5979E-031 0.1456E-005 0.5638E-037 0.1003E-017 0.2190E-034 0.1695E-008 0.1562E-034 0.2885E-019 0.6342E-047 0.6318E-021 0.5463E-020 0.1633E-012 0.1714E-038 0.6661E-022 0.6965E-025 0.0000E+000 0.0000E+000
0.1677E+002 0.1000E+001 0.0000E+000 0.0000E+000 0.2250E+001 0.0000E+000 0.5390E-039 0.2550E-004 0.5268E-034 0.7070E-044 0.4183E-011 0.4633E-009 0.2960E-032 0.3641E-031 0.1456E-005 0.3021E-037 0.1003E-017 0.1265E-034 0.1695E-008 0.8968E-035 0.2887E-019 0.2920E-047 0.6321E-021 0.5475E-020 0.1633E-012 0.9882E-039 0.6715E-022 0.7087E-025 0.0000E+000 0.0000E+000
0.1676E+002 0.1000E+001 0.0000E+000 0.0000E+000 0.2250E+001 0.0000E+000 -.3410E-039 0.2550E-004 0.2757E-034 -.2489E-044 0.4183E-011 0.4633E-009 0.2171E-032 0.2217E-031 0.1456E-005 0.1621E-037 0.1003E-017 0.7315E-035 0.1695E-008 0.5151E-035 0.2889E-019 0.1345E-047 0.6324E-021 0.5487E-020 0.1633E-012 0.5698E-039 0.6769E-022 0.7209E-025 0.0000E+000 0.0000E+000
0.1675E+002 0.1000E+001 0.0000E+000 0.0000E+000 0.2250E+001 0.0000E+000 -.1159E-038 0.2550E-004 0.1462E-034 -.2791E-043 0.4183E-011 0.4633E-009 0.1593E-032 0.1351E-031 0.1456E-005 0.8702E-038 0.1003E-017 0.4232E-035 0.1695E-008 0.2959E-035 0.2891E-019 0.6196E-048 0.6328E-021 0.5499E-020 0.1633E-012 0.3287E-039 0.6823E-022 0.7332E-025 0.0000E+000 0.0000E+000
0.1674E+002 0.1000E+001 0.0000E+000 0.0000E+000 0.2250E+001 0.0000E+000 0.2186E-039 0.2550E-004 0.7854E-035 -.1076E-044 0.4183E-011 0.4633E-009 0.1169E-032 0.8229E-032 0.1456E-005 0.4677E-038 0.1003E-017 0.2449E-035 0.1695E-008 0.1701E-035 0.2893E-019 0.2855E-048 0.6331E-021 0.5510E-020 0.1633E-012 0.1897E-039 0.6877E-022 0.7456E-025 0.0000E+000 0.0000E+000
0.1673E+002 0.1000E+001 0.0000E+000 0.0000E+000 0.2250E+001 0.0000E+000 0.5740E-041 0.2550E-004 0.4269E-035 0.3534E-045 0.4183E-011 0.4633E-009 0.8576E-033 0.5014E-032 0.1456E-005 0.2517E-038 0.1003E-017 0.1418E-035 0.1695E-008 0.9774E-036 0.2894E-019 0.1316E-048 0.6334E-021 0.5522E-020 0.1633E-012 0.1096E-039 0.6931E-022 0.7581E-025 0.0000E+000 0.0000E+000
0.1672E+002 0.1000E+001 0.0000E+000 0.0000E+000 0.2250E+001 0.0000E+000 0.1589E-039 0.2550E-004 0.2345E-035 0.4301E-044 0.4183E-011 0.4633E-009 0.6293E-033 0.3056E-032 0.1456E-005 0.1356E-038 0.1003E-017 0.8220E-036 0.1695E-008 0.5619E-036 0.2896E-019 0.6067E-049 0.6337E-021 0.5533E-020 0.1633E-012 0.6329E-040 0.6985E-022 0.7706E-025 0.0000E+000 0.0000E+000
0.1671E+002 0.1000E+001 0.0000E+000 0.0000E+000 0.2250E+001 0.0000E+000 -.2418E-039 0.2550E-004 0.1301E-035 -.6058E-044 0.4183E-011 0.4633E-009 0.4619E-033 0.1863E-032 0.1456E-005 0.7314E-039 0.1003E-017 0.4766E-036 0.1695E-008 0.3231E-036 0.2898E-019 0.2798E-049 0.6340E-021 0.5544E-020 0.1633E-012 0.3658E-040 0.7039E-022 0.7833E-025 0.0000E+000 0.0000E+000
0.1670E+002 0.1000E+001 0.0000E+000 0.0000E+000 0.2250E+001 0.0000E+000 -.6378E-041 0.2550E-004 0.7281E-036 -.5159E-045 0.4183E-011 0.4633E-009 0.3390E-033 0.1135E-032 0.1456E-005 0.3949E-039 0.1002E-017 0.2765E-036 0.1695E-008 0.1858E-036 0.2900E-019 0.1290E-049 0.6344E-021 0.5554E-020 0.1633E-012 0.2115E-040 0.7093E-022 0.7961E-025 0.0000E+000 0.0000E+000
0.1669E+002 0.1000E+001 0.0000E+000 0.0000E+000 0.2250E+001 0.0000E+000 -.3278E-039 0.2550E-004 0.4106E-036 -.4006E-044 0.4183E-011 0.4633E-009 0.2489E-033 0.6923E-033 0.1456E-005 0.2135E-039 0.1002E-017 0.1605E-036 0.1695E-008 0.1069E-036 0.2902E-019 0.5953E-050 0.6347E-021 0.5565E-020 0.1633E-012 0.1224E-040 0.7147E-022 0.8090E-025 0.0000E+000 0.0000E+000
0.1668E+002 0.1000E+001 0.0000E+000 0.0000E+000 0.2250E+001 0.0000E+000 -.3587E-039 0.2550E-004 0.2330E-036 -.5949E-044 0.4183E-011 0.4633E-009 0.1827E-033 0.4222E-033 0.1456E-005 0.1156E-039 0.1002E-017 0.9327E-037 0.1695E-008 0.6150E-037 0.2904E-019 0.2747E-050 0.6350E-021 0.5575E-020 0.1633E-012 0.7083E-041 0.7201E-022 0.8219E-025 0.0000E+000 0.0000E+000
0.1667E+002 0.1000E+001 0.0000E+000 0.0000E+000 0.2250E+001 0.0000E+000 0.3673E-039 0.2550E-004 0.1330E-036 0.5923E-044 0.4183E-011 0.4633E-009 0.1341E-033 0.2575E-033 0.1456E-005 0.6267E-040 0.1002E-017 0.5423E-037 0.1695E-008 0.3539E-037 0.2906E-019 0.1268E-050 0.6353E-021 0.5586E-020 0.1633E-012 0.4102E-041 0.7255E-022 0.8350E-025 0.0000E+000 0.0000E+000
0.1666E+002 0.1000E+001 0.0000E+000 0.0000E+000 0.2250E+001 0.0000E+000 0.3564E-039 0.2550E-004 0.7629E-037 0.4988E-044 0.4183E-011 0.4633E-009 0.9849E-034 0.1571E-033 0.1456E-005 0.3402E-040 0.1002E-017 0.3155E-037 0.1695E-008 0.2037E-037 0.2908E-019 0.5854E-051 0.6357E-021 0.5596E-020 0.1633E-012 0.2377E-041 0.7309E-022 0.8481E-025 0.0000E+000 0.0000E+000
0.1665E+002 0.1000E+001 0.0000E+000 0.0000E+000 0.2250E+001 0.0000E+000 0.9468E-041 0.2550E-004 0.4393E-037 0.6972E-045 0.4183E-011 0.4633E-009 0.7233E-034 0.9582E-034 0.1456E-005 0.1849E-040 0.1002E-017 0.1837E-037 0.1695E-008 0.1173E-037 0.2910E-019 0.2703E-051 0.6360E-021 0.5606E-020 0.1633E-012 0.1378E-041 0.7363E-022 0.8614E-025 0.0000E+000 0.0000E+000
0.1664E+002 0.1000E+001 0.0000E+000 0.0000E+000 0.2250E+001 0.0000E+000 0.9489E-039 0.2550E-004 0.2539E-037 0.1715E-043 0.4183E-011 0.4633E-009 0.5312E-034 0.5847E-034 0.1456E-005 0.1007E-040 0.1002E-017 0.1070E-037 0.1695E-008 0.6754E-038 0.2912E-019 0.1249E-051 0.6363E-021 0.5615E-020 0.1633E-012 0.7996E-042 0.7418E-022 0.8747E-025 0.0000E+000 0.0000E+000
0.1663E+002 0.1000E+001 0.0000E+000 0.0000E+000 0.2250E+001 0.0000E+000 0.3993E-039 0.2550E-004 0.1472E-037 0.6635E-044 0.4183E-011 0.4633E-009 0.3902E-034 0.3568E-034 0.1456E-005 0.5488E-041 0.1002E-017 0.6239E-038 0.1695E-008 0.3890E-038 0.2914E-019 0.5769E-052 0.6367E-021 0.5625E-020 0.1633E-012 0.4641E-042 0.7472E-022 0.8881E-025 0.0000E+000 0.0000E+000
0.1662E+002 0.1000E+001 0.0000E+000 0.0000E+000 0.2250E+001 0.0000E+000 0.5580E-039 0.2550E-004 0.8556E-038 0.7123E-044 0.4183E-011 0.4633E-009 0.2866E-034 0.2178E-034 0.1456E-005 0.2996E-041 0.1002E-017 0.3641E-038 0.1695E-008 0.2241E-038 0.2915E-019 0.2666E-052 0.6370E-021 0.5634E-020 0.1633E-012 0.2696E-042 0.7526E-022 0.9016E-025 0.0000E+000 0.0000E+000
0.1661E+002 0.1000E+001 0.0000E+000 0.0000E+000 0.2250E+001 0.0000E+000 -.6716E-039 0.2550E-004 0.4985E-038 -.8084E-044 0.4183E-011 0.4633E-009 0.2105E-034 0.1329E-034 0.1456E-005 0.1638E-041 0.1002E-017 0.2126E-038 0.1695E-008 0.1291E-038 0.2917E-019 0.1232E-052 0.6373E-021 0.5644E-020 0.1633E-012 0.1567E-042 0.7580E-022 0.9152E-025 0.0000E+000 0.0000E+000
0.1660E+002 0.1000E+001 0.0000E+000 0.0000E+000 0.2250E+001 0.0000E+000 0.6833E-039 0.2550E-004 0.2910E-038 0.1056E-043 0.4183E-011 0.4633E-009 0.1547E-034 0.8117E-035 0.1456E-005 0.8973E-042 0.1002E-017 0.1242E-038 0.1695E-008 0.7443E-039 0.2919E-019 0.5698E-053 0.6376E-021 0.5653E-020 0.1633E-012 0.9112E-043 0.7635E-022 0.9290E-025 0.0000E+000 0.0000E+000
0.1659E+002 0.1000E+001 0.0000E+000 0.0000E+000 0.2250E+001 0.0000E+000 -.3781E-039 0.2550E-004 0.1702E-038 -.1498E-043 0.4183E-011 0.4633E-009 0.1137E-034 0.4957E-035 0.1456E-005 0.4922E-042 0.1002E-017 0.7267E-039 0.1695E-008 0.4291E-039 0.2921E-019 0.2635E-053 0.6380E-021 0.5662E-020 0.1633E-012 0.5303E-043 0.7689E-022 0.9428E-025 0.0000E+000 0.0000E+000
0.1658E+002 0.1000E+001 0.0000E+000 0.0000E+000 0.2250E+001 0.0000E+000 0.5702E-039 0.2550E-004 0.9970E-039 0.2742E-044 0.4183E-011 0.4633E-009 0.8352E-035 0.3027E-035 0.1456E-005 0.2704E-042 0.1002E-017 0.4254E-039 0.1695E-008 0.2474E-039 0.2923E-019 0.1219E-053 0.6383E-021 0.5671E-020 0.1633E-012 0.3088E-043 0.7743E-022 0.9567E-025 0.0000E+000 0.0000E+000
0.1657E+002 0.1000E+001 0.0000E+000 0.0000E+000 0.2250E+001 0.0000E+000 0.3305E-039 0.2550E-004 0.5850E-039 0.9260E-044 0.4183E-011 0.4633E-009 0.6138E-035 0.1849E-035 0.1456E-005 0.1488E-042 0.1002E-017 0.2492E-039 0.1695E-008 0.1427E-039 0.2925E-019 0.5640E-054 0.6386E-021 0.5679E-020 0.1633E-012 0.1800E-043 0.7797E-022 0.9706E-025 0.0000E+000 0.0000E+000
0.1656E+002 0.1000E+001 0.0000E+000 0.0000E+000 0.2250E+001 0.0000E+000 -.1228E-039 0.2550E-004 0.3437E-039 -.2802E-044 0.4183E-011 0.4633E-009 0.4512E-035 0.1130E-035 0.1456E-005 0.8200E-043 0.1002E-017 0.1462E-039 0.1695E-008 0.8230E-040 0.2927E-019 0.2610E-054 0.6389E-021 0.5688E-020 0.1633E-012 0.1049E-043 0.7852E-022 0.9847E-025 0.0000E+000 0.0000E+000
0.1655E+002 0.1000E+001 0.0000E+000 0.0000E+000 0.2250E+001 0.0000E+000 -.3310E-041 0.2550E-004 0.2022E-039 -.2620E-045 0.4183E-011 0.4633E-009 0.3316E-035 0.6903E-036 0.1456E-005 0.4526E-043 0.1002E-017 0.8578E-040 0.1695E-008 0.4748E-040 0.2929E-019 0.1208E-054 0.6393E-021 0.5696E-020 0.1633E-012 0.6125E-044 0.7906E-022 0.9989E-025 0.0000E+000 0.0000E+000
0.1654E+002 0.1000E+001 0.0000E+000 0.0000E+000 0.2250E+001 0.0000E+000 -.8934E-043 0.2550E-004 0.1191E-039 -.1034E-046 0.4183E-011 0.4633E-009 0.2438E-035 0.4218E-036 0.1456E-005 0.2503E-043 0.1002E-017 0.5039E-040 0.1695E-008 0.2740E-040 0.2931E-019 0.5594E-055 0.6396E-021 0.5705E-020 0.1633E-012 0.3577E-044 0.7961E-022 0.1013E-024 0.0000E+000 0.0000E+000
0.1653E+002 0.1000E+001 0.0000E+000 0.0000E+000 0.2250E+001 0.0000E+000 -.3521E-039 0.2550E-004 0.7025E-040 -.1528E-043 0.4183E-011 0.4633E-009 0.1792E-035 0.2578E-036 0.1456E-005 0.1386E-043 0.1002E-017 0.2963E-040 0.1695E-008 0.1582E-040 0.2933E-019 0.2591E-055 0.6399E-021 0.5713E-020 0.1633E-012 0.2091E-044 0.8015E-022 0.1028E-024 0.0000E+000 0.0000E+000
0.1652E+002 0.1000E+001 0.0000E+000 0.0000E+000 0.2250E+001 0.0000E+000 -.9529E-041 0.2550E-004 0.4148E-040 -.8814E-045 0.4183E-011 0.4633E-009 0.1318E-035 0.1576E-036 0.1456E-005 0.7687E-044 0.1002E-017 0.1744E-040 0.1695E-008 0.9131E-041 0.2935E-019 0.1200E-055 0.6403E-021 0.5721E-020 0.1633E-012 0.1223E-044 0.8069E-022 0.1042E-024 0.0000E+000 0.0000E+000
0.1651E+002 0.1000E+001 0.0000E+000 0.0000E+000 0.2250E+001 0.0000E+000 -.2583E-042 0.2550E-004 0.2452E-040 -.3214E-046 0.4183E-011 0.4633E-009 0.9691E-036 0.9637E-037 0.1456E-005 0.4271E-044 0.1002E-017 0.1027E-040 0.1695E-008 0.5273E-041 0.2936E-019 0.5561E-056 0.6406E-021 0.5729E-020 0.1633E-012 0.7158E-045 0.8124E-022 0.1057E-024 0.0000E+000 0.0000E+000
0.1650E+002 0.1000E+001 0.0000E+000 0.0000E+000 0.2250E+001 0.0000E+000 0.1139E-039 0.2550E-004 0.1451E-040 -.2739E-044 0.4183E-011 0.4633E-009 0.7127E-036 0.5893E-037 0.1456E-005 0.2376E-044 0.1002E-017 0.6056E-041 0.1695E-008 0.3046E-041 0.2938E-019 0.2578E-056 0.6409E-021 0.5737E-020 0.1633E-012 0.4194E-045 0.8178E-022 0.1071E-024 0.0000E+000 0.0000E+000
0.1649E+002 0.1000E+001 0.0000E+000 0.0000E+000 0.2250E+001 0.0000E+000 0.3096E-041 0.2550E-004 0.8596E-041 0.1502E-045 0.4183E-011 0.4633E-009 0.5242E-036 0.3604E-037 0.1456E-005 0.1324E-044 0.1002E-017 0.3574E-041 0.1695E-008 0.1759E-041 0.2940E-019 0.1195E-056 0.6413E-021 0.5744E-020 0.1633E-012 0.2459E-045 0.8233E-022 0.1086E-024 0.0000E+000 0.0000E+000
0.1648E+002 0.1000E+001 0.0000E+000 0.0000E+000 0.2250E+001 0.0000E+000 -.3575E-039 0.2550E-004 0.5098E-041 -.6007E-044 0.4183E-011 0.4633E-009 0.3856E-036 0.2204E-037 0.1456E-005 0.7392E-045 0.1002E-017 0.2112E-041 0.1695E-008 0.1017E-041 0.2942E-019 0.5541E-057 0.6416E-021 0.5752E-020 0.1633E-012 0.1443E-045 0.8287E-022 0.1101E-024 0.0000E+000 0.0000E+000
0.1647E+002 0.1000E+001 0.0000E+000 0.0000E+000 0.2250E+001 0.0000E+000 0.1408E-039 0.2550E-004 0.3027E-041 0.9459E-045 0.4183E-011 0.4633E-009 0.2836E-036 0.1349E-037 0.1456E-005 0.4132E-045 0.1002E-017 0.1249E-041 0.1695E-008 0.5875E-042 0.2944E-019 0.2570E-057 0.6419E-021 0.5759E-020 0.1633E-012 0.8475E-046 0.8342E-022 0.1116E-024 0.0000E+000 0.0000E+000
0.1646E+002 0.1000E+001 0.0000E+000 0.0000E+000 0.2250E+001 0.0000E+000 0.4186E-039 0.2550E-004 0.1799E-041 0.1276E-043 0.4183E-011 0.4633E-009 0.2087E-036 0.8252E-038 0.1456E-005 0.2313E-045 0.1002E-017 0.7390E-042 0.1695E-008 0.3396E-042 0.2946E-019 0.1192E-057 0.6423E-021 0.5766E-020 0.1633E-012 0.4982E-046 0.8396E-022 0.1131E-024 0.0000E+000 0.0000E+000
0.1645E+002 0.1000E+001 0.0000E+000 0.0000E+000 0.2250E+001 0.0000E+000 0.8983E-040 0.2550E-004 0.1070E-041 0.1077E-044 0.4183E-011 0.4633E-009 0.1535E-036 0.5050E-038 0.1456E-005 0.1297E-045 0.1002E-017 0.4379E-042 0.1695E-008 0.1964E-042 0.2948E-019 0.5532E-058 0.6426E-021 0.5774E-020 0.1633E-012 0.2931E-046 0.8451E-022 0.1146E-024 0.0000E+000 0.0000E+000
0.1644E+002 0.1000E+001 0.0000E+000 0.0000E+000 0.2250E+001 0.0000E+000 0.4273E-039 0.2550E-004 0.6373E-042 0.1209E-043 0.4183E-011 0.4633E-009 0.1130E-036 0.3091E-038 0.1456E-005 0.7283E-046 0.1002E-017 0.2597E-042 0.1695E-008 0.1136E-042 0.2950E-019 0.2568E-058 0.6429E-021 0.5781E-020 0.1633E-012 0.1726E-046 0.8505E-022 0.1161E-024 0.0000E+000 0.0000E+000
0.1643E+002 0.1000E+001 0.0000E+000 0.0000E+000 0.2250E+001 0.0000E+000 0.2324E-039 0.2550E-004 0.3799E-042 0.4349E-044 0.4183E-011 0.4633E-009 0.8314E-037 0.1892E-038 0.1456E-005 0.4095E-046 0.1002E-017 0.1542E-042 0.1695E-008 0.6569E-043 0.2952E-019 0.1192E-058 0.6433E-021 0.5788E-020 0.1633E-012 0.1017E-046 0.8560E-022 0.1176E-024 0.0000E+000 0.0000E+000
0.1642E+002 0.1000E+001 0.0000E+000 0.0000E+000 0.2250E+001 0.0000E+000 0.3670E-039 0.2550E-004 0.2267E-042 0.8376E-044 0.4183E-011 0.4633E-009 0.6119E-037 0.1159E-038 0.1456E-005 0.2306E-046 0.1002E-017 0.9160E-043 0.1695E-008 0.3801E-043 0.2954E-019 0.5536E-059 0.6436E-021 0.5794E-020 0.1633E-012 0.6003E-047 0.8614E-022 0.1192E-024 0.0000E+000 0.0000E+000
0.1641E+002 0.1000E+001 0.0000E+000 0.0000E+000 0.2250E+001 0.0000E+000 -.5120E-039 0.2550E-004 0.1354E-042 -.9112E-044 0.4183E-011 0.4633E-009 0.4504E-037 0.7094E-039 0.1456E-005 0.1300E-046 0.1002E-017 0.5449E-043 0.1695E-008 0.2199E-043 0.2955E-019 0.2571E-059 0.6439E-021 0.5801E-020 0.1633E-012 0.3545E-047 0.8669E-022 0.1207E-024 0.0000E+000 0.0000E+000
0.1640E+002 0.1000E+001 0.0000E+000 0.0000E+000 0.2250E+001 0.0000E+000 -.1572E-039 0.2550E-004 0.8097E-043 -.1137E-044 0.4183E-011 0.4633E-009 0.3315E-037 0.4345E-039 0.1456E-005 0.7338E-047 0.1002E-017 0.3244E-043 0.1695E-008 0.1273E-043 0.2957E-019 0.1195E-059 0.6443E-021 0.5808E-020 0.1633E-012 0.2095E-047 0.8723E-022 0.1223E-024 0.0000E+000 0.0000E+000
0.1639E+002 0.1000E+001 0.0000E+000 0.0000E+000 0.2250E+001 0.0000E+000 -.4337E-041 0.2550E-004 0.4846E-043 -.2977E-045 0.4183E-011 0.4633E-009 0.2441E-037 0.2661E-039 0.1456E-005 0.4148E-047 0.1002E-017 0.1933E-043 0.1695E-008 0.7370E-044 0.2959E-019 0.5551E-060 0.6446E-021 0.5814E-020 0.1633E-012 0.1240E-047 0.8778E-022 0.1238E-024 0.0000E+000 0.0000E+000
0.1638E+002 0.1000E+001 0.0000E+000 0.0000E+000 0.2250E+001 0.0000E+000 -.4210E-039 0.2550E-004 0.2903E-043 -.1421E-043 0.4183E-011 0.4633E-009 0.1797E-037 0.1630E-039 0.1456E-005 0.2347E-047 0.1002E-017 0.1153E-043 0.1695E-008 0.4267E-044 0.2961E-019 0.2580E-060 0.6449E-021 0.5821E-020 0.1633E-012 0.7341E-048 0.8833E-022 0.1254E-024 0.0000E+000 0.0000E+000
0.1637E+002 0.1000E+001 0.0000E+000 0.0000E+000 0.2250E+001 0.0000E+000 -.1313E-040 0.2550E-004 0.1741E-043 0.1394E-045 0.4183E-011 0.4633E-009 0.1323E-037 0.9990E-040 0.1456E-005 0.1330E-047 0.1002E-017 0.6888E-044 0.1695E-008 0.2472E-044 0.2963E-019 0.1200E-060 0.6453E-021 0.5827E-020 0.1633E-012 0.4351E-048 0.8887E-022 0.1270E-024 0.0000E+000 0.0000E+000
0.1636E+002 0.1000E+001 0.0000E+000 0.0000E+000 0.2250E+001 0.0000E+000 0.1172E-039 0.2550E-004 0.1045E-043 0.4946E-045 0.4183E-011 0.4633E-009 0.9745E-038 0.6122E-040 0.1456E-005 0.7544E-048 0.1002E-017 0.4117E-044 0.1695E-008 0.1432E-044 0.2965E-019 0.5579E-061 0.6456E-021 0.5833E-020 0.1633E-012 0.2582E-048 0.8942E-022 0.1286E-024 0.0000E+000 0.0000E+000
0.1635E+002 0.1000E+001 0.0000E+000 0.0000E+000 0.2250E+001 0.0000E+000 0.1318E-039 0.2550E-004 0.6277E-044 0.2084E-044 0.4183E-011 0.4633E-009 0.7177E-038 0.3753E-040 0.1456E-005 0.4284E-048 0.1002E-017 0.2463E-044 0.1695E-008 0.8296E-045 0.2967E-019 0.2595E-061 0.6459E-021 0.5839E-020 0.1633E-012 0.1533E-048 0.8997E-022 0.1302E-024 0.0000E+000 0.0000E+000
0.1634E+002 0.1000E+001 0.0000E+000 0.0000E+000 0.2250E+001 0.0000E+000 -.2822E-039 0.2550E-004 0.3774E-044 -.8793E-044 0.4183E-011 0.4633E-009 0.5286E-038 0.2300E-040 0.1456E-005 0.2435E-048 0.1002E-017 0.1475E-044 0.1695E-008 0.4808E-045 0.2969E-019 0.1208E-061 0.6463E-021 0.5845E-020 0.1633E-012 0.9116E-049 0.9051E-022 0.1318E-024 0.0000E+000 0.0000E+000
0.1633E+002 0.1000E+001 0.0000E+000 0.0000E+000 0.2250E+001 0.0000E+000 -.8108E-041 0.2550E-004 0.2271E-044 0.3196E-044 0.4183E-011 0.4633E-009 0.3894E-038 0.1410E-040 0.1456E-005 0.1386E-048 0.1002E-017 0.8843E-045 0.1695E-008 0.2787E-045 0.2971E-019 0.5620E-062 0.6466E-021 0.5851E-020 0.1633E-012 0.5425E-049 0.9106E-022 0.1334E-024 0.0000E+000 0.0000E+000
0.1632E+002 0.1000E+001 0.0000E+000 0.0000E+000 0.2250E+001 0.0000E+000 0.5373E-040 0.2550E-004 0.1368E-044 -.3045E-044 0.4183E-011 0.4633E-009 0.2869E-038 0.8649E-041 0.1456E-005 0.7893E-049 0.1002E-017 0.5306E-045 0.1695E-008 0.1616E-045 0.2972E-019 0.2616E-062 0.6470E-021 0.5857E-020 0.1633E-012 0.3231E-049 0.9161E-022 0.1351E-024 0.0000E+000 0.0000E+000
0.1631E+002 0.1000E+001 0.0000E+000 0.0000E+000 0.2250E+001 0.0000E+000 0.1499E-041 0.2550E-004 0.8248E-045 0.3980E-046 0.4183E-011 0.4633E-009 0.2114E-038 0.5304E-041 0.1456E-005 0.4500E-049 0.1002E-017 0.3187E-045 0.1695E-008 0.9371E-046 0.2974E-019 0.1218E-062 0.6473E-021 0.5862E-020 0.1633E-012 0.1927E-049 0.9216E-022 0.1367E-024 0.0000E+000 0.0000E+000
0.1630E+002 0.1000E+001 0.0000E+000 0.0000E+000 0.2250E+001 0.0000E+000 -.7955E-039 0.2550E-004 0.4977E-045 -.1886E-043 0.4183E-011 0.4633E-009 0.1557E-038 0.3254E-041 0.1456E-005 0.2568E-049 0.1002E-017 0.1915E-045 0.1695E-008 0.5436E-046 0.2976E-019 0.5673E-063 0.6476E-021 0.5868E-020 0.1633E-012 0.1150E-049 0.9270E-022 0.1383E-024 0.0000E+000 0.0000E+000
0.1629E+002 0.1000E+001 0.0000E+000 0.0000E+000 0.2250E+001 0.0000E+000 0.5163E-039 0.2550E-004 0.3005E-045 0.4582E-044 0.4183E-011 0.4633E-009 0.1148E-038 0.1996E-041 0.1456E-005 0.1467E-049 0.1002E-017 0.1152E-045 0.1695E-008 0.3154E-046 0.2978E-019 0.2643E-063 0.6480E-021 0.5874E-020 0.1633E-012 0.6869E-050 0.9325E-022 0.1400E-024 0.0000E+000 0.0000E+000
0.1628E+002 0.1000E+001 0.0000E+000 0.0000E+000 0.2250E+001 0.0000E+000 0.2283E-039 0.2550E-004 0.1816E-045 0.5199E-044 0.4183E-011 0.4633E-009 0.8459E-039 0.1225E-041 0.1456E-005 0.8385E-050 0.1002E-017 0.6940E-046 0.1695E-008 0.1830E-046 0.2980E-019 0.1231E-063 0.6483E-021 0.5879E-020 0.1633E-012 0.4108E-050 0.9380E-022 0.1417E-024 0.0000E+000 0.0000E+000
0.1627E+002 0.1000E+001 0.0000E+000 0.0000E+000 0.2250E+001 0.0000E+000 -.2169E-039 0.2550E-004 0.1098E-045 -.2002E-044 0.4183E-011 0.4633E-009 0.6235E-039 0.7516E-042 0.1456E-005 0.4797E-050 0.1002E-017 0.4183E-046 0.1695E-008 0.1062E-046 0.2982E-019 0.5739E-064 0.6486E-021 0.5884E-020 0.1633E-012 0.2459E-050 0.9435E-022 0.1434E-024 0.0000E+000 0.0000E+000
0.1626E+002 0.1000E+001 0.0000E+000 0.0000E+000 0.2250E+001 0.0000E+000 0.1425E-039 0.2550E-004 0.6649E-046 0.1297E-044 0.4183E-011 0.4633E-009 0.4596E-039 0.4614E-042 0.1456E-005 0.2746E-050 0.1002E-017 0.2523E-046 0.1695E-008 0.6167E-047 0.2984E-019 0.2675E-064 0.6490E-021 0.5890E-020 0.1633E-012 0.1473E-050 0.9490E-022 0.1450E-024 0.0000E+000 0.0000E+000
0.1625E+002 0.1000E+001 0.0000E+000 0.0000E+000 0.2250E+001 0.0000E+000 0.6241E-039 0.2550E-004 0.4027E-046 0.1252E-043 0.4183E-011 0.4633E-009 0.3388E-039 0.2832E-042 0.1456E-005 0.1573E-050 0.1002E-017 0.1523E-046 0.1695E-008 0.3581E-047 0.2986E-019 0.1248E-064 0.6493E-021 0.5895E-020 0.1633E-012 0.8834E-051 0.9544E-022 0.1467E-024 0.0000E+000 0.0000E+000
0.1624E+002 0.1000E+001 0.0000E+000 0.0000E+000 0.2250E+001 0.0000E+000 0.3678E-039 0.2550E-004 0.2441E-046 0.7893E-044 0.4183E-011 0.4633E-009 0.2498E-039 0.1739E-042 0.1456E-005 0.9022E-051 0.1002E-017 0.9203E-047 0.1695E-008 0.2080E-047 0.2988E-019 0.5819E-065 0.6497E-021 0.5900E-020 0.1633E-012 0.5303E-051 0.9599E-022 0.1484E-024 0.0000E+000 0.0000E+000
0.1623E+002 0.1000E+001 0.0000E+000 0.0000E+000 0.2250E+001 0.0000E+000 -.6680E-039 0.2550E-004 0.1481E-046 -.1766E-043 0.4183E-011 0.4633E-009 0.1842E-039 0.1068E-042 0.1456E-005 0.5176E-051 0.1002E-017 0.5565E-047 0.1695E-008 0.1208E-047 0.2989E-019 0.2715E-065 0.6500E-021 0.5905E-020 0.1633E-012 0.3186E-051 0.9654E-022 0.1502E-024 0.0000E+000 0.0000E+000
0.1622E+002 0.1000E+001 0.0000E+000 0.0000E+000 0.2250E+001 0.0000E+000 0.1774E-039 0.2550E-004 0.8989E-047 -.1139E-044 0.4183E-011 0.4633E-009 0.1358E-039 0.6558E-043 0.1456E-005 0.2972E-051 0.1002E-017 0.3368E-047 0.1695E-008 0.7020E-048 0.2991E-019 0.1267E-065 0.6504E-021 0.5910E-020 0.1633E-012 0.1916E-051 0.9709E-022 0.1519E-024 0.0000E+000 0.0000E+000
0.1621E+002 0.1000E+001 0.0000E+000 0.0000E+000 0.2250E+001 0.0000E+000 -.3222E-039 0.2550E-004 0.5461E-047 -.5253E-044 0.4183E-011 0.4633E-009 0.1002E-039 0.4028E-043 0.1456E-005 0.1707E-051 0.1002E-017 0.2040E-047 0.1695E-008 0.4080E-048 0.2993E-019 0.5912E-066 0.6507E-021 0.5915E-020 0.1633E-012 0.1153E-051 0.9764E-022 0.1536E-024 0.0000E+000 0.0000E+000
0.1620E+002 0.1000E+001 0.0000E+000 0.0000E+000 0.2250E+001 0.0000E+000 -.5490E-039 0.2550E-004 0.3319E-047 -.1013E-043 0.4183E-011 0.4633E-009 0.7388E-040 0.2475E-043 0.1456E-005 0.9813E-052 0.1002E-017 0.1236E-047 0.1695E-008 0.2371E-048 0.2995E-019 0.2760E-066 0.6510E-021 0.5919E-020 0.1633E-012 0.6947E-052 0.9819E-022 0.1554E-024 0.0000E+000 0.0000E+000
0.1619E+002 0.1000E+001 0.0000E+000 0.0000E+000 0.2250E+001 0.0000E+000 -.3734E-039 0.2550E-004 0.2019E-047 -.5939E-044 0.4183E-011 0.4633E-009 0.5450E-040 0.1521E-043 0.1456E-005 0.5644E-052 0.1001E-017 0.7498E-048 0.1695E-008 0.1379E-048 0.2997E-019 0.1289E-066 0.6514E-021 0.5924E-020 0.1633E-012 0.4189E-052 0.9874E-022 0.1571E-024 0.0000E+000 0.0000E+000
0.1618E+002 0.1000E+001 0.0000E+000 0.0000E+000 0.2250E+001 0.0000E+000 -.1062E-040 0.2550E-004 0.1229E-047 -.7842E-045 0.4183E-011 0.4633E-009 0.4020E-040 0.9346E-044 0.1456E-005 0.3248E-052 0.1001E-017 0.4551E-048 0.1695E-008 0.8018E-049 0.2999E-019 0.6021E-067 0.6517E-021 0.5929E-020 0.1633E-012 0.2528E-052 0.9929E-022 0.1589E-024 0.0000E+000 0.0000E+000
0.1617E+002 0.1000E+001 0.0000E+000 0.0000E+000 0.2250E+001 0.0000E+000 -.3081E-039 0.2550E-004 0.7482E-048 -.2603E-044 0.4183E-011 0.4633E-009 0.2966E-040 0.5744E-044 0.1456E-005 0.1870E-052 0.1001E-017 0.2764E-048 0.1695E-008 0.4664E-049 0.3001E-019 0.2813E-067 0.6521E-021 0.5933E-020 0.1633E-012 0.1527E-052 0.9984E-022 0.1606E-024 0.0000E+000 0.0000E+000
0.1616E+002 0.1000E+001 0.0000E+000 0.0000E+000 0.2250E+001 0.0000E+000 0.2944E-039 0.2550E-004 0.4559E-048 -.4664E-046 0.4183E-011 0.4633E-009 0.2189E-040 0.3531E-044 0.1456E-005 0.1077E-052 0.1001E-017 0.1680E-048 0.1695E-008 0.2713E-049 0.3003E-019 0.1315E-067 0.6524E-021 0.5938E-020 0.1633E-012 0.9230E-053 0.1004E-021 0.1624E-024 0.0000E+000 0.0000E+000
0.1615E+002 0.1000E+001 0.0000E+000 0.0000E+000 0.2250E+001 0.0000E+000 0.8413E-041 0.2550E-004 0.2780E-048 0.5313E-045 0.4183E-011 0.4633E-009 0.1615E-040 0.2171E-044 0.1456E-005 0.6209E-053 0.1001E-017 0.1022E-048 0.1695E-008 0.1579E-049 0.3004E-019 0.6145E-068 0.6528E-021 0.5942E-020 0.1633E-012 0.5584E-053 0.1009E-021 0.1642E-024 0.0000E+000 0.0000E+000
0.1614E+002 0.1000E+001 0.0000E+000 0.0000E+000 0.2250E+001 0.0000E+000 -.2389E-039 0.2550E-004 0.1696E-048 -.1794E-044 0.4183E-011 0.4633E-009 0.1192E-040 0.1335E-044 0.1456E-005 0.3580E-053 0.1001E-017 0.6219E-049 0.1695E-008 0.9190E-050 0.3006E-019 0.2873E-068 0.6531E-021 0.5946E-020 0.1633E-012 0.3381E-053 0.1015E-021 0.1660E-024 0.0000E+000 0.0000E+000
0.1613E+002 0.1000E+001 0.0000E+000 0.0000E+000 0.2250E+001 0.0000E+000 -.3169E-039 0.2550E-004 0.1035E-048 -.4589E-044 0.4183E-011 0.4633E-009 0.8797E-041 0.8212E-045 0.1456E-005 0.2066E-053 0.1001E-017 0.3787E-049 0.1695E-008 0.5350E-050 0.3008E-019 0.1344E-068 0.6534E-021 0.5950E-020 0.1633E-012 0.2049E-053 0.1020E-021 0.1678E-024 0.0000E+000 0.0000E+000
0.1612E+002 0.1000E+001 0.0000E+000 0.0000E+000 0.2250E+001 0.0000E+000 0.4007E-039 0.2550E-004 0.6320E-049 0.5375E-044 0.4183E-011 0.4633E-009 0.6493E-041 0.5051E-045 0.1456E-005 0.1192E-053 0.1001E-017 0.2308E-049 0.1695E-008 0.3115E-050 0.3010E-019 0.6286E-069 0.6538E-021 0.5955E-020 0.1633E-012 0.1242E-053 0.1026E-021 0.1696E-024 0.0000E+000 0.0000E+000
0.1611E+002 0.1000E+001 0.0000E+000 0.0000E+000 0.2250E+001 0.0000E+000 0.7620E-039 0.2550E-004 0.3861E-049 0.8940E-044 0.4183E-011 0.4633E-009 0.4794E-041 0.3108E-045 0.1456E-005 0.6883E-054 0.1001E-017 0.1407E-049 0.1695E-008 0.1814E-050 0.3012E-019 0.2941E-069 0.6541E-021 0.5959E-020 0.1633E-012 0.7539E-054 0.1031E-021 0.1714E-024 0.0000E+000 0.0000E+000
0.1610E+002 0.1000E+001 0.0000E+000 0.0000E+000 0.2250E+001 0.0000E+000 0.4901E-039 0.2550E-004 0.2360E-049 0.1168E-043 0.4183E-011 0.4633E-009 0.3539E-041 0.1912E-045 0.1456E-005 0.3976E-054 0.1001E-017 0.8583E-050 0.1695E-008 0.1057E-050 0.3014E-019 0.1376E-069 0.6545E-021 0.5963E-020 0.1633E-012 0.4579E-054 0.1037E-021 0.1733E-024 0.0000E+000 0.0000E+000
0.1609E+002 0.1000E+001 0.0000E+000 0.0000E+000 0.2250E+001 0.0000E+000 0.1413E-040 0.2550E-004 0.1444E-049 0.1114E-044 0.4183E-011 0.4633E-009 0.2613E-041 0.1177E-045 0.1456E-005 0.2298E-054 0.1001E-017 0.5239E-050 0.1695E-008 0.6159E-051 0.3016E-019 0.6443E-070 0.6548E-021 0.5967E-020 0.1633E-012 0.2783E-054 0.1042E-021 0.1751E-024 0.0000E+000 0.0000E+000
0.1608E+002 0.1000E+001 0.0000E+000 0.0000E+000 0.2250E+001 0.0000E+000 0.6910E-039 0.2550E-004 0.8833E-050 0.1142E-043 0.4183E-011 0.4633E-009 0.1930E-041 0.7243E-046 0.1456E-005 0.1328E-054 0.1001E-017 0.3200E-050 0.1695E-008 0.3589E-051 0.3018E-019 0.3017E-070 0.6552E-021 0.5971E-020 0.1633E-012 0.1692E-054 0.1048E-021 0.1770E-024 0.0000E+000 0.0000E+000
0.1607E+002 0.1000E+001 0.0000E+000 0.0000E+000 0.2250E+001 0.0000E+000 0.5338E-039 0.2550E-004 0.5407E-050 0.9644E-044 0.4183E-011 0.4633E-009 0.1425E-041 0.4459E-046 0.1456E-005 0.7681E-055 0.1001E-017 0.1955E-050 0.1695E-008 0.2092E-051 0.3019E-019 0.1413E-070 0.6555E-021 0.5974E-020 0.1633E-012 0.1030E-054 0.1053E-021 0.1788E-024 0.0000E+000 0.0000E+000
0.1606E+002 0.1000E+001 0.0000E+000 0.0000E+000 0.2250E+001 0.0000E+000 -.1080E-038 0.2550E-004 0.3311E-050 -.2344E-043 0.4183E-011 0.4633E-009 0.1052E-041 0.2746E-046 0.1456E-005 0.4443E-055 0.1001E-017 0.1195E-050 0.1695E-008 0.1220E-051 0.3021E-019 0.6620E-071 0.6559E-021 0.5978E-020 0.1633E-012 0.6272E-055 0.1059E-021 0.1807E-024 0.0000E+000 0.0000E+000
0.1605E+002 0.1000E+001 0.0000E+000 0.0000E+000 0.2250E+001 0.0000E+000 -.2356E-039 0.2550E-004 0.2029E-050 -.1368E-044 0.4183E-011 0.4633E-009 0.7774E-042 0.1691E-046 0.1456E-005 0.2571E-055 0.1001E-017 0.7311E-051 0.1695E-008 0.7114E-052 0.3023E-019 0.3102E-071 0.6562E-021 0.5982E-020 0.1633E-012 0.3822E-055 0.1064E-021 0.1826E-024 0.0000E+000 0.0000E+000
0.1604E+002 0.1000E+001 0.0000E+000 0.0000E+000 0.2250E+001 0.0000E+000 0.1633E-039 0.2550E-004 0.1243E-050 0.1488E-044 0.4183E-011 0.4633E-009 0.5743E-042 0.1041E-046 0.1456E-005 0.1489E-055 0.1001E-017 0.4474E-051 0.1695E-008 0.4149E-052 0.3025E-019 0.1454E-071 0.6566E-021 0.5986E-020 0.1633E-012 0.2331E-055 0.1070E-021 0.1845E-024 0.0000E+000 0.0000E+000
0.1603E+002 0.1000E+001 0.0000E+000 0.0000E+000 0.2250E+001 0.0000E+000 0.6010E-039 0.2550E-004 0.7623E-051 0.1428E-043 0.4183E-011 0.4633E-009 0.4243E-042 0.6415E-047 0.1456E-005 0.8621E-056 0.1001E-017 0.2739E-051 0.1695E-008 0.2421E-052 0.3027E-019 0.6816E-072 0.6569E-021 0.5989E-020 0.1633E-012 0.1422E-055 0.1076E-021 0.1864E-024 0.0000E+000 0.0000E+000
0.1602E+002 0.1000E+001 0.0000E+000 0.0000E+000 0.2250E+001 0.0000E+000 -.1020E-039 0.2550E-004 0.4676E-051 -.1499E-044 0.4183E-011 0.4633E-009 0.3135E-042 0.3952E-047 0.1456E-005 0.4994E-056 0.1001E-017 0.1678E-051 0.1695E-008 0.1413E-052 0.3029E-019 0.3196E-072 0.6573E-021 0.5993E-020 0.1633E-012 0.8681E-056 0.1081E-021 0.1883E-024 0.0000E+000 0.0000E+000
0.1601E+002 0.1000E+001 0.0000E+000 0.0000E+000 0.2250E+001 0.0000E+000 -.3703E-039 0.2550E-004 0.2869E-051 -.6729E-044 0.4183E-011 0.4633E-009 0.2317E-042 0.2435E-047 0.1456E-005 0.2894E-056 0.1001E-017 0.1028E-051 0.1695E-008 0.8245E-053 0.3031E-019 0.1499E-072 0.6576E-021 0.5996E-020 0.1633E-012 0.5303E-056 0.1087E-021 0.1902E-024 0.0000E+000 0.0000E+000
0.1600E+002 0.1000E+001 0.0000E+000 0.0000E+000 0.2250E+001 0.0000E+000 -.4122E-039 0.2550E-004 0.1761E-051 -.8891E-044 0.4183E-011 0.4633E-009 0.1712E-042 0.1501E-047 0.1456E-005 0.1677E-056 0.1001E-017 0.6304E-052 0.1695E-008 0.4814E-053 0.3033E-019 0.7034E-073 0.6580E-021 0.6000E-020 0.1633E-012 0.3241E-056 0.1092E-021 0.1921E-024 0.0000E+000 0.0000E+000
0.1599E+002 0.1000E+001 0.0000E+000 0.0000E+000 0.2250E+001 0.0000E+000 0.1941E-039 0.2550E-004 0.1082E-051 0.5173E-044 0.4183E-011 0.4633E-009 0.1265E-042 0.9251E-048 0.1456E-005 0.9726E-057 0.1001E-017 0.3866E-052 0.1695E-008 0.2811E-053 0.3034E-019 0.3301E-073 0.6583E-021 0.6003E-020 0.1633E-012 0.1982E-056 0.1098E-021 0.1941E-024 0.0000E+000 0.0000E+000
0.1598E+002 0.1000E+001 0.0000E+000 0.0000E+000 0.2250E+001 0.0000E+000 -.1641E-040 0.2550E-004 0.6645E-052 0.2983E-044 0.4183E-011 0.4633E-009 0.9353E-043 0.5703E-048 0.1456E-005 0.5641E-057 0.1001E-017 0.2372E-052 0.1695E-008 0.1642E-053 0.3036E-019 0.1549E-073 0.6587E-021 0.6006E-020 0.1633E-012 0.1213E-056 0.1103E-021 0.1960E-024 0.0000E+000 0.0000E+000
0.1597E+002 0.1000E+001 0.0000E+000 0.0000E+000 0.2250E+001 0.0000E+000 -.8778E-039 0.2550E-004 0.4083E-052 -.1766E-043 0.4183E-011 0.4633E-009 0.6914E-043 0.3516E-048 0.1456E-005 0.3273E-057 0.1001E-017 0.1456E-052 0.1695E-008 0.9590E-054 0.3038E-019 0.7275E-074 0.6590E-021 0.6009E-020 0.1633E-012 0.7423E-057 0.1109E-021 0.1980E-024 0.0000E+000 0.0000E+000
0.1596E+002 0.1000E+001 0.0000E+000 0.0000E+000 0.2250E+001 0.0000E+000 0.4418E-039 0.2550E-004 0.2510E-052 0.1144E-043 0.4183E-011 0.4633E-009 0.5111E-043 0.2169E-048 0.1456E-005 0.1899E-057 0.1001E-017 0.8941E-053 0.1695E-008 0.5603E-054 0.3040E-019 0.3416E-074 0.6594E-021 0.6013E-020 0.1633E-012 0.4546E-057 0.1114E-021 0.1999E-024 0.0000E+000 0.0000E+000
0.1595E+002 0.1000E+001 0.0000E+000 0.0000E+000 0.2250E+001 0.0000E+000 -.7375E-039 0.2550E-004 0.1543E-052 -.1480E-043 0.4183E-011 0.4633E-009 0.3779E-043 0.1338E-048 0.1456E-005 0.1103E-057 0.1001E-017 0.5492E-053 0.1695E-008 0.3275E-054 0.3042E-019 0.1605E-074 0.6597E-021 0.6016E-020 0.1633E-012 0.2786E-057 0.1120E-021 0.2019E-024 0.0000E+000 0.0000E+000
0.1594E+002 0.1000E+001 0.0000E+000 0.0000E+000 0.2250E+001 0.0000E+000 0.6135E-039 0.2550E-004 0.9493E-053 0.8766E-044 0.4183E-011 0.4633E-009 0.2795E-043 0.8251E-049 0.1456E-005 0.6403E-058 0.1001E-017 0.3375E-053 0.1695E-008 0.1914E-054 0.3044E-019 0.7540E-075 0.6601E-021 0.6019E-020 0.1633E-012 0.1708E-057 0.1125E-021 0.2039E-024 0.0000E+000 0.0000E+000
0.1593E+002 0.1000E+001 0.0000E+000 0.0000E+000 0.2250E+001 0.0000E+000 0.1812E-040 0.2550E-004 0.5841E-053 0.1307E-044 0.4183E-011 0.4633E-009 0.2067E-043 0.5091E-049 0.1456E-005 0.3719E-058 0.1001E-017 0.2075E-053 0.1695E-008 0.1119E-054 0.3046E-019 0.3544E-075 0.6604E-021 0.6022E-020 0.1633E-012 0.1047E-057 0.1131E-021 0.2059E-024 0.0000E+000 0.0000E+000
0.1592E+002 0.1000E+001 0.0000E+000 0.0000E+000 0.2250E+001 0.0000E+000 0.3832E-039 0.2550E-004 0.3595E-053 0.6688E-044 0.4183E-011 0.4633E-009 0.1529E-043 0.3141E-049 0.1456E-005 0.2160E-058 0.1001E-017 0.1276E-053 0.1695E-008 0.6545E-055 0.3048E-019 0.1666E-075 0.6608E-021 0.6025E-020 0.1633E-012 0.6427E-058 0.1136E-021 0.2079E-024 0.0000E+000 0.0000E+000
0.1591E+002 0.1000E+001 0.0000E+000 0.0000E+000 0.2250E+001 0.0000E+000 -.7142E-039 0.2550E-004 0.2213E-053 -.1193E-043 0.4183E-011 0.4633E-009 0.1131E-043 0.1939E-049 0.1456E-005 0.1256E-058 0.1001E-017 0.7848E-054 0.1695E-008 0.3828E-055 0.3049E-019 0.7833E-076 0.6611E-021 0.6028E-020 0.1633E-012 0.3945E-058 0.1142E-021 0.2099E-024 0.0000E+000 0.0000E+000
0.1590E+002 0.1000E+001 0.0000E+000 0.0000E+000 0.2250E+001 0.0000E+000 0.6211E-039 0.2550E-004 0.1363E-053 0.8147E-044 0.4183E-011 0.4633E-009 0.8364E-044 0.1197E-049 0.1456E-005 0.7298E-059 0.1001E-017 0.4829E-054 0.1695E-008 0.2240E-055 0.3051E-019 0.3684E-076 0.6615E-021 0.6031E-020 0.1633E-012 0.2423E-058 0.1147E-021 0.2119E-024 0.0000E+000 0.0000E+000
0.1589E+002 0.1000E+001 0.0000E+000 0.0000E+000 0.2250E+001 0.0000E+000 -.3724E-039 0.2550E-004 0.8396E-054 -.7525E-044 0.4183E-011 0.4633E-009 0.6188E-044 0.7388E-050 0.1456E-005 0.4243E-059 0.1001E-017 0.2972E-054 0.1695E-008 0.1311E-055 0.3053E-019 0.1733E-076 0.6618E-021 0.6033E-020 0.1633E-012 0.1489E-058 0.1153E-021 0.2139E-024 0.0000E+000 0.0000E+000
0.1588E+002 0.1000E+001 0.0000E+000 0.0000E+000 0.2250E+001 0.0000E+000 0.4912E-039 0.2550E-004 0.5173E-054 0.6070E-044 0.4183E-011 0.4633E-009 0.4578E-044 0.4562E-050 0.1456E-005 0.2468E-059 0.1001E-017 0.1830E-054 0.1695E-008 0.7672E-056 0.3055E-019 0.8155E-077 0.6622E-021 0.6036E-020 0.1633E-012 0.9150E-059 0.1159E-021 0.2159E-024 0.0000E+000 0.0000E+000
0.1587E+002 0.1000E+001 0.0000E+000 0.0000E+000 0.2250E+001 0.0000E+000 0.3535E-039 0.2550E-004 0.3188E-054 0.1441E-043 0.4183E-011 0.4633E-009 0.3388E-044 0.2817E-050 0.1456E-005 0.1436E-059 0.1001E-017 0.1127E-054 0.1695E-008 0.4491E-056 0.3057E-019 0.3838E-077 0.6625E-021 0.6039E-020 0.1633E-012 0.5626E-059 0.1164E-021 0.2180E-024 0.0000E+000 0.0000E+000
0.1586E+002 0.1000E+001 0.0000E+000 0.0000E+000 0.2250E+001 0.0000E+000 0.4241E-039 0.2550E-004 0.1966E-054 0.7836E-044 0.4183E-011 0.4633E-009 0.2507E-044 0.1740E-050 0.1456E-005 0.8353E-060 0.1001E-017 0.6945E-055 0.1695E-008 0.2630E-056 0.3059E-019 0.1807E-077 0.6629E-021 0.6042E-020 0.1633E-012 0.3460E-059 0.1170E-021 0.2200E-024 0.0000E+000 0.0000E+000
0.1585E+002 0.1000E+001 0.0000E+000 0.0000E+000 0.2250E+001 0.0000E+000 -.6162E-039 0.2550E-004 0.1212E-054 -.1097E-043 0.4183E-011 0.4633E-009 0.1855E-044 0.1075E-050 0.1456E-005 0.4861E-060 0.1001E-017 0.4280E-055 0.1695E-008 0.1540E-056 0.3061E-019 0.8510E-078 0.6633E-021 0.6044E-020 0.1633E-012 0.2129E-059 0.1175E-021 0.2221E-024 0.0000E+000 0.0000E+000
0.1584E+002 0.1000E+001 0.0000E+000 0.0000E+000 0.2250E+001 0.0000E+000 0.1638E-039 0.2550E-004 0.7476E-055 0.1713E-044 0.4183E-011 0.4633E-009 0.1373E-044 0.6641E-051 0.1456E-005 0.2830E-060 0.1001E-017 0.2638E-055 0.1695E-008 0.9024E-057 0.3062E-019 0.4008E-078 0.6636E-021 0.6047E-020 0.1633E-012 0.1311E-059 0.1181E-021 0.2242E-024 0.0000E+000 0.0000E+000
0.1583E+002 0.1000E+001 0.0000E+000 0.0000E+000 0.2250E+001 0.0000E+000 0.3714E-039 0.2550E-004 0.4613E-055 0.9213E-044 0.4183E-011 0.4633E-009 0.1017E-044 0.4104E-051 0.1456E-005 0.1648E-060 0.1001E-017 0.1627E-055 0.1695E-008 0.5287E-057 0.3064E-019 0.1888E-078 0.6640E-021 0.6049E-020 0.1633E-012 0.8070E-060 0.1186E-021 0.2263E-024 0.0000E+000 0.0000E+000
0.1582E+002 0.1000E+001 0.0000E+000 0.0000E+000 0.2250E+001 0.0000E+000 0.5604E-039 0.2550E-004 0.2847E-055 0.1226E-043 0.4183E-011 0.4633E-009 0.7527E-045 0.2536E-051 0.1456E-005 0.9598E-061 0.1001E-017 0.1003E-055 0.1695E-008 0.3099E-057 0.3066E-019 0.8899E-079 0.6643E-021 0.6052E-020 0.1633E-012 0.4971E-060 0.1192E-021 0.2283E-024 0.0000E+000 0.0000E+000
0.1581E+002 0.1000E+001 0.0000E+000 0.0000E+000 0.2250E+001 0.0000E+000 0.7699E-039 0.2550E-004 0.1757E-055 0.1550E-043 0.4183E-011 0.4633E-009 0.5573E-045 0.1568E-051 0.1456E-005 0.5591E-061 0.1001E-017 0.6191E-056 0.1695E-008 0.1816E-057 0.3068E-019 0.4195E-079 0.6647E-021 0.6054E-020 0.1633E-012 0.3063E-060 0.1197E-021 0.2304E-024 0.0000E+000 0.0000E+000
0.1580E+002 0.1000E+001 0.0000E+000 0.0000E+000 0.2250E+001 0.0000E+000 0.1746E-039 0.2550E-004 0.1085E-055 0.3902E-045 0.4183E-011 0.4633E-009 0.4126E-045 0.9693E-052 0.1456E-005 0.3258E-061 0.1001E-017 0.3820E-056 0.1695E-008 0.1065E-057 0.3070E-019 0.1978E-079 0.6650E-021 0.6057E-020 0.1633E-012 0.1888E-060 0.1203E-021 0.2326E-024 0.0000E+000 0.0000E+000
0.1579E+002 0.1000E+001 0.0000E+000 0.0000E+000 0.2250E+001 0.0000E+000 0.7051E-039 0.2550E-004 0.6699E-056 0.1334E-043 0.4183E-011 0.4633E-009 0.3056E-045 0.5994E-052 0.1456E-005 0.1899E-061 0.1001E-017 0.2358E-056 0.1695E-008 0.6246E-058 0.3072E-019 0.9327E-080 0.6654E-021 0.6059E-020 0.1633E-012 0.1164E-060 0.1208E-021 0.2347E-024 0.0000E+000 0.0000E+000
0.1578E+002 0.1000E+001 0.0000E+000 0.0000E+000 0.2250E+001 0.0000E+000 -.5733E-039 0.2550E-004 0.4138E-056 -.1109E-043 0.4183E-011 0.4633E-009 0.2263E-045 0.3707E-052 0.1456E-005 0.1107E-061 0.1001E-017 0.1456E-056 0.1695E-008 0.3664E-058 0.3074E-019 0.4400E-080 0.6658E-021 0.6061E-020 0.1633E-012 0.7179E-061 0.1214E-021 0.2368E-024 0.0000E+000 0.0000E+000
0.1577E+002 0.1000E+001 0.0000E+000 0.0000E+000 0.2250E+001 0.0000E+000 -.4736E-039 0.2550E-004 0.2557E-056 -.1064E-043 0.4183E-011 0.4633E-009 0.1676E-045 0.2293E-052 0.1456E-005 0.6455E-062 0.1001E-017 0.8992E-057 0.1695E-008 0.2149E-058 0.3075E-019 0.2076E-080 0.6661E-021 0.6064E-020 0.1633E-012 0.4429E-061 0.1220E-021 0.2389E-024 0.0000E+000 0.0000E+000
0.1576E+002 0.1000E+001 0.0000E+000 0.0000E+000 0.2250E+001 0.0000E+000 -.1767E-039 0.2550E-004 0.1580E-056 0.7538E-045 0.4183E-011 0.4633E-009 0.1242E-045 0.1418E-052 0.1456E-005 0.3765E-062 0.1001E-017 0.5555E-057 0.1695E-008 0.1261E-058 0.3077E-019 0.9798E-081 0.6665E-021 0.6066E-020 0.1633E-012 0.2733E-061 0.1225E-021 0.2411E-024 0.0000E+000 0.0000E+000
0.1575E+002 0.1000E+001 0.0000E+000 0.0000E+000 0.2250E+001 0.0000E+000 0.5181E-040 0.2550E-004 0.9765E-057 0.3111E-045 0.4183E-011 0.4633E-009 0.9200E-046 0.8776E-053 0.1456E-005 0.2196E-062 0.1001E-017 0.3432E-057 0.1695E-008 0.7404E-059 0.3079E-019 0.4625E-081 0.6668E-021 0.6068E-020 0.1633E-012 0.1687E-061 0.1231E-021 0.2432E-024 0.0000E+000 0.0000E+000
0.1574E+002 0.1000E+001 0.0000E+000 0.0000E+000 0.2250E+001 0.0000E+000 0.4441E-039 0.2550E-004 0.6037E-057 0.1130E-043 0.4183E-011 0.4633E-009 0.6816E-046 0.5431E-053 0.1456E-005 0.1281E-062 0.1001E-017 0.2121E-057 0.1695E-008 0.4347E-059 0.3081E-019 0.2184E-081 0.6672E-021 0.6070E-020 0.1633E-012 0.1042E-061 0.1236E-021 0.2454E-024 0.0000E+000 0.0000E+000
0.1573E+002 0.1000E+001 0.0000E+000 0.0000E+000 0.2250E+001 0.0000E+000 -.4407E-039 0.2550E-004 0.3733E-057 -.5368E-044 0.4183E-011 0.4633E-009 0.5051E-046 0.3361E-053 0.1456E-005 0.7479E-063 0.1001E-017 0.1311E-057 0.1695E-008 0.2552E-059 0.3083E-019 0.1032E-081 0.6676E-021 0.6073E-020 0.1633E-012 0.6434E-062 0.1242E-021 0.2476E-024 0.0000E+000 0.0000E+000
0.1572E+002 0.1000E+001 0.0000E+000 0.0000E+000 0.2250E+001 0.0000E+000 -.8051E-040 0.2550E-004 0.2309E-057 -.3064E-044 0.4183E-011 0.4633E-009 0.3743E-046 0.2081E-053 0.1456E-005 0.4366E-063 0.1001E-017 0.8107E-058 0.1695E-008 0.1499E-059 0.3085E-019 0.4873E-082 0.6679E-021 0.6075E-020 0.1633E-012 0.3975E-062 0.1247E-021 0.2497E-024 0.0000E+000 0.0000E+000
0.1571E+002 0.1000E+001 0.0000E+000 0.0000E+000 0.2250E+001 0.0000E+000 -.2766E-039 0.2550E-004 0.1428E-057 -.5583E-044 0.4183E-011 0.4633E-009 0.2774E-046 0.1288E-053 0.1456E-005 0.2549E-063 0.1001E-017 0.5014E-058 0.1695E-008 0.8807E-060 0.3087E-019 0.2303E-082 0.6683E-021 0.6077E-020 0.1633E-012 0.2456E-062 0.1253E-021 0.2519E-024 0.0000E+000 0.0000E+000
0.1570E+002 0.1000E+001 0.0000E+000 0.0000E+000 0.2250E+001 0.0000E+000 -.2126E-039 0.2550E-004 0.8837E-058 0.2489E-044 0.4183E-011 0.4633E-009 0.2056E-046 0.7977E-054 0.1456E-005 0.1489E-063 0.1001E-017 0.3101E-058 0.1695E-008 0.5175E-060 0.3088E-019 0.1088E-082 0.6686E-021 0.6079E-020 0.1633E-012 0.1518E-062 0.1259E-021 0.2541E-024 0.0000E+000 0.0000E+000
0.1569E+002 0.1000E+001 0.0000E+000 0.0000E+000 0.2250E+001 0.0000E+000 -.3023E-039 0.2550E-004 0.5469E-058 -.6266E-044 0.4183E-011 0.4633E-009 0.1524E-046 0.4941E-054 0.1456E-005 0.8696E-064 0.1001E-017 0.1919E-058 0.1695E-008 0.3041E-060 0.3090E-019 0.5146E-083 0.6690E-021 0.6081E-020 0.1633E-012 0.9388E-063 0.1264E-021 0.2563E-024 0.0000E+000 0.0000E+000
0.1568E+002 0.1000E+001 0.0000E+000 0.0000E+000 0.2250E+001 0.0000E+000 -.1844E-039 0.2550E-004 0.3385E-058 -.1057E-044 0.4183E-011 0.4633E-009 0.1130E-046 0.3060E-054 0.1456E-005 0.5081E-064 0.1001E-017 0.1187E-058 0.1695E-008 0.1788E-060 0.3092E-019 0.2433E-083 0.6694E-021 0.6083E-020 0.1633E-012 0.5806E-063 0.1270E-021 0.2585E-024 0.0000E+000 0.0000E+000
0.1567E+002 0.1000E+001 0.0000E+000 0.0000E+000 0.2250E+001 0.0000E+000 0.6774E-039 0.2550E-004 0.2096E-058 0.1486E-043 0.4183E-011 0.4633E-009 0.8378E-047 0.1896E-054 0.1456E-005 0.2969E-064 0.1001E-017 0.7350E-059 0.1695E-008 0.1051E-060 0.3094E-019 0.1151E-083 0.6697E-021 0.6085E-020 0.1633E-012 0.3591E-063 0.1275E-021 0.2608E-024 0.0000E+000 0.0000E+000
0.1566E+002 0.1000E+001 0.0000E+000 0.0000E+000 0.2250E+001 0.0000E+000 0.3709E-039 0.2550E-004 0.1298E-058 0.5155E-044 0.4183E-011 0.4633E-009 0.6213E-047 0.1175E-054 0.1456E-005 0.1736E-064 0.1000E-017 0.4550E-059 0.1695E-008 0.6182E-061 0.3096E-019 0.5446E-084 0.6701E-021 0.6086E-020 0.1633E-012 0.2222E-063 0.1281E-021 0.2630E-024 0.0000E+000 0.0000E+000
0.1565E+002 0.1000E+001 0.0000E+000 0.0000E+000 0.2250E+001 0.0000E+000 -.1826E-039 0.2550E-004 0.8038E-059 -.4144E-044 0.4183E-011 0.4633E-009 0.4607E-047 0.7280E-055 0.1456E-005 0.1015E-064 0.1000E-017 0.2818E-059 0.1695E-008 0.3637E-061 0.3098E-019 0.2577E-084 0.6705E-021 0.6088E-020 0.1633E-012 0.1375E-063 0.1286E-021 0.2653E-024 0.0000E+000 0.0000E+000
0.1564E+002 0.1000E+001 0.0000E+000 0.0000E+000 0.2250E+001 0.0000E+000 -.5638E-041 0.2550E-004 0.4979E-059 -.4340E-045 0.4183E-011 0.4633E-009 0.3417E-047 0.4512E-055 0.1456E-005 0.5934E-065 0.1000E-017 0.1745E-059 0.1695E-008 0.2140E-061 0.3099E-019 0.1220E-084 0.6708E-021 0.6090E-020 0.1633E-012 0.8513E-064 0.1292E-021 0.2675E-024 0.0000E+000 0.0000E+000
0.1563E+002 0.1000E+001 0.0000E+000 0.0000E+000 0.2250E+001 0.0000E+000 0.4632E-039 0.2550E-004 0.3085E-059 0.5165E-044 0.4183E-011 0.4633E-009 0.2534E-047 0.2797E-055 0.1456E-005 0.3471E-065 0.1000E-017 0.1081E-059 0.1695E-008 0.1259E-061 0.3101E-019 0.5776E-085 0.6712E-021 0.6092E-020 0.1633E-012 0.5271E-064 0.1298E-021 0.2698E-024 0.0000E+000 0.0000E+000
0.1562E+002 0.1000E+001 0.0000E+000 0.0000E+000 0.2250E+001 0.0000E+000 0.4001E-039 0.2550E-004 0.1912E-059 0.6259E-044 0.4183E-011 0.4633E-009 0.1880E-047 0.1734E-055 0.1456E-005 0.2031E-065 0.1000E-017 0.6698E-060 0.1695E-008 0.7412E-062 0.3103E-019 0.2736E-085 0.6716E-021 0.6094E-020 0.1633E-012 0.3264E-064 0.1303E-021 0.2720E-024 0.0000E+000 0.0000E+000
0.1561E+002 0.1000E+001 0.0000E+000 0.0000E+000 0.2250E+001 0.0000E+000 -.2716E-039 0.2550E-004 0.1185E-059 -.3901E-044 0.4183E-011 0.4633E-009 0.1395E-047 0.1076E-055 0.1456E-005 0.1188E-065 0.1000E-017 0.4151E-060 0.1695E-008 0.4364E-062 0.3105E-019 0.1296E-085 0.6719E-021 0.6095E-020 0.1633E-012 0.2022E-064 0.1309E-021 0.2743E-024 0.0000E+000 0.0000E+000
0.1560E+002 0.1000E+001 0.0000E+000 0.0000E+000 0.2250E+001 0.0000E+000 -.6165E-039 0.2550E-004 0.7346E-060 -.9853E-044 0.4183E-011 0.4633E-009 0.1035E-047 0.6671E-056 0.1456E-005 0.6955E-066 0.1000E-017 0.2573E-060 0.1695E-008 0.2570E-062 0.3107E-019 0.6140E-086 0.6723E-021 0.6097E-020 0.1633E-012 0.1253E-064 0.1314E-021 0.2766E-024 0.0000E+000 0.0000E+000
0.1559E+002 0.1000E+001 0.0000E+000 0.0000E+000 0.2250E+001 0.0000E+000 -.1027E-039 0.2550E-004 0.4555E-060 -.4849E-044 0.4183E-011 0.4633E-009 0.7679E-048 0.4138E-056 0.1456E-005 0.4072E-066 0.1000E-017 0.1595E-060 0.1695E-008 0.1514E-062 0.3109E-019 0.2910E-086 0.6726E-021 0.6099E-020 0.1633E-012 0.7763E-065 0.1320E-021 0.2789E-024 0.0000E+000 0.0000E+000
0.1558E+002 0.1000E+001 0.0000E+000 0.0000E+000 0.2250E+001 0.0000E+000 -.3537E-039 0.2550E-004 0.2825E-060 -.5817E-044 0.4183E-011 0.4633E-009 0.5698E-048 0.2567E-056 0.1456E-005 0.2384E-066 0.1000E-017 0.9891E-061 0.1695E-008 0.8917E-063 0.3110E-019 0.1380E-086 0.6730E-021 0.6100E-020 0.1633E-012 0.4812E-065 0.1325E-021 0.2812E-024 0.0000E+000 0.0000E+000
0.1557E+002 0.1000E+001 0.0000E+000 0.0000E+000 0.2250E+001 0.0000E+000 -.3489E-039 0.2550E-004 0.1752E-060 -.3209E-044 0.4183E-011 0.4633E-009 0.4229E-048 0.1593E-056 0.1456E-005 0.1396E-066 0.1000E-017 0.6135E-061 0.1695E-008 0.5254E-063 0.3112E-019 0.6542E-087 0.6734E-021 0.6102E-020 0.1633E-012 0.2983E-065 0.1331E-021 0.2835E-024 0.0000E+000 0.0000E+000
0.1556E+002 0.1000E+001 0.0000E+000 0.0000E+000 0.2250E+001 0.0000E+000 0.5234E-039 0.2550E-004 0.1087E-060 0.1075E-043 0.4183E-011 0.4633E-009 0.3139E-048 0.9886E-057 0.1456E-005 0.8179E-067 0.1000E-017 0.3805E-061 0.1695E-008 0.3097E-063 0.3114E-019 0.3103E-087 0.6737E-021 0.6104E-020 0.1633E-012 0.1850E-065 0.1337E-021 0.2858E-024 0.0000E+000 0.0000E+000
0.1555E+002 0.1000E+001 0.0000E+000 0.0000E+000 0.2250E+001 0.0000E+000 0.2235E-039 0.2550E-004 0.6745E-061 0.6524E-044 0.4183E-011 0.4633E-009 0.2330E-048 0.6136E-057 0.1456E-005 0.4793E-067 0.1000E-017 0.2361E-061 0.1695E-008 0.1826E-063 0.3116E-019 0.1472E-087 0.6741E-021 0.6105E-020 0.1633E-012 0.1147E-065 0.1342E-021 0.2882E-024 0.0000E+000 0.0000E+000
0.1554E+002 0.1000E+001 0.0000E+000 0.0000E+000 0.2250E+001 0.0000E+000 -.8592E-039 0.2550E-004 0.4186E-061 -.2075E-043 0.4183E-011 0.4633E-009 0.1730E-048 0.3809E-057 0.1456E-005 0.2809E-067 0.1000E-017 0.1465E-061 0.1695E-008 0.1076E-063 0.3118E-019 0.6986E-088 0.6745E-021 0.6107E-020 0.1633E-012 0.7117E-066 0.1348E-021 0.2905E-024 0.0000E+000 0.0000E+000
0.1553E+002 0.1000E+001 0.0000E+000 0.0000E+000 0.2250E+001 0.0000E+000 -.3275E-041 0.2550E-004 0.2599E-061 0.6116E-045 0.4183E-011 0.4633E-009 0.1284E-048 0.2365E-057 0.1456E-005 0.1646E-067 0.1000E-017 0.9093E-062 0.1695E-008 0.6349E-064 0.3120E-019 0.3316E-088 0.6749E-021 0.6108E-020 0.1633E-012 0.4416E-066 0.1353E-021 0.2929E-024 0.0000E+000 0.0000E+000
0.1552E+002 0.1000E+001 0.0000E+000 0.0000E+000 0.2250E+001 0.0000E+000 0.1722E-040 0.2550E-004 0.1613E-061 0.4541E-046 0.4183E-011 0.4633E-009 0.9537E-049 0.1469E-057 0.1456E-005 0.9653E-068 0.1000E-017 0.5645E-062 0.1695E-008 0.3745E-064 0.3122E-019 0.1574E-088 0.6752E-021 0.6110E-020 0.1633E-012 0.2741E-066 0.1359E-021 0.2952E-024 0.0000E+000 0.0000E+000
0.1551E+002 0.1000E+001 0.0000E+000 0.0000E+000 0.2250E+001 0.0000E+000 0.4866E-039 0.2550E-004 0.1002E-061 0.1340E-043 0.4183E-011 0.4633E-009 0.7083E-049 0.9123E-058 0.1456E-005 0.5660E-068 0.1000E-017 0.3505E-062 0.1695E-008 0.2210E-064 0.3123E-019 0.7477E-089 0.6756E-021 0.6111E-020 0.1633E-012 0.1701E-066 0.1365E-021 0.2976E-024 0.0000E+000 0.0000E+000
0.1550E+002 0.1000E+001 0.0000E+000 0.0000E+000 0.2250E+001 0.0000E+000 -.2258E-040 0.2550E-004 0.6221E-062 0.3468E-045 0.4183E-011 0.4633E-009 0.5260E-049 0.5667E-058 0.1456E-005 0.3320E-068 0.1000E-017 0.2177E-062 0.1695E-008 0.1304E-064 0.3125E-019 0.3552E-089 0.6760E-021 0.6112E-020 0.1633E-012 0.1056E-066 0.1370E-021 0.3000E-024 0.0000E+000 0.0000E+000
0.1549E+002 0.1000E+001 0.0000E+000 0.0000E+000 0.2250E+001 0.0000E+000 -.7136E-042 0.2550E-004 0.3864E-062 -.3638E-046 0.4183E-011 0.4633E-009 0.3907E-049 0.3521E-058 0.1456E-005 0.1948E-068 0.1000E-017 0.1352E-062 0.1695E-008 0.7698E-065 0.3127E-019 0.1688E-089 0.6763E-021 0.6114E-020 0.1633E-012 0.6558E-067 0.1376E-021 0.3024E-024 0.0000E+000 0.0000E+000
0.1548E+002 0.1000E+001 0.0000E+000 0.0000E+000 0.2250E+001 0.0000E+000 0.3673E-039 0.2550E-004 0.2401E-062 0.6116E-044 0.4183E-011 0.4633E-009 0.2902E-049 0.2188E-058 0.1456E-005 0.1143E-068 0.1000E-017 0.8398E-063 0.1695E-008 0.4545E-065 0.3129E-019 0.8020E-090 0.6767E-021 0.6115E-020 0.1633E-012 0.4073E-067 0.1381E-021 0.3048E-024 0.0000E+000 0.0000E+000
0.1547E+002 0.1000E+001 0.0000E+000 0.0000E+000 0.2250E+001 0.0000E+000 0.2399E-039 0.2550E-004 0.1492E-062 0.4748E-044 0.4183E-011 0.4633E-009 0.2156E-049 0.1360E-058 0.1456E-005 0.6709E-069 0.1000E-017 0.5218E-063 0.1695E-008 0.2684E-065 0.3131E-019 0.3813E-090 0.6771E-021 0.6117E-020 0.1633E-012 0.2530E-067 0.1387E-021 0.3072E-024 0.0000E+000 0.0000E+000
0.1546E+002 0.1000E+001 0.0000E+000 0.0000E+000 0.2250E+001 0.0000E+000 -.1910E-039 0.2550E-004 0.9271E-063 -.1008E-044 0.4183E-011 0.4633E-009 0.1602E-049 0.8453E-059 0.1456E-005 0.3938E-069 0.1000E-017 0.3243E-063 0.1695E-008 0.1585E-065 0.3133E-019 0.1813E-090 0.6774E-021 0.6118E-020 0.1633E-012 0.1572E-067 0.1393E-021 0.3096E-024 0.0000E+000 0.0000E+000
0.1545E+002 0.1000E+001 0.0000E+000 0.0000E+000 0.2250E+001 0.0000E+000 -.1682E-039 0.2550E-004 0.5763E-063 -.5937E-044 0.4183E-011 0.4633E-009 0.1190E-049 0.5255E-059 0.1456E-005 0.2312E-069 0.1000E-017 0.2016E-063 0.1695E-008 0.9366E-066 0.3134E-019 0.8622E-091 0.6778E-021 0.6119E-020 0.1633E-012 0.9770E-068 0.1398E-021 0.3120E-024 0.0000E+000 0.0000E+000
0.1544E+002 0.1000E+001 0.0000E+000 0.0000E+000 0.2250E+001 0.0000E+000 -.8668E-039 0.2550E-004 0.3583E-063 -.1058E-043 0.4183E-011 0.4633E-009 0.8846E-050 0.3268E-059 0.1456E-005 0.1358E-069 0.1000E-017 0.1253E-063 0.1695E-008 0.5535E-066 0.3136E-019 0.4102E-091 0.6782E-021 0.6120E-020 0.1633E-012 0.6072E-068 0.1404E-021 0.3144E-024 0.0000E+000 0.0000E+000
0.1543E+002 0.1000E+001 0.0000E+000 0.0000E+000 0.2250E+001 0.0000E+000 -.2765E-040 0.2550E-004 0.2228E-063 -.1918E-044 0.4183E-011 0.4633E-009 0.6575E-050 0.2032E-059 0.1456E-005 0.7978E-070 0.1000E-017 0.7791E-064 0.1695E-008 0.3271E-066 0.3138E-019 0.1952E-091 0.6786E-021 0.6122E-020 0.1633E-012 0.3775E-068 0.1409E-021 0.3169E-024 0.0000E+000 0.0000E+000
0.1542E+002 0.1000E+001 0.0000E+000 0.0000E+000 0.2250E+001 0.0000E+000 0.3993E-039 0.2550E-004 0.1386E-063 0.3724E-044 0.4183E-011 0.4633E-009 0.4887E-050 0.1264E-059 0.1456E-005 0.4687E-070 0.1000E-017 0.4845E-064 0.1695E-008 0.1934E-066 0.3140E-019 0.9291E-092 0.6789E-021 0.6123E-020 0.1633E-012 0.2347E-068 0.1415E-021 0.3193E-024 0.0000E+000 0.0000E+000
0.1541E+002 0.1000E+001 0.0000E+000 0.0000E+000 0.2250E+001 0.0000E+000 0.2967E-039 0.2550E-004 0.8618E-064 0.1545E-044 0.4183E-011 0.4633E-009 0.3633E-050 0.7864E-060 0.1456E-005 0.2755E-070 0.1000E-017 0.3014E-064 0.1695E-008 0.1144E-066 0.3142E-019 0.4423E-092 0.6793E-021 0.6124E-020 0.1633E-012 0.1460E-068 0.1421E-021 0.3218E-024 0.0000E+000 0.0000E+000
0.1540E+002 0.1000E+001 0.0000E+000 0.0000E+000 0.2250E+001 0.0000E+000 0.2448E-039 0.2550E-004 0.5362E-064 0.8141E-044 0.4183E-011 0.4633E-009 0.2701E-050 0.4893E-060 0.1456E-005 0.1619E-070 0.1000E-017 0.1875E-064 0.1695E-008 0.6764E-067 0.3144E-019 0.2106E-092 0.6797E-021 0.6125E-020 0.1633E-012 0.9079E-069 0.1426E-021 0.3242E-024 0.0000E+000 0.0000E+000
0.1539E+002 0.1000E+001 0.0000E+000 0.0000E+000 0.2250E+001 0.0000E+000 0.1030E-038 0.2550E-004 0.3336E-064 0.1959E-043 0.4183E-011 0.4633E-009 0.2008E-050 0.3045E-060 0.1456E-005 0.9520E-071 0.1000E-017 0.1166E-064 0.1695E-008 0.4001E-067 0.3145E-019 0.1003E-092 0.6801E-021 0.6126E-020 0.1633E-012 0.5648E-069 0.1432E-021 0.3267E-024 0.0000E+000 0.0000E+000
0.1538E+002 0.1000E+001 0.0000E+000 0.0000E+000 0.2250E+001 0.0000E+000 -.1337E-039 0.2550E-004 0.2076E-064 0.2832E-045 0.4183E-011 0.4633E-009 0.1493E-050 0.1895E-060 0.1456E-005 0.5598E-071 0.1000E-017 0.7259E-065 0.1695E-008 0.2368E-067 0.3147E-019 0.4780E-093 0.6804E-021 0.6127E-020 0.1633E-012 0.3515E-069 0.1437E-021 0.3292E-024 0.0000E+000 0.0000E+000
0.1537E+002 0.1000E+001 0.0000E+000 0.0000E+000 0.2250E+001 0.0000E+000 -.2142E-039 0.2550E-004 0.1292E-064 -.3190E-044 0.4183E-011 0.4633E-009 0.1110E-050 0.1180E-060 0.1456E-005 0.3293E-071 0.9999E-018 0.4518E-065 0.1695E-008 0.1401E-067 0.3149E-019 0.2278E-093 0.6808E-021 0.6129E-020 0.1633E-012 0.2187E-069 0.1443E-021 0.3317E-024 0.0000E+000 0.0000E+000
0.1536E+002 0.1000E+001 0.0000E+000 0.0000E+000 0.2250E+001 0.0000E+000 -.5869E-039 0.2550E-004 0.8045E-065 -.1545E-043 0.4183E-011 0.4633E-009 0.8258E-051 0.7345E-061 0.1456E-005 0.1937E-071 0.9999E-018 0.2813E-065 0.1695E-008 0.8295E-068 0.3151E-019 0.1086E-093 0.6812E-021 0.6130E-020 0.1633E-012 0.1361E-069 0.1449E-021 0.3342E-024 0.0000E+000 0.0000E+000
0.1535E+002 0.1000E+001 0.0000E+000 0.0000E+000 0.2250E+001 0.0000E+000 -.5417E-040 0.2550E-004 0.5009E-065 0.3051E-044 0.4183E-011 0.4633E-009 0.6143E-051 0.4574E-061 0.1456E-005 0.1140E-071 0.9999E-018 0.1751E-065 0.1695E-008 0.4911E-068 0.3153E-019 0.5178E-094 0.6816E-021 0.6131E-020 0.1633E-012 0.8476E-070 0.1454E-021 0.3367E-024 0.0000E+000 0.0000E+000
0.1534E+002 0.1000E+001 0.0000E+000 0.0000E+000 0.2250E+001 0.0000E+000 -.1090E-038 0.2550E-004 0.3119E-065 -.1788E-043 0.4183E-011 0.4633E-009 0.4569E-051 0.2849E-061 0.1456E-005 0.6708E-072 0.9999E-018 0.1091E-065 0.1695E-008 0.2909E-068 0.3155E-019 0.2470E-094 0.6819E-021 0.6132E-020 0.1633E-012 0.5277E-070 0.1460E-021 0.3392E-024 0.0000E+000 0.0000E+000
0.1533E+002 0.1000E+001 0.0000E+000 0.0000E+000 0.2250E+001 0.0000E+000 0.9315E-039 0.2550E-004 0.1943E-065 0.1546E-043 0.4183E-011 0.4633E-009 0.3399E-051 0.1774E-061 0.1456E-005 0.3949E-072 0.9999E-018 0.6793E-066 0.1695E-008 0.1723E-068 0.3156E-019 0.1178E-094 0.6823E-021 0.6133E-020 0.1633E-012 0.3287E-070 0.1466E-021 0.3418E-024 0.0000E+000 0.0000E+000
0.1532E+002 0.1000E+001 0.0000E+000 0.0000E+000 0.2250E+001 0.0000E+000 0.6175E-039 0.2550E-004 0.1210E-065 0.1229E-043 0.4183E-011 0.4633E-009 0.2529E-051 0.1105E-061 0.1456E-005 0.2325E-072 0.9998E-018 0.4231E-066 0.1695E-008 0.1021E-068 0.3158E-019 0.5622E-095 0.6827E-021 0.6134E-020 0.1633E-012 0.2047E-070 0.1471E-021 0.3443E-024 0.0000E+000 0.0000E+000
0.1531E+002 0.1000E+001 0.0000E+000 0.0000E+000 0.2250E+001 0.0000E+000 0.4885E-039 0.2550E-004 0.7541E-066 0.9010E-044 0.4183E-011 0.4633E-009 0.1882E-051 0.6888E-062 0.1456E-005 0.1369E-072 0.9998E-018 0.2636E-066 0.1695E-008 0.6049E-069 0.3160E-019 0.2683E-095 0.6831E-021 0.6135E-020 0.1633E-012 0.1275E-070 0.1477E-021 0.3468E-024 0.0000E+000 0.0000E+000
0.1530E+002 0.1000E+001 0.0000E+000 0.0000E+000 0.2250E+001 0.0000E+000 0.6924E-039 0.2550E-004 0.4699E-066 0.1460E-043 0.4183E-011 0.4633E-009 0.1401E-051 0.4293E-062 0.1456E-005 0.8066E-073 0.9998E-018 0.1643E-066 0.1695E-008 0.3586E-069 0.3162E-019 0.1281E-095 0.6835E-021 0.6136E-020 0.1633E-012 0.7947E-071 0.1482E-021 0.3494E-024 0.0000E+000 0.0000E+000
0.1529E+002 0.1000E+001 0.0000E+000 0.0000E+000 0.2250E+001 0.0000E+000 0.1535E-039 0.2550E-004 0.2929E-066 0.4935E-044 0.4183E-011 0.4633E-009 0.1042E-051 0.2676E-062 0.1456E-005 0.4752E-073 0.9998E-018 0.1024E-066 0.1695E-008 0.2126E-069 0.3164E-019 0.6117E-096 0.6838E-021 0.6137E-020 0.1633E-012 0.4953E-071 0.1488E-021 0.3520E-024 0.0000E+000 0.0000E+000
0.1528E+002 0.1000E+001 0.0000E+000 0.0000E+000 0.2250E+001 0.0000E+000 0.9199E-039 0.2550E-004 0.1826E-066 0.1637E-043 0.4183E-011 0.4633E-009 0.7759E-052 0.1668E-062 0.1456E-005 0.2801E-073 0.9998E-018 0.6383E-067 0.1695E-008 0.1261E-069 0.3165E-019 0.2922E-096 0.6842E-021 0.6138E-020 0.1633E-012 0.3087E-071 0.1494E-021 0.3545E-024 0.0000E+000 0.0000E+000
0.1527E+002 0.1000E+001 0.0000E+000 0.0000E+000 0.2250E+001 0.0000E+000 -.2571E-039 0.2550E-004 0.1138E-066 -.8701E-044 0.4183E-011 0.4633E-009 0.5776E-052 0.1040E-062 0.1456E-005 0.1651E-073 0.9997E-018 0.3980E-067 0.1695E-008 0.7477E-070 0.3167E-019 0.1396E-096 0.6846E-021 0.6138E-020 0.1633E-012 0.1925E-071 0.1499E-021 0.3571E-024 0.0000E+000 0.0000E+000
0.1526E+002 0.1000E+001 0.0000E+000 0.0000E+000 0.2250E+001 0.0000E+000 -.2855E-039 0.2550E-004 0.7099E-067 -.9986E-044 0.4183E-011 0.4633E-009 0.4300E-052 0.6485E-063 0.1456E-005 0.9732E-074 0.9997E-018 0.2482E-067 0.1695E-008 0.4436E-070 0.3169E-019 0.6671E-097 0.6850E-021 0.6139E-020 0.1633E-012 0.1200E-071 0.1505E-021 0.3597E-024 0.0000E+000 0.0000E+000
0.1525E+002 0.1000E+001 0.0000E+000 0.0000E+000 0.2250E+001 0.0000E+000 -.9371E-041 0.2550E-004 0.4427E-067 -.7898E-045 0.4183E-011 0.4633E-009 0.3202E-052 0.4045E-063 0.1456E-005 0.5739E-074 0.9997E-018 0.1548E-067 0.1695E-008 0.2632E-070 0.3171E-019 0.3189E-097 0.6854E-021 0.6140E-020 0.1633E-012 0.7484E-072 0.1511E-021 0.3623E-024 0.0000E+000 0.0000E+000
0.1524E+002 0.1000E+001 0.0000E+000 0.0000E+000 0.2250E+001 0.0000E+000 -.6934E-040 0.2550E-004 0.2762E-067 0.3063E-044 0.4183E-011 0.4633E-009 0.2384E-052 0.2523E-063 0.1456E-005 0.3385E-074 0.9997E-018 0.9655E-068 0.1695E-008 0.1562E-070 0.3173E-019 0.1525E-097 0.6857E-021 0.6141E-020 0.1633E-012 0.4668E-072 0.1516E-021 0.3649E-024 0.0000E+000 0.0000E+000
0.1523E+002 0.1000E+001 0.0000E+000 0.0000E+000 0.2250E+001 0.0000E+000 -.1000E-038 0.2550E-004 0.1723E-067 -.2043E-043 0.4183E-011 0.4633E-009 0.1775E-052 0.1574E-063 0.1456E-005 0.1997E-074 0.9997E-018 0.6023E-068 0.1695E-008 0.9275E-071 0.3175E-019 0.7292E-098 0.6861E-021 0.6142E-020 0.1633E-012 0.2912E-072 0.1522E-021 0.3675E-024 0.0000E+000 0.0000E+000
0.1522E+002 0.1000E+001 0.0000E+000 0.0000E+000 0.2250E+001 0.0000E+000 -.3299E-040 0.2550E-004 0.1075E-067 -.2452E-044 0.4183E-011 0.4633E-009 0.1322E-052 0.9824E-064 0.1456E-005 0.1178E-074 0.9997E-018 0.3759E-068 0.1695E-008 0.5507E-071 0.3176E-019 0.3488E-098 0.6865E-021 0.6143E-020 0.1633E-012 0.1817E-072 0.1527E-021 0.3702E-024 0.0000E+000 0.0000E+000
0.1521E+002 0.1000E+001 0.0000E+000 0.0000E+000 0.2250E+001 0.0000E+000 0.1249E-039 0.2550E-004 0.6710E-068 0.2167E-045 0.4183E-011 0.4633E-009 0.9849E-053 0.6131E-064 0.1456E-005 0.6953E-075 0.9996E-018 0.2346E-068 0.1695E-008 0.3271E-071 0.3178E-019 0.1669E-098 0.6869E-021 0.6143E-020 0.1633E-012 0.1134E-072 0.1533E-021 0.3728E-024 0.0000E+000 0.0000E+000
0.1520E+002 0.1000E+001 0.0000E+000 0.0000E+000 0.2250E+001 0.0000E+000 -.2071E-039 0.2550E-004 0.4188E-068 -.4744E-044 0.4183E-011 0.4633E-009 0.7337E-053 0.3827E-064 0.1456E-005 0.4104E-075 0.9996E-018 0.1464E-068 0.1695E-008 0.1943E-071 0.3180E-019 0.7989E-099 0.6873E-021 0.6144E-020 0.1633E-012 0.7077E-073 0.1539E-021 0.3754E-024 0.0000E+000 0.0000E+000
0.1519E+002 0.1000E+001 0.0000E+000 0.0000E+000 0.2250E+001 0.0000E+000 -.6531E-039 0.2550E-004 0.2615E-068 -.7533E-044 0.4183E-011 0.4633E-009 0.5466E-053 0.2389E-064 0.1456E-005 0.2423E-075 0.9996E-018 0.9141E-069 0.1695E-008 0.1155E-071 0.3182E-019 0.3825E-099 0.6877E-021 0.6145E-020 0.1633E-012 0.4418E-073 0.1544E-021 0.3781E-024 0.0000E+000 0.0000E+000
0.1518E+002 0.1000E+001 0.0000E+000 0.0000E+000 0.2250E+001 0.0000E+000 -.3060E-039 0.2550E-004 0.1633E-068 -.9183E-044 0.4183E-011 0.4633E-009 0.4073E-053 0.1492E-064 0.1456E-005 0.1431E-075 0.9996E-018 0.5708E-069 0.1695E-008 0.6861E-072 0.3184E-019 0.1831E-099 0.6880E-021 0.6146E-020 0.1633E-012 0.2759E-073 0.1550E-021 0.3807E-024 0.0000E+000 0.0000E+000
0.1517E+002 0.1000E+001 0.0000E+000 0.0000E+000 0.2250E+001 0.0000E+000 -.1787E-039 0.2550E-004 0.1020E-068 -.7718E-044 0.4183E-011 0.4633E-009 0.3035E-053 0.9317E-065 0.1456E-005 0.8453E-076 0.9996E-018 0.3564E-069 0.1695E-008 0.4079E-072 0.3185E-019 0.8772E-100 0.6884E-021 0.6147E-020 0.1633E-012 0.1723E-073 0.1556E-021 0.3834E-024 0.0000E+000 0.0000E+000
0.1516E+002 0.1000E+001 0.0000E+000 0.0000E+000 0.2250E+001 0.0000E+000 0.9181E-040 0.2550E-004 0.6368E-069 -.9856E-045 0.4183E-011 0.4633E-009 0.2262E-053 0.5820E-065 0.1456E-005 0.4994E-076 0.9995E-018 0.2226E-069 0.1695E-008 0.2425E-072 0.3187E-019 0.4203E-100 0.6888E-021 0.6147E-020 0.1633E-012 0.1076E-073 0.1561E-021 0.3861E-024 0.0000E+000 0.0000E+000
0.1515E+002 0.1000E+001 0.0000E+000 0.0000E+000 0.2250E+001 0.0000E+000 0.3061E-041 0.2550E-004 0.3978E-069 0.1619E-045 0.4183E-011 0.4633E-009 0.1686E-053 0.3636E-065 0.1456E-005 0.2951E-076 0.9995E-018 0.1391E-069 0.1695E-008 0.1442E-072 0.3189E-019 0.2014E-100 0.6892E-021 0.6148E-020 0.1633E-012 0.6721E-074 0.1567E-021 0.3888E-024 0.0000E+000 0.0000E+000
0.1514E+002 0.1000E+001 0.0000E+000 0.0000E+000 0.2250E+001 0.0000E+000 0.1046E-038 0.2550E-004 0.2486E-069 0.2074E-043 0.4183E-011 0.4633E-009 0.1256E-053 0.2272E-065 0.1456E-005 0.1744E-076 0.9995E-018 0.8690E-070 0.1695E-008 0.8578E-073 0.3191E-019 0.9654E-101 0.6896E-021 0.6149E-020 0.1633E-012 0.4199E-074 0.1573E-021 0.3915E-024 0.0000E+000 0.0000E+000
0.1513E+002 0.1000E+001 0.0000E+000 0.0000E+000 0.2250E+001 0.0000E+000 0.5667E-039 0.2550E-004 0.1553E-069 0.1538E-043 0.4183E-011 0.4633E-009 0.9367E-054 0.1420E-065 0.1456E-005 0.1031E-076 0.9995E-018 0.5431E-070 0.1695E-008 0.5104E-073 0.3193E-019 0.4629E-101 0.6900E-021 0.6149E-020 0.1633E-012 0.2624E-074 0.1578E-021 0.3942E-024 0.0000E+000 0.0000E+000
0.1512E+002 0.1000E+001 0.0000E+000 0.0000E+000 0.2250E+001 0.0000E+000 0.7789E-039 0.2550E-004 0.9709E-070 0.1336E-043 0.4183E-011 0.4633E-009 0.6983E-054 0.8872E-066 0.1456E-005 0.6098E-077 0.9995E-018 0.3394E-070 0.1695E-008 0.3037E-073 0.3195E-019 0.2220E-101 0.6904E-021 0.6150E-020 0.1633E-012 0.1640E-074 0.1584E-021 0.3969E-024 0.0000E+000 0.0000E+000
0.1511E+002 0.1000E+001 0.0000E+000 0.0000E+000 0.2250E+001 0.0000E+000 -.5517E-039 0.2550E-004 0.6069E-070 -.9451E-044 0.4183E-011 0.4633E-009 0.5207E-054 0.5546E-066 0.1456E-005 0.3606E-077 0.9994E-018 0.2122E-070 0.1695E-008 0.1808E-073 0.3196E-019 0.1065E-101 0.6907E-021 0.6151E-020 0.1633E-012 0.1025E-074 0.1589E-021 0.3996E-024 0.0000E+000 0.0000E+000
0.1510E+002 0.1000E+001 0.0000E+000 0.0000E+000 0.2250E+001 0.0000E+000 -.1854E-040 0.2550E-004 0.3795E-070 -.1330E-044 0.4183E-011 0.4633E-009 0.3883E-054 0.3468E-066 0.1456E-005 0.2133E-077 0.9994E-018 0.1327E-070 0.1695E-008 0.1076E-073 0.3198E-019 0.5110E-102 0.6911E-021 0.6151E-020 0.1633E-012 0.6410E-075 0.1595E-021 0.4023E-024 0.0000E+000 0.0000E+000
0.1509E+002 0.1000E+001 0.0000E+000 0.0000E+000 0.2250E+001 0.0000E+000 -.6458E-040 0.2550E-004 0.2373E-070 0.7833E-045 0.4183E-011 0.4633E-009 0.2895E-054 0.2168E-066 0.1456E-005 0.1262E-077 0.9994E-018 0.8296E-071 0.1695E-008 0.6409E-074 0.3200E-019 0.2452E-102 0.6915E-021 0.6152E-020 0.1633E-012 0.4008E-075 0.1601E-021 0.4051E-024 0.0000E+000 0.0000E+000
0.1508E+002 0.1000E+001 0.0000E+000 0.0000E+000 0.2250E+001 0.0000E+000 -.2177E-041 0.2550E-004 0.1484E-070 -.1126E-045 0.4183E-011 0.4633E-009 0.2160E-054 0.1356E-066 0.1456E-005 0.7470E-078 0.9994E-018 0.5189E-071 0.1695E-008 0.3817E-074 0.3202E-019 0.1177E-102 0.6919E-021 0.6152E-020 0.1633E-012 0.2507E-075 0.1606E-021 0.4078E-024 0.0000E+000 0.0000E+000
0.1507E+002 0.1000E+001 0.0000E+000 0.0000E+000 0.2250E+001 0.0000E+000 -.1124E-039 0.2550E-004 0.9283E-071 0.3352E-044 0.4183E-011 0.4633E-009 0.1611E-054 0.8483E-067 0.1456E-005 0.4422E-078 0.9994E-018 0.3246E-071 0.1695E-008 0.2274E-074 0.3204E-019 0.5654E-103 0.6923E-021 0.6153E-020 0.1633E-012 0.1568E-075 0.1612E-021 0.4106E-024 0.0000E+000 0.0000E+000
0.1506E+002 0.1000E+001 0.0000E+000 0.0000E+000 0.2250E+001 0.0000E+000 0.9667E-039 0.2550E-004 0.5808E-071 0.1443E-043 0.4183E-011 0.4633E-009 0.1202E-054 0.5307E-067 0.1456E-005 0.2618E-078 0.9994E-018 0.2031E-071 0.1695E-008 0.1355E-074 0.3205E-019 0.2715E-103 0.6927E-021 0.6154E-020 0.1633E-012 0.9810E-076 0.1618E-021 0.4134E-024 0.0000E+000 0.0000E+000
0.1505E+002 0.1000E+001 0.0000E+000 0.0000E+000 0.2250E+001 0.0000E+000 -.4518E-039 0.2550E-004 0.3634E-071 -.4158E-044 0.4183E-011 0.4633E-009 0.8965E-055 0.3321E-067 0.1456E-005 0.1550E-078 0.9993E-018 0.1271E-071 0.1695E-008 0.8077E-075 0.3207E-019 0.1305E-103 0.6931E-021 0.6154E-020 0.1633E-012 0.6139E-076 0.1623E-021 0.4161E-024 0.0000E+000 0.0000E+000
0.1504E+002 0.1000E+001 0.0000E+000 0.0000E+000 0.2250E+001 0.0000E+000 -.1533E-040 0.2550E-004 0.2274E-071 -.1014E-044 0.4183E-011 0.4633E-009 0.6689E-055 0.2078E-067 0.1456E-005 0.9183E-079 0.9993E-018 0.7953E-072 0.1695E-008 0.4815E-075 0.3209E-019 0.6269E-104 0.6935E-021 0.6155E-020 0.1633E-012 0.3842E-076 0.1629E-021 0.4189E-024 0.0000E+000 0.0000E+000
0.1503E+002 0.1000E+001 0.0000E+000 0.0000E+000 0.2250E+001 0.0000E+000 -.1622E-039 0.2550E-004 0.1424E-071 -.1771E-044 0.4183E-011 0.4633E-009 0.4992E-055 0.1301E-067 0.1456E-005 0.5440E-079 0.9993E-018 0.4978E-072 0.1695E-008 0.2871E-075 0.3211E-019 0.3014E-104 0.6939E-021 0.6155E-020 0.1633E-012 0.2405E-076 0.1635E-021 0.4217E-024 0.0000E+000 0.0000E+000
0.1502E+002 0.1000E+001 0.0000E+000 0.0000E+000 0.2250E+001 0.0000E+000 0.8822E-039 0.2550E-004 0.8913E-072 0.1661E-043 0.4183E-011 0.4633E-009 0.3725E-055 0.8144E-068 0.1456E-005 0.3224E-079 0.9993E-018 0.3116E-072 0.1695E-008 0.1712E-075 0.3213E-019 0.1449E-104 0.6942E-021 0.6156E-020 0.1633E-012 0.1505E-076 0.1640E-021 0.4245E-024 0.0000E+000 0.0000E+000
0.1501E+002 0.1000E+001 0.0000E+000 0.0000E+000 0.2250E+001 0.0000E+000 0.3485E-039 0.2550E-004 0.5581E-072 0.6000E-044 0.4183E-011 0.4633E-009 0.2780E-055 0.5099E-068 0.1456E-005 0.1911E-079 0.9993E-018 0.1951E-072 0.1695E-008 0.1021E-075 0.3214E-019 0.6968E-105 0.6946E-021 0.6156E-020 0.1633E-012 0.9426E-077 0.1646E-021 0.4273E-024 0.0000E+000 0.0000E+000
0.1500E+002 0.1000E+001 0.0000E+000 0.0000E+000 0.2250E+001 0.0000E+000 0.2905E-038 0.2550E-004 -.3771E-077 0.2386E-038 0.4183E-011 0.4633E-009 0.8117E-041 -.3444E-073 0.1456E-005 -.8472E-085 0.9974E-018 -.1318E-077 0.1695E-008 -.5132E-081 0.3394E-019 0.8656E-110 0.6966E-021 0.6182E-020 0.1633E-012 -.6372E-082 0.2227E-021 0.7579E-024 0.0000E+000 0.0000E+000
0.1400E+002 0.1000E+001 0.0000E+000 0.0000E+000 0.2250E+001 0.0000E+000 -.1227E-038 0.2550E-004 -.4665E-084 -.7977E-039 0.4183E-011 0.4633E-009 -.2424E-043 -.4127E-080 0.1456E-005 0.2143E-091 0.9956E-018 -.1608E-084 0.1695E-008 0.3827E-088 0.3568E-019 -.1753E-116 0.8359E-021 0.6104E-020 0.1633E-012 -.7979E-089 0.2817E-021 0.1173E-023 0.0000E+000 0.0000E+000
0.1300E+002 0.1000E+001 0.0000E+000 0.0000E+000 0.2250E+001 0.0000E+000 0.1135E-038 0.2550E-004 -.6973E-090 0.6560E-039 0.4183E-011 0.4633E-009 -.7590E-041 -.6385E-086 0.1456E-005 -.5012E-098 0.9939E-018 -.2477E-090 0.1695E-008 0.3214E-094 0.3734E-019 0.1072E-122 0.8980E-021 0.6052E-020 0.1633E-012 -.1186E-094 0.3411E-021 0.1667E-023 0.0000E+000 0.0000E+000
0.1200E+002 0.1000E+001 0.0000E+000 0.0000E+000 0.2250E+001 0.0000E+000 -.5545E-039 0.2550E-004 -.1932E-095 -.7260E-040 0.4183E-011 0.4633E-009 0.1844E-040 -.1746E-091 0.1456E-005 -.3712E-104 0.9922E-018 -.6779E-096 0.1695E-008 0.7091E-100 0.3892E-019 -.6281E-129 0.9707E-021 0.6003E-020 0.1633E-012 -.3279E-100 0.4006E-021 0.2231E-023 0.0000E+000 0.0000E+000
0.1100E+002 0.1000E+001 0.0000E+000 0.0000E+000 0.2250E+001 0.0000E+000 0.5270E-039 0.2550E-004 -.2749E-101 0.4525E-039 0.4183E-011 0.4633E-009 -.5536E-040 -.2486E-097 0.1456E-005 -.1077E-109 0.9907E-018 -.9629E-102 0.1695E-008 0.1555E-105 0.4044E-019 -.4464E-135 0.1057E-020 0.5952E-020 0.1633E-012 -.4657E-106 0.4597E-021 0.2856E-023 0.0000E+000 0.0000E+000
0.1000E+002 0.1000E+001 0.0000E+000 0.0000E+000 0.2250E+001 0.0000E+000 0.1087E-039 0.2550E-004 0.8194E-107 0.8425E-040 0.4183E-011 0.4633E-009 0.2109E-040 0.7478E-103 0.1456E-005 -.2137E-115 0.9892E-018 0.2887E-107 0.1695E-008 -.2800E-111 0.4187E-019 -.7234E-141 0.1160E-020 0.5897E-020 0.1633E-012 0.1390E-111 0.5179E-021 0.3531E-023 0.0000E+000 0.0000E+000
