0.1523E+002 0.8687E-004 0.8999E+000 0.9999E+000 0.7078E-005 0.9999E-001 0.9980E-014 0.2658E-006 0.2523E-004 0.2593E-016 0.4243E-011 0.4629E-009 0.2496E-020 0.4049E-013 0.1457E-005 0.9882E-013 0.2489E-019 0.1116E-015 0.1258E-008 0.3577E-015 0.7689E-022 0.2603E-017 0.4863E-018 0.2413E-025 0.9710E-013 0.2202E-020 0.2008E-026 0.5111E-031 0.0000E+000 0.0000E+000
0.1522E+002 0.1000E+001 0.0000E+000 0.0000E+000 0.2250E+001 0.0000E+000 0.4046E-015 0.1342E-004 0.1208E-004 0.7868E-018 0.4243E-011 0.4629E-009 0.1844E-020 0.5985E-013 0.1457E-005 0.5443E-013 0.2203E-018 0.1116E-014 0.1298E-008 0.3715E-014 0.3081E-020 0.1246E-017 0.3901E-018 0.7213E-021 0.1024E-012 0.1196E-019 0.1053E-023 0.1525E-027 0.0000E+000 0.0000E+000
0.1521E+002 0.1000E+001 0.0000E+000 0.0000E+000 0.2250E+001 0.0000E+000 0.1646E-016 0.1971E-004 0.5785E-005 0.2435E-019 0.4243E-011 0.4629E-009 0.1368E-020 0.5643E-013 0.1457E-005 0.2998E-013 0.3957E-018 0.1848E-014 0.1317E-008 0.3884E-014 0.8307E-020 0.5968E-018 0.3129E-018 0.1268E-020 0.1051E-012 0.3829E-019 0.3705E-023 0.4430E-027 0.0000E+000 0.0000E+000
0.1520E+002 0.1000E+001 0.0000E+000 0.0000E+000 0.2250E+001 0.0000E+000 0.6711E-018 0.2273E-004 0.2771E-005 0.7668E-021 0.4243E-011 0.4629E-009 0.1018E-020 0.4575E-013 0.1457E-005 0.1652E-013 0.5349E-018 0.1932E-014 0.1326E-008 0.3111E-014 0.1356E-019 0.2859E-018 0.2510E-018 0.1688E-020 0.1063E-012 0.5781E-019 0.7124E-023 0.7872E-027 0.0000E+000 0.0000E+000
0.1519E+002 0.1000E+001 0.0000E+000 0.0000E+000 0.2250E+001 0.0000E+000 0.2740E-019 0.2417E-004 0.1327E-005 0.2456E-022 0.4243E-011 0.4629E-009 0.7574E-021 0.3438E-013 0.1457E-005 0.9107E-014 0.6384E-018 0.1652E-014 0.1331E-008 0.2234E-014 0.1792E-019 0.1370E-018 0.2014E-018 0.2012E-020 0.1069E-012 0.6242E-019 0.1046E-022 0.1149E-026 0.0000E+000 0.0000E+000
0.1518E+002 0.1000E+001 0.0000E+000 0.0000E+000 0.2250E+001 0.0000E+000 0.1120E-020 0.2486E-004 0.6362E-006 0.8010E-024 0.4243E-011 0.4629E-009 0.5641E-021 0.2468E-013 0.1457E-005 0.5021E-014 0.7121E-018 0.1264E-014 0.1333E-008 0.1512E-014 0.2117E-019 0.6563E-019 0.1617E-018 0.2266E-020 0.1072E-012 0.5613E-019 0.1329E-022 0.1513E-026 0.0000E+000 0.0000E+000
0.1517E+002 0.1000E+001 0.0000E+000 0.0000E+000 0.2250E+001 0.0000E+000 0.4585E-022 0.2519E-004 0.3049E-006 0.2664E-025 0.4243E-011 0.4629E-009 0.4203E-021 0.1719E-013 0.1457E-005 0.2769E-014 0.7632E-018 0.9029E-015 0.1334E-008 0.9875E-015 0.2346E-019 0.3146E-019 0.1298E-018 0.2467E-020 0.1074E-012 0.4511E-019 0.1554E-022 0.1876E-026 0.0000E+000 0.0000E+000
0.1516E+002 0.1000E+001 0.0000E+000 0.0000E+000 0.2250E+001 0.0000E+000 0.1879E-023 0.2535E-004 0.1462E-006 0.9045E-027 0.4243E-011 0.4629E-009 0.3132E-021 0.1172E-013 0.1457E-005 0.1527E-014 0.7978E-018 0.6158E-015 0.1334E-008 0.6296E-015 0.2501E-019 0.1508E-019 0.1043E-018 0.2629E-020 0.1074E-012 0.3364E-019 0.1727E-022 0.2236E-026 0.0000E+000 0.0000E+000
0.1515E+002 0.1000E+001 0.0000E+000 0.0000E+000 0.2250E+001 0.0000E+000 0.7713E-025 0.2543E-004 0.7012E-007 0.3141E-028 0.4243E-011 0.4629E-009 0.2334E-021 0.7863E-014 0.1457E-005 0.8426E-015 0.8209E-018 0.4065E-015 0.1335E-008 0.3948E-015 0.2602E-019 0.7234E-020 0.8377E-019 0.2762E-020 0.1075E-012 0.2382E-019 0.1860E-022 0.2596E-026 0.0000E+000 0.0000E+000
0.1514E+002 0.1000E+001 0.0000E+000 0.0000E+000 0.2250E+001 0.0000E+000 0.3170E-026 0.2547E-004 0.3364E-007 0.1116E-029 0.4243E-011 0.4629E-009 0.1740E-021 0.5214E-014 0.1457E-005 0.4650E-015 0.8362E-018 0.2622E-015 0.1335E-008 0.2447E-015 0.2668E-019 0.3470E-020 0.6733E-019 0.2872E-020 0.1075E-012 0.1624E-019 0.1964E-022 0.2958E-026 0.0000E+000 0.0000E+000
0.1513E+002 0.1000E+001 0.0000E+000 0.0000E+000 0.2250E+001 0.0000E+000 0.1304E-027 0.2548E-004 0.1614E-007 0.4051E-031 0.4243E-011 0.4629E-009 0.1297E-021 0.3425E-014 0.1457E-005 0.2567E-015 0.8462E-018 0.1661E-015 0.1335E-008 0.1503E-015 0.2710E-019 0.1665E-020 0.5416E-019 0.2966E-020 0.1075E-012 0.1077E-019 0.2049E-022 0.3325E-026 0.0000E+000 0.0000E+000
0.1512E+002 0.1000E+001 0.0000E+000 0.0000E+000 0.2250E+001 0.0000E+000 0.5373E-029 0.2549E-004 0.7746E-008 0.1503E-032 0.4243E-011 0.4629E-009 0.9670E-022 0.2233E-014 0.1457E-005 0.1417E-015 0.8527E-018 0.1039E-015 0.1335E-008 0.9169E-016 0.2737E-019 0.7992E-021 0.4359E-019 0.3047E-020 0.1075E-012 0.6985E-020 0.2121E-022 0.3696E-026 0.0000E+000 0.0000E+000
0.1511E+002 0.1000E+001 0.0000E+000 0.0000E+000 0.2250E+001 0.0000E+000 0.2234E-030 0.2549E-004 0.3719E-008 0.5692E-034 0.4243E-011 0.4629E-009 0.7210E-022 0.1447E-014 0.1457E-005 0.7828E-016 0.8569E-018 0.6430E-016 0.1335E-008 0.5566E-016 0.2754E-019 0.3837E-021 0.3511E-019 0.3119E-020 0.1075E-012 0.4456E-020 0.2184E-022 0.4074E-026 0.0000E+000 0.0000E+000
0.1510E+002 0.1000E+001 0.0000E+000 0.0000E+000 0.2250E+001 0.0000E+000 0.9202E-032 0.2550E-004 0.1786E-008 0.2190E-035 0.4243E-011 0.4629E-009 0.5377E-022 0.9329E-015 0.1457E-005 0.4324E-016 0.8596E-018 0.3949E-016 0.1335E-008 0.3366E-016 0.2765E-019 0.1842E-021 0.2831E-019 0.3183E-020 0.1075E-012 0.2806E-020 0.2242E-022 0.4458E-026 0.0000E+000 0.0000E+000
0.1509E+002 0.1000E+001 0.0000E+000 0.0000E+000 0.2250E+001 0.0000E+000 -.2662E-034 0.2550E-004 0.8577E-009 0.7557E-037 0.4243E-011 0.4629E-009 0.4010E-022 0.5991E-015 0.1457E-005 0.2390E-016 0.8613E-018 0.2411E-016 0.1335E-008 0.2030E-016 0.2772E-019 0.8849E-022 0.2286E-019 0.3241E-020 0.1075E-012 0.1749E-020 0.2296E-022 0.4850E-026 0.0000E+000 0.0000E+000
0.1508E+002 0.1000E+001 0.0000E+000 0.0000E+000 0.2250E+001 0.0000E+000 0.7579E-035 0.2550E-004 0.4121E-009 0.2025E-038 0.4243E-011 0.4629E-009 0.2991E-022 0.3834E-015 0.1457E-005 0.1321E-016 0.8624E-018 0.1465E-016 0.1335E-008 0.1221E-016 0.2777E-019 0.4252E-022 0.1848E-019 0.3296E-020 0.1075E-012 0.1081E-020 0.2349E-022 0.5251E-026 0.0000E+000 0.0000E+000
0.1507E+002 0.1000E+001 0.0000E+000 0.0000E+000 0.2250E+001 0.0000E+000 0.3396E-034 0.2550E-004 0.1980E-009 0.8911E-039 0.4243E-011 0.4629E-009 0.2231E-022 0.2446E-015 0.1457E-005 0.7302E-017 0.8631E-018 0.8867E-017 0.1335E-008 0.7334E-017 0.2781E-019 0.2043E-022 0.1497E-019 0.3347E-020 0.1075E-012 0.6634E-021 0.2400E-022 0.5659E-026 0.0000E+000 0.0000E+000
0.1506E+002 0.1000E+001 0.0000E+000 0.0000E+000 0.2250E+001 0.0000E+000 0.1414E-035 0.2550E-004 0.9519E-010 0.9441E-040 0.4243E-011 0.4629E-009 0.1664E-022 0.1557E-015 0.1457E-005 0.4038E-017 0.8635E-018 0.5352E-017 0.1335E-008 0.4399E-017 0.2784E-019 0.9821E-023 0.1215E-019 0.3395E-020 0.1075E-012 0.4051E-021 0.2451E-022 0.6075E-026 0.0000E+000 0.0000E+000
0.1505E+002 0.1000E+001 0.0000E+000 0.0000E+000 0.2250E+001 0.0000E+000 0.1551E-034 0.2550E-004 0.4577E-010 0.4156E-039 0.4243E-011 0.4629E-009 0.1242E-022 0.9895E-016 0.1457E-005 0.2233E-017 0.8638E-018 0.3223E-017 0.1335E-008 0.2635E-017 0.2786E-019 0.4722E-023 0.9894E-020 0.3441E-020 0.1075E-012 0.2463E-021 0.2501E-022 0.6499E-026 0.0000E+000 0.0000E+000
0.1504E+002 0.1000E+001 0.0000E+000 0.0000E+000 0.2250E+001 0.0000E+000 0.3525E-035 0.2550E-004 0.2201E-010 0.9760E-040 0.4243E-011 0.4629E-009 0.9265E-023 0.6275E-016 0.1457E-005 0.1236E-017 0.8639E-018 0.1937E-017 0.1335E-008 0.1578E-017 0.2788E-019 0.2271E-023 0.8080E-020 0.3486E-020 0.1075E-012 0.1492E-021 0.2550E-022 0.6932E-026 0.0000E+000 0.0000E+000
0.1503E+002 0.1000E+001 0.0000E+000 0.0000E+000 0.2250E+001 0.0000E+000 -.2603E-035 0.2550E-004 0.1059E-010 -.4145E-040 0.4243E-011 0.4629E-009 0.6914E-023 0.3974E-016 0.1457E-005 0.6839E-018 0.8640E-018 0.1163E-017 0.1335E-008 0.9440E-018 0.2790E-019 0.1092E-023 0.6625E-020 0.3529E-020 0.1075E-012 0.9018E-022 0.2600E-022 0.7372E-026 0.0000E+000 0.0000E+000
0.1502E+002 0.1000E+001 0.0000E+000 0.0000E+000 0.2250E+001 0.0000E+000 -.5016E-036 0.2550E-004 0.5095E-011 -.2160E-040 0.4243E-011 0.4629E-009 0.5160E-023 0.2514E-016 0.1457E-005 0.3786E-018 0.8641E-018 0.6975E-018 0.1335E-008 0.5646E-018 0.2792E-019 0.5256E-024 0.5456E-020 0.3570E-020 0.1075E-012 0.5437E-022 0.2650E-022 0.7822E-026 0.0000E+000 0.0000E+000
0.1501E+002 0.1000E+001 0.0000E+000 0.0000E+000 0.2250E+001 0.0000E+000 -.2082E-036 0.2550E-004 0.2452E-011 -.6184E-041 0.4243E-011 0.4629E-009 0.3851E-023 0.1588E-016 0.1457E-005 0.2096E-018 0.8641E-018 0.4180E-018 0.1335E-008 0.3376E-018 0.2793E-019 0.2530E-024 0.4519E-020 0.3611E-020 0.1075E-012 0.3272E-022 0.2699E-022 0.8279E-026 0.0000E+000 0.0000E+000
0.1500E+002 0.1000E+001 0.0000E+000 0.0000E+000 0.2250E+001 0.0000E+000 -.5535E-039 0.2550E-004 -.2972E-022 0.1300E-038 0.4243E-011 0.4629E-009 0.3063E-031 0.1292E-025 0.1457E-005 0.6082E-028 0.8626E-018 0.2841E-027 0.1335E-008 0.2274E-027 0.2949E-019 -.3067E-035 0.6962E-021 0.5661E-020 0.1075E-012 0.2269E-031 0.7769E-022 0.9737E-025 0.0000E+000 0.0000E+000
0.1400E+002 0.1000E+001 0.0000E+000 0.0000E+000 0.2250E+001 0.0000E+000 -.8388E-039 0.2550E-004 0.1233E-032 -.1568E-038 0.4243E-011 0.4629E-009 0.5608E-039 0.1766E-035 0.1457E-005 0.1078E-037 0.8611E-018 0.6710E-037 0.1335E-008 0.5537E-037 0.3099E-019 0.1272E-045 0.8354E-021 0.6042E-020 0.1075E-012 0.5083E-041 0.1291E-021 0.2675E-024 0.0000E+000 0.0000E+000
0.1300E+002 0.1000E+001 0.0000E+000 0.0000E+000 0.2250E+001 0.0000E+000 -.5339E-039 0.2550E-004 -.2245E-039 0.1045E-039 0.4243E-011 0.4629E-009 0.4445E-040 -.6747E-042 0.1457E-005 0.6548E-046 0.8596E-018 -.9864E-044 0.1335E-008 -.8138E-044 0.3243E-019 -.2316E-052 0.8974E-021 0.6100E-020 0.1075E-012 -.7624E-048 0.1809E-021 0.5132E-024 0.0000E+000 0.0000E+000
0.1200E+002 0.1000E+001 0.0000E+000 0.0000E+000 0.2250E+001 0.0000E+000 0.1492E-038 0.2550E-004 0.1315E-045 0.1140E-038 0.4243E-011 0.4629E-009 0.4177E-041 -.1845E-047 0.1457E-005 0.4942E-052 0.8581E-018 -.2098E-049 0.1335E-008 -.1796E-049 0.3380E-019 0.1357E-058 0.9700E-021 0.6079E-020 0.1075E-012 -.1548E-053 0.2327E-021 0.8275E-024 0.0000E+000 0.0000E+000
0.1100E+002 0.1000E+001 0.0000E+000 0.0000E+000 0.2250E+001 0.0000E+000 0.1250E-038 0.2550E-004 0.9338E-052 0.1255E-038 0.4243E-011 0.4629E-009 0.1094E-040 -.2626E-053 0.1457E-005 0.1431E-057 0.8568E-018 -.4512E-055 0.1335E-008 -.3938E-055 0.3510E-019 0.9642E-065 0.1056E-020 0.6034E-020 0.1075E-012 -.3362E-059 0.2842E-021 0.1203E-023 0.0000E+000 0.0000E+000
0.1000E+002 0.1000E+001 0.0000E+000 0.0000E+000 0.2250E+001 0.0000E+000 0.1461E-039 0.2550E-004 0.1516E-057 0.1597E-039 0.4243E-011 0.4629E-009 -.2107E-040 0.7899E-059 0.1457E-005 0.2836E-063 0.8555E-018 0.7947E-061 0.1335E-008 0.7092E-061 0.3634E-019 0.1563E-070 0.1160E-020 0.5980E-020 0.1075E-012 0.5629E-065 0.3349E-021 0.1631E-023 0.0000E+000 0.0000E+000
