0.1627E+002 0.2461E-003 0.8998E+000 0.9997E+000 0.1890E-004 0.9998E-001 0.3109E-013 0.2648E-006 0.2523E-004 0.2841E-016 0.4190E-011 0.4600E-009 0.2701E-020 0.4330E-013 0.1457E-005 0.2818E-012 0.2623E-019 0.1222E-015 0.1339E-008 0.3590E-015 0.8559E-022 0.6473E-017 0.4797E-018 0.7444E-025 0.1079E-012 0.2510E-020 0.2333E-026 0.6124E-031 0.0000E+000 0.0000E+000
0.1626E+002 0.1000E+001 0.0000E+000 0.0000E+000 0.2250E+001 0.0000E+000 0.1084E-014 0.1373E-004 0.1177E-004 0.7388E-018 0.4190E-011 0.4600E-009 0.1976E-020 0.1273E-012 0.1457E-005 0.1512E-012 0.4742E-018 0.1163E-014 0.1380E-008 0.3695E-014 0.3430E-020 0.3020E-017 0.3818E-018 0.7959E-021 0.1137E-012 0.1292E-019 0.1233E-023 0.1794E-027 0.0000E+000 0.0000E+000
0.1625E+002 0.1000E+001 0.0000E+000 0.0000E+000 0.2250E+001 0.0000E+000 0.3797E-016 0.2000E-004 0.5494E-005 0.2015E-019 0.4190E-011 0.4600E-009 0.1451E-020 0.1323E-012 0.1457E-005 0.8119E-013 0.9054E-018 0.1864E-014 0.1399E-008 0.3773E-014 0.9020E-020 0.1409E-017 0.3039E-018 0.1392E-020 0.1165E-012 0.3999E-019 0.4238E-023 0.5161E-027 0.0000E+000 0.0000E+000
0.1624E+002 0.1000E+001 0.0000E+000 0.0000E+000 0.2250E+001 0.0000E+000 0.1333E-017 0.2293E-004 0.2564E-005 0.5727E-021 0.4190E-011 0.4600E-009 0.1068E-020 0.1103E-012 0.1457E-005 0.4360E-013 0.1254E-017 0.1893E-014 0.1408E-008 0.2952E-014 0.1449E-019 0.6578E-018 0.2419E-018 0.1843E-020 0.1178E-012 0.5853E-019 0.7999E-023 0.9084E-027 0.0000E+000 0.0000E+000
0.1623E+002 0.1000E+001 0.0000E+000 0.0000E+000 0.2250E+001 0.0000E+000 0.4689E-019 0.2430E-004 0.1197E-005 0.1688E-022 0.4190E-011 0.4600E-009 0.7869E-021 0.8334E-013 0.1457E-005 0.2342E-013 0.1514E-017 0.1575E-014 0.1412E-008 0.2070E-014 0.1891E-019 0.3071E-018 0.1926E-018 0.2188E-020 0.1184E-012 0.6133E-019 0.1157E-022 0.1315E-026 0.0000E+000 0.0000E+000
0.1622E+002 0.1000E+001 0.0000E+000 0.0000E+000 0.2250E+001 0.0000E+000 0.1652E-020 0.2494E-004 0.5591E-006 0.5140E-024 0.4190E-011 0.4600E-009 0.5801E-021 0.5959E-013 0.1457E-005 0.1258E-013 0.1698E-017 0.1173E-014 0.1414E-008 0.1368E-014 0.2214E-019 0.1434E-018 0.1534E-018 0.2454E-020 0.1187E-012 0.5358E-019 0.1453E-022 0.1719E-026 0.0000E+000 0.0000E+000
0.1621E+002 0.1000E+001 0.0000E+000 0.0000E+000 0.2250E+001 0.0000E+000 0.5828E-022 0.2524E-004 0.2612E-006 0.1611E-025 0.4190E-011 0.4600E-009 0.4277E-021 0.4112E-013 0.1457E-005 0.6760E-014 0.1824E-017 0.8164E-015 0.1415E-008 0.8729E-015 0.2437E-019 0.6700E-019 0.1222E-018 0.2662E-020 0.1188E-012 0.4187E-019 0.1683E-022 0.2119E-026 0.0000E+000 0.0000E+000
0.1620E+002 0.1000E+001 0.0000E+000 0.0000E+000 0.2250E+001 0.0000E+000 0.2059E-023 0.2538E-004 0.1220E-006 0.5179E-027 0.4190E-011 0.4600E-009 0.3155E-021 0.2770E-013 0.1457E-005 0.3634E-014 0.1908E-017 0.5426E-015 0.1416E-008 0.5437E-015 0.2584E-019 0.3130E-019 0.9742E-019 0.2828E-020 0.1189E-012 0.3039E-019 0.1857E-022 0.2514E-026 0.0000E+000 0.0000E+000
0.1619E+002 0.1000E+001 0.0000E+000 0.0000E+000 0.2250E+001 0.0000E+000 0.7287E-025 0.2544E-004 0.5703E-007 0.1701E-028 0.4190E-011 0.4600E-009 0.2327E-021 0.1833E-013 0.1457E-005 0.1954E-014 0.1964E-017 0.3493E-015 0.1416E-008 0.3331E-015 0.2680E-019 0.1463E-019 0.7767E-019 0.2961E-020 0.1189E-012 0.2096E-019 0.1989E-022 0.2908E-026 0.0000E+000 0.0000E+000
0.1618E+002 0.1000E+001 0.0000E+000 0.0000E+000 0.2250E+001 0.0000E+000 0.2583E-026 0.2547E-004 0.2666E-007 0.5693E-030 0.4190E-011 0.4600E-009 0.1717E-021 0.1197E-013 0.1457E-005 0.1051E-014 0.2000E-017 0.2197E-015 0.1416E-008 0.2016E-015 0.2741E-019 0.6839E-020 0.6196E-019 0.3071E-020 0.1189E-012 0.1392E-019 0.2093E-022 0.3304E-026 0.0000E+000 0.0000E+000
0.1617E+002 0.1000E+001 0.0000E+000 0.0000E+000 0.2250E+001 0.0000E+000 0.9167E-028 0.2549E-004 0.1246E-007 0.1934E-031 0.4190E-011 0.4600E-009 0.1267E-021 0.7736E-014 0.1457E-005 0.5651E-015 0.2023E-017 0.1358E-015 0.1416E-008 0.1210E-015 0.2780E-019 0.3197E-020 0.4946E-019 0.3164E-020 0.1189E-012 0.8993E-020 0.2177E-022 0.3704E-026 0.0000E+000 0.0000E+000
0.1616E+002 0.1000E+001 0.0000E+000 0.0000E+000 0.2250E+001 0.0000E+000 0.3252E-029 0.2549E-004 0.5829E-008 0.6638E-033 0.4190E-011 0.4600E-009 0.9345E-022 0.4960E-014 0.1457E-005 0.3040E-015 0.2038E-017 0.8287E-016 0.1416E-008 0.7214E-016 0.2806E-019 0.1495E-020 0.3951E-019 0.3243E-020 0.1189E-012 0.5689E-020 0.2249E-022 0.4109E-026 0.0000E+000 0.0000E+000
0.1615E+002 0.1000E+001 0.0000E+000 0.0000E+000 0.2250E+001 0.0000E+000 0.1164E-030 0.2550E-004 0.2727E-008 0.2308E-034 0.4190E-011 0.4600E-009 0.6896E-022 0.3160E-014 0.1457E-005 0.1636E-015 0.2047E-017 0.5008E-016 0.1416E-008 0.4280E-016 0.2823E-019 0.6996E-021 0.3159E-019 0.3313E-020 0.1189E-012 0.3540E-020 0.2314E-022 0.4522E-026 0.0000E+000 0.0000E+000
0.1614E+002 0.1000E+001 0.0000E+000 0.0000E+000 0.2250E+001 0.0000E+000 0.4076E-032 0.2550E-004 0.1276E-008 0.8084E-036 0.4190E-011 0.4600E-009 0.5090E-022 0.2003E-014 0.1457E-005 0.8807E-016 0.2053E-017 0.3003E-016 0.1416E-008 0.2529E-016 0.2834E-019 0.3273E-021 0.2528E-019 0.3375E-020 0.1190E-012 0.2175E-020 0.2373E-022 0.4943E-026 0.0000E+000 0.0000E+000
0.1613E+002 0.1000E+001 0.0000E+000 0.0000E+000 0.2250E+001 0.0000E+000 -.7985E-035 0.2550E-004 0.5972E-009 0.2636E-037 0.4190E-011 0.4600E-009 0.3757E-022 0.1264E-014 0.1457E-005 0.4742E-016 0.2057E-017 0.1791E-016 0.1416E-008 0.1491E-016 0.2843E-019 0.1532E-021 0.2027E-019 0.3431E-020 0.1190E-012 0.1322E-020 0.2430E-022 0.5372E-026 0.0000E+000 0.0000E+000
0.1612E+002 0.1000E+001 0.0000E+000 0.0000E+000 0.2250E+001 0.0000E+000 -.2846E-036 0.2550E-004 0.2796E-009 0.6802E-039 0.4190E-011 0.4600E-009 0.2773E-022 0.7947E-015 0.1457E-005 0.2554E-016 0.2059E-017 0.1063E-016 0.1416E-008 0.8764E-017 0.2850E-019 0.7172E-022 0.1627E-019 0.3483E-020 0.1190E-012 0.7977E-021 0.2485E-022 0.5810E-026 0.0000E+000 0.0000E+000
0.1611E+002 0.1000E+001 0.0000E+000 0.0000E+000 0.2250E+001 0.0000E+000 -.3594E-034 0.2550E-004 0.1309E-009 -.2293E-039 0.4190E-011 0.4600E-009 0.2047E-022 0.4983E-015 0.1457E-005 0.1376E-016 0.2061E-017 0.6284E-017 0.1416E-008 0.5144E-017 0.2855E-019 0.3358E-022 0.1309E-019 0.3532E-020 0.1190E-012 0.4781E-021 0.2539E-022 0.6257E-026 0.0000E+000 0.0000E+000
0.1610E+002 0.1000E+001 0.0000E+000 0.0000E+000 0.2250E+001 0.0000E+000 -.8905E-035 0.2550E-004 0.6132E-010 -.1895E-039 0.4190E-011 0.4600E-009 0.1511E-022 0.3117E-015 0.1457E-005 0.7413E-017 0.2062E-017 0.3706E-017 0.1416E-008 0.3016E-017 0.2860E-019 0.1573E-022 0.1056E-019 0.3578E-020 0.1190E-012 0.2851E-021 0.2592E-022 0.6712E-026 0.0000E+000 0.0000E+000
0.1609E+002 0.1000E+001 0.0000E+000 0.0000E+000 0.2250E+001 0.0000E+000 -.1199E-036 0.2550E-004 0.2873E-010 -.2681E-040 0.4190E-011 0.4600E-009 0.1116E-022 0.1945E-015 0.1457E-005 0.3995E-017 0.2062E-017 0.2181E-017 0.1416E-008 0.1766E-017 0.2865E-019 0.7369E-023 0.8544E-020 0.3622E-020 0.1190E-012 0.1693E-021 0.2645E-022 0.7177E-026 0.0000E+000 0.0000E+000
0.1608E+002 0.1000E+001 0.0000E+000 0.0000E+000 0.2250E+001 0.0000E+000 0.7340E-036 0.2550E-004 0.1346E-010 0.1189E-040 0.4190E-011 0.4600E-009 0.8241E-023 0.1212E-015 0.1457E-005 0.2154E-017 0.2063E-017 0.1281E-017 0.1416E-008 0.1033E-017 0.2869E-019 0.3453E-023 0.6938E-020 0.3664E-020 0.1190E-012 0.1002E-021 0.2698E-022 0.7651E-026 0.0000E+000 0.0000E+000
0.1607E+002 0.1000E+001 0.0000E+000 0.0000E+000 0.2250E+001 0.0000E+000 -.2277E-035 0.2550E-004 0.6310E-011 -.8043E-041 0.4190E-011 0.4600E-009 0.6086E-023 0.7542E-016 0.1457E-005 0.1161E-017 0.2063E-017 0.7518E-018 0.1416E-008 0.6044E-018 0.2873E-019 0.1619E-023 0.5660E-020 0.3705E-020 0.1190E-012 0.5914E-022 0.2751E-022 0.8133E-026 0.0000E+000 0.0000E+000
0.1606E+002 0.1000E+001 0.0000E+000 0.0000E+000 0.2250E+001 0.0000E+000 0.2757E-035 0.2550E-004 0.2958E-011 0.4972E-040 0.4190E-011 0.4600E-009 0.4495E-023 0.4687E-016 0.1457E-005 0.6264E-018 0.2063E-017 0.4406E-018 0.1416E-008 0.3534E-018 0.2877E-019 0.7589E-024 0.4642E-020 0.3744E-020 0.1190E-012 0.3484E-022 0.2804E-022 0.8625E-026 0.0000E+000 0.0000E+000
0.1605E+002 0.1000E+001 0.0000E+000 0.0000E+000 0.2250E+001 0.0000E+000 0.1705E-035 0.2550E-004 0.1387E-011 0.1582E-040 0.4190E-011 0.4600E-009 0.3320E-023 0.2910E-016 0.1457E-005 0.3379E-018 0.2063E-017 0.2581E-018 0.1416E-008 0.2065E-018 0.2881E-019 0.3559E-024 0.3831E-020 0.3783E-020 0.1190E-012 0.2049E-022 0.2856E-022 0.9126E-026 0.0000E+000 0.0000E+000
0.1604E+002 0.1000E+001 0.0000E+000 0.0000E+000 0.2250E+001 0.0000E+000 0.2286E-035 0.2550E-004 0.6507E-012 0.4455E-040 0.4190E-011 0.4600E-009 0.2453E-023 0.1805E-016 0.1457E-005 0.1824E-018 0.2063E-017 0.1511E-018 0.1416E-008 0.1207E-018 0.2885E-019 0.1669E-024 0.3186E-020 0.3821E-020 0.1190E-012 0.1203E-022 0.2909E-022 0.9637E-026 0.0000E+000 0.0000E+000
0.1603E+002 0.1000E+001 0.0000E+000 0.0000E+000 0.2250E+001 0.0000E+000 0.3345E-036 0.2550E-004 0.3053E-012 0.1408E-040 0.4190E-011 0.4600E-009 0.1812E-023 0.1119E-016 0.1457E-005 0.9843E-019 0.2063E-017 0.8841E-019 0.1416E-008 0.7052E-019 0.2889E-019 0.7832E-025 0.2671E-020 0.3858E-020 0.1190E-012 0.7058E-023 0.2962E-022 0.1016E-025 0.0000E+000 0.0000E+000
0.1602E+002 0.1000E+001 0.0000E+000 0.0000E+000 0.2250E+001 0.0000E+000 -.1125E-036 0.2550E-004 0.1433E-012 -.4618E-041 0.4190E-011 0.4600E-009 0.1339E-023 0.6929E-017 0.1457E-005 0.5314E-019 0.2063E-017 0.5172E-019 0.1416E-008 0.4120E-019 0.2893E-019 0.3675E-025 0.2262E-020 0.3894E-020 0.1190E-012 0.4138E-023 0.3015E-022 0.1068E-025 0.0000E+000 0.0000E+000
0.1601E+002 0.1000E+001 0.0000E+000 0.0000E+000 0.2250E+001 0.0000E+000 -.2196E-036 0.2550E-004 0.6725E-013 -.1121E-041 0.4190E-011 0.4600E-009 0.9895E-024 0.4290E-017 0.1457E-005 0.2870E-019 0.2063E-017 0.3025E-019 0.1416E-008 0.2408E-019 0.2897E-019 0.1725E-025 0.1936E-020 0.3929E-020 0.1190E-012 0.2424E-023 0.3068E-022 0.1122E-025 0.0000E+000 0.0000E+000
0.1600E+002 0.1000E+001 0.0000E+000 0.0000E+000 0.2250E+001 0.0000E+000 -.8007E-038 0.2550E-004 0.3158E-013 -.4229E-042 0.4190E-011 0.4600E-009 0.7313E-024 0.2655E-017 0.1457E-005 0.1550E-019 0.2063E-017 0.1769E-019 0.1416E-008 0.1407E-019 0.2901E-019 0.8101E-026 0.1676E-020 0.3964E-020 0.1190E-012 0.1420E-023 0.3121E-022 0.1177E-025 0.0000E+000 0.0000E+000
0.1599E+002 0.1000E+001 0.0000E+000 0.0000E+000 0.2250E+001 0.0000E+000 0.2203E-037 0.2550E-004 0.1483E-013 -.2277E-042 0.4190E-011 0.4600E-009 0.5405E-024 0.1643E-017 0.1457E-005 0.8376E-020 0.2063E-017 0.1035E-019 0.1416E-008 0.8221E-020 0.2905E-019 0.3804E-026 0.1469E-020 0.3998E-020 0.1190E-012 0.8311E-024 0.3174E-022 0.1233E-025 0.0000E+000 0.0000E+000
0.1598E+002 0.1000E+001 0.0000E+000 0.0000E+000 0.2250E+001 0.0000E+000 0.8055E-039 0.2550E-004 0.6966E-014 0.3335E-043 0.4190E-011 0.4600E-009 0.3995E-024 0.1016E-017 0.1457E-005 0.4526E-020 0.2063E-017 0.6052E-020 0.1416E-008 0.4804E-020 0.2909E-019 0.1787E-026 0.1304E-020 0.4032E-020 0.1190E-012 0.4864E-024 0.3227E-022 0.1289E-025 0.0000E+000 0.0000E+000
0.1597E+002 0.1000E+001 0.0000E+000 0.0000E+000 0.2250E+001 0.0000E+000 -.9563E-038 0.2550E-004 0.3273E-014 -.1694E-042 0.4190E-011 0.4600E-009 0.2954E-024 0.6282E-018 0.1457E-005 0.2447E-020 0.2063E-017 0.3540E-020 0.1416E-008 0.2808E-020 0.2912E-019 0.8397E-027 0.1172E-020 0.4065E-020 0.1190E-012 0.2847E-024 0.3280E-022 0.1347E-025 0.0000E+000 0.0000E+000
0.1596E+002 0.1000E+001 0.0000E+000 0.0000E+000 0.2250E+001 0.0000E+000 0.2147E-037 0.2550E-004 0.1538E-014 0.6145E-042 0.4190E-011 0.4600E-009 0.2184E-024 0.3884E-018 0.1457E-005 0.1323E-020 0.2063E-017 0.2071E-020 0.1416E-008 0.1642E-020 0.2916E-019 0.3947E-027 0.1068E-020 0.4098E-020 0.1190E-012 0.1666E-024 0.3333E-022 0.1405E-025 0.0000E+000 0.0000E+000
0.1595E+002 0.1000E+001 0.0000E+000 0.0000E+000 0.2250E+001 0.0000E+000 -.4065E-038 0.2550E-004 0.7232E-015 0.7384E-043 0.4190E-011 0.4600E-009 0.1615E-024 0.2401E-018 0.1457E-005 0.7155E-021 0.2063E-017 0.1211E-020 0.1416E-008 0.9598E-021 0.2920E-019 0.1855E-027 0.9843E-021 0.4130E-020 0.1190E-012 0.9748E-025 0.3386E-022 0.1464E-025 0.0000E+000 0.0000E+000
0.1594E+002 0.1000E+001 0.0000E+000 0.0000E+000 0.2250E+001 0.0000E+000 -.1495E-039 0.2550E-004 0.3401E-015 -.5313E-044 0.4190E-011 0.4600E-009 0.1194E-024 0.1484E-018 0.1457E-005 0.3871E-021 0.2063E-017 0.7088E-021 0.1416E-008 0.5613E-021 0.2924E-019 0.8724E-028 0.9180E-021 0.4161E-020 0.1190E-012 0.5704E-025 0.3440E-022 0.1524E-025 0.0000E+000 0.0000E+000
0.1593E+002 0.1000E+001 0.0000E+000 0.0000E+000 0.2250E+001 0.0000E+000 -.5537E-038 0.2550E-004 0.1599E-015 -.3689E-043 0.4190E-011 0.4600E-009 0.8830E-025 0.9172E-019 0.1457E-005 0.2095E-021 0.2062E-017 0.4148E-021 0.1416E-008 0.3283E-021 0.2928E-019 0.4103E-028 0.8651E-021 0.4192E-020 0.1190E-012 0.3338E-025 0.3493E-022 0.1586E-025 0.0000E+000 0.0000E+000
0.1592E+002 0.1000E+001 0.0000E+000 0.0000E+000 0.2250E+001 0.0000E+000 -.3486E-038 0.2550E-004 0.7525E-016 -.7328E-043 0.4190E-011 0.4600E-009 0.6530E-025 0.5668E-019 0.1457E-005 0.1134E-021 0.2062E-017 0.2428E-021 0.1416E-008 0.1921E-021 0.2932E-019 0.1930E-028 0.8231E-021 0.4223E-020 0.1190E-012 0.1954E-025 0.3547E-022 0.1648E-025 0.0000E+000 0.0000E+000
0.1591E+002 0.1000E+001 0.0000E+000 0.0000E+000 0.2250E+001 0.0000E+000 0.5097E-039 0.2550E-004 0.3541E-016 0.1758E-043 0.4190E-011 0.4600E-009 0.4831E-025 0.3503E-019 0.1457E-005 0.6137E-022 0.2062E-017 0.1421E-021 0.1416E-008 0.1124E-021 0.2936E-019 0.9084E-029 0.7897E-021 0.4253E-020 0.1190E-012 0.1144E-025 0.3600E-022 0.1711E-025 0.0000E+000 0.0000E+000
0.1590E+002 0.1000E+001 0.0000E+000 0.0000E+000 0.2250E+001 0.0000E+000 -.2086E-038 0.2550E-004 0.1667E-016 -.3302E-043 0.4190E-011 0.4600E-009 0.3573E-025 0.2165E-019 0.1457E-005 0.3323E-022 0.2062E-017 0.8323E-022 0.1416E-008 0.6577E-022 0.2940E-019 0.4276E-029 0.7631E-021 0.4282E-020 0.1190E-012 0.6697E-026 0.3653E-022 0.1775E-025 0.0000E+000 0.0000E+000
0.1589E+002 0.1000E+001 0.0000E+000 0.0000E+000 0.2250E+001 0.0000E+000 -.1376E-038 0.2550E-004 0.7847E-017 -.3840E-043 0.4190E-011 0.4600E-009 0.2644E-025 0.1338E-019 0.1457E-005 0.1800E-022 0.2062E-017 0.4875E-022 0.1416E-008 0.3850E-022 0.2944E-019 0.2013E-029 0.7419E-021 0.4312E-020 0.1190E-012 0.3921E-026 0.3707E-022 0.1839E-025 0.0000E+000 0.0000E+000
0.1588E+002 0.1000E+001 0.0000E+000 0.0000E+000 0.2250E+001 0.0000E+000 -.2538E-039 0.2550E-004 0.3695E-017 -.1047E-043 0.4190E-011 0.4600E-009 0.1956E-025 0.8271E-020 0.1457E-005 0.9753E-023 0.2062E-017 0.2856E-022 0.1416E-008 0.2254E-022 0.2948E-019 0.9480E-030 0.7251E-021 0.4340E-020 0.1190E-012 0.2297E-026 0.3761E-022 0.1905E-025 0.0000E+000 0.0000E+000
0.1587E+002 0.1000E+001 0.0000E+000 0.0000E+000 0.2250E+001 0.0000E+000 -.2119E-039 0.2550E-004 0.1741E-017 -.3841E-044 0.4190E-011 0.4600E-009 0.1448E-025 0.5113E-020 0.1457E-005 0.5285E-023 0.2062E-017 0.1673E-022 0.1416E-008 0.1320E-022 0.2952E-019 0.4465E-030 0.7118E-021 0.4368E-020 0.1190E-012 0.1345E-026 0.3814E-022 0.1972E-025 0.0000E+000 0.0000E+000
0.1586E+002 0.1000E+001 0.0000E+000 0.0000E+000 0.2250E+001 0.0000E+000 -.3197E-039 0.2550E-004 0.8201E-018 -.4275E-044 0.4190E-011 0.4600E-009 0.1071E-025 0.3160E-020 0.1457E-005 0.2865E-023 0.2062E-017 0.9807E-023 0.1416E-008 0.7730E-023 0.2955E-019 0.2104E-030 0.7013E-021 0.4396E-020 0.1190E-012 0.7882E-027 0.3868E-022 0.2039E-025 0.0000E+000 0.0000E+000
0.1585E+002 0.1000E+001 0.0000E+000 0.0000E+000 0.2250E+001 0.0000E+000 0.2365E-039 0.2550E-004 0.3865E-018 0.4030E-044 0.4190E-011 0.4600E-009 0.7928E-026 0.1954E-020 0.1457E-005 0.1553E-023 0.2062E-017 0.5749E-023 0.1416E-008 0.4529E-023 0.2959E-019 0.9914E-031 0.6929E-021 0.4424E-020 0.1190E-012 0.4619E-027 0.3922E-022 0.2108E-025 0.0000E+000 0.0000E+000
0.1584E+002 0.1000E+001 0.0000E+000 0.0000E+000 0.2250E+001 0.0000E+000 -.1571E-040 0.2550E-004 0.1822E-018 0.5505E-045 0.4190E-011 0.4600E-009 0.5869E-026 0.1208E-020 0.1457E-005 0.8424E-024 0.2062E-017 0.3371E-023 0.1416E-008 0.2654E-023 0.2963E-019 0.4674E-031 0.6863E-021 0.4451E-020 0.1190E-012 0.2708E-027 0.3976E-022 0.2177E-025 0.0000E+000 0.0000E+000
0.1583E+002 0.1000E+001 0.0000E+000 0.0000E+000 0.2250E+001 0.0000E+000 -.9221E-040 0.2550E-004 0.8590E-019 -.2453E-044 0.4190E-011 0.4600E-009 0.4344E-026 0.7469E-021 0.1457E-005 0.4570E-024 0.2062E-017 0.1977E-023 0.1416E-008 0.1555E-023 0.2967E-019 0.2204E-031 0.6812E-021 0.4477E-020 0.1190E-012 0.1587E-027 0.4029E-022 0.2248E-025 0.0000E+000 0.0000E+000
0.1582E+002 0.1000E+001 0.0000E+000 0.0000E+000 0.2250E+001 0.0000E+000 -.5444E-040 0.2550E-004 0.4051E-019 -.1152E-044 0.4190E-011 0.4600E-009 0.3216E-026 0.4619E-021 0.1457E-005 0.2480E-024 0.2062E-017 0.1160E-023 0.1416E-008 0.9116E-024 0.2971E-019 0.1039E-031 0.6771E-021 0.4503E-020 0.1190E-012 0.9309E-028 0.4083E-022 0.2319E-025 0.0000E+000 0.0000E+000
0.1581E+002 0.1000E+001 0.0000E+000 0.0000E+000 0.2250E+001 0.0000E+000 -.6940E-040 0.2550E-004 0.1911E-019 -.1731E-044 0.4190E-011 0.4600E-009 0.2381E-026 0.2857E-021 0.1457E-005 0.1346E-024 0.2062E-017 0.6806E-024 0.1416E-008 0.5345E-024 0.2975E-019 0.4902E-032 0.6739E-021 0.4529E-020 0.1190E-012 0.5460E-028 0.4137E-022 0.2391E-025 0.0000E+000 0.0000E+000
0.1580E+002 0.1000E+001 0.0000E+000 0.0000E+000 0.2250E+001 0.0000E+000 0.1988E-040 0.2550E-004 0.9017E-020 0.2651E-045 0.4190E-011 0.4600E-009 0.1763E-026 0.1767E-021 0.1457E-005 0.7306E-025 0.2062E-017 0.3995E-024 0.1416E-008 0.3135E-024 0.2979E-019 0.2313E-032 0.6715E-021 0.4554E-020 0.1190E-012 0.3203E-028 0.4191E-022 0.2464E-025 0.0000E+000 0.0000E+000
0.1579E+002 0.1000E+001 0.0000E+000 0.0000E+000 0.2250E+001 0.0000E+000 0.5778E-040 0.2550E-004 0.4256E-020 0.1246E-044 0.4190E-011 0.4600E-009 0.1306E-026 0.1093E-021 0.1457E-005 0.3967E-025 0.2062E-017 0.2345E-024 0.1416E-008 0.1839E-024 0.2983E-019 0.1092E-032 0.6696E-021 0.4579E-020 0.1190E-012 0.1880E-028 0.4245E-022 0.2538E-025 0.0000E+000 0.0000E+000
0.1578E+002 0.1000E+001 0.0000E+000 0.0000E+000 0.2250E+001 0.0000E+000 0.4230E-040 0.2550E-004 0.2009E-020 0.1285E-044 0.4190E-011 0.4600E-009 0.9673E-027 0.6762E-022 0.1457E-005 0.2155E-025 0.2062E-017 0.1377E-024 0.1416E-008 0.1079E-024 0.2987E-019 0.5154E-033 0.6682E-021 0.4604E-020 0.1190E-012 0.1103E-028 0.4300E-022 0.2613E-025 0.0000E+000 0.0000E+000
0.1577E+002 0.1000E+001 0.0000E+000 0.0000E+000 0.2250E+001 0.0000E+000 -.4695E-040 0.2550E-004 0.9488E-021 -.7692E-045 0.4190E-011 0.4600E-009 0.7165E-027 0.4184E-022 0.1457E-005 0.1171E-025 0.2062E-017 0.8090E-025 0.1416E-008 0.6331E-025 0.2990E-019 0.2434E-033 0.6671E-021 0.4628E-020 0.1190E-012 0.6478E-029 0.4354E-022 0.2689E-025 0.0000E+000 0.0000E+000
0.1576E+002 0.1000E+001 0.0000E+000 0.0000E+000 0.2250E+001 0.0000E+000 0.2521E-040 0.2550E-004 0.4482E-021 0.3052E-045 0.4190E-011 0.4600E-009 0.5307E-027 0.2590E-022 0.1457E-005 0.6363E-026 0.2062E-017 0.4753E-025 0.1416E-008 0.3716E-025 0.2994E-019 0.1149E-033 0.6663E-021 0.4652E-020 0.1190E-012 0.3804E-029 0.4408E-022 0.2766E-025 0.0000E+000 0.0000E+000
0.1575E+002 0.1000E+001 0.0000E+000 0.0000E+000 0.2250E+001 0.0000E+000 0.1999E-040 0.2550E-004 0.2117E-021 0.2355E-045 0.4190E-011 0.4600E-009 0.3932E-027 0.1603E-022 0.1457E-005 0.3459E-026 0.2062E-017 0.2794E-025 0.1416E-008 0.2182E-025 0.2998E-019 0.5431E-034 0.6657E-021 0.4675E-020 0.1190E-012 0.2234E-029 0.4462E-022 0.2844E-025 0.0000E+000 0.0000E+000
0.1574E+002 0.1000E+001 0.0000E+000 0.0000E+000 0.2250E+001 0.0000E+000 -.1458E-040 0.2550E-004 0.1001E-021 -.2608E-045 0.4190E-011 0.4600E-009 0.2913E-027 0.9921E-023 0.1457E-005 0.1880E-026 0.2062E-017 0.1642E-025 0.1416E-008 0.1281E-025 0.3002E-019 0.2566E-034 0.6654E-021 0.4698E-020 0.1190E-012 0.1313E-029 0.4517E-022 0.2923E-025 0.0000E+000 0.0000E+000
0.1573E+002 0.1000E+001 0.0000E+000 0.0000E+000 0.2250E+001 0.0000E+000 0.1634E-040 0.2550E-004 0.4730E-022 0.2789E-045 0.4190E-011 0.4600E-009 0.2159E-027 0.6142E-023 0.1457E-005 0.1023E-026 0.2062E-017 0.9657E-026 0.1416E-008 0.7524E-026 0.3006E-019 0.1213E-034 0.6652E-021 0.4721E-020 0.1190E-012 0.7715E-030 0.4571E-022 0.3002E-025 0.0000E+000 0.0000E+000
0.1572E+002 0.1000E+001 0.0000E+000 0.0000E+000 0.2250E+001 0.0000E+000 -.8193E-041 0.2550E-004 0.2237E-022 -.2373E-045 0.4190E-011 0.4600E-009 0.1600E-027 0.3803E-023 0.1457E-005 0.5564E-027 0.2062E-017 0.5681E-026 0.1416E-008 0.4420E-026 0.3010E-019 0.5735E-035 0.6650E-021 0.4743E-020 0.1190E-012 0.4535E-030 0.4625E-022 0.3083E-025 0.0000E+000 0.0000E+000
0.1571E+002 0.1000E+001 0.0000E+000 0.0000E+000 0.2250E+001 0.0000E+000 -.2191E-040 0.2550E-004 0.1058E-022 -.3156E-045 0.4190E-011 0.4600E-009 0.1186E-027 0.2355E-023 0.1457E-005 0.3027E-027 0.2062E-017 0.3342E-026 0.1416E-008 0.2597E-026 0.3014E-019 0.2712E-035 0.6650E-021 0.4765E-020 0.1190E-012 0.2667E-030 0.4680E-022 0.3164E-025 0.0000E+000 0.0000E+000
0.1570E+002 0.1000E+001 0.0000E+000 0.0000E+000 0.2250E+001 0.0000E+000 -.3759E-040 0.2550E-004 0.5004E-023 -.7546E-045 0.4190E-011 0.4600E-009 0.8789E-028 0.1459E-023 0.1457E-005 0.1648E-027 0.2062E-017 0.1967E-026 0.1416E-008 0.1526E-026 0.3018E-019 0.1283E-035 0.6651E-021 0.4787E-020 0.1190E-012 0.1568E-030 0.4735E-022 0.3247E-025 0.0000E+000 0.0000E+000
0.1569E+002 0.1000E+001 0.0000E+000 0.0000E+000 0.2250E+001 0.0000E+000 -.1238E-040 0.2550E-004 0.2368E-023 -.1895E-045 0.4190E-011 0.4600E-009 0.6516E-028 0.9037E-024 0.1457E-005 0.8971E-028 0.2062E-017 0.1158E-026 0.1416E-008 0.8973E-027 0.3022E-019 0.6070E-036 0.6652E-021 0.4808E-020 0.1190E-012 0.9226E-031 0.4789E-022 0.3330E-025 0.0000E+000 0.0000E+000
0.1568E+002 0.1000E+001 0.0000E+000 0.0000E+000 0.2250E+001 0.0000E+000 -.2268E-041 0.2550E-004 0.1121E-023 -.5475E-046 0.4190E-011 0.4600E-009 0.4830E-028 0.5599E-024 0.1457E-005 0.4885E-028 0.2062E-017 0.6820E-027 0.1416E-008 0.5276E-027 0.3025E-019 0.2873E-036 0.6654E-021 0.4829E-020 0.1190E-012 0.5429E-031 0.4844E-022 0.3414E-025 0.0000E+000 0.0000E+000
0.1567E+002 0.1000E+001 0.0000E+000 0.0000E+000 0.2250E+001 0.0000E+000 -.7448E-040 0.2550E-004 0.5309E-024 -.1500E-044 0.4190E-011 0.4600E-009 0.3582E-028 0.3470E-024 0.1457E-005 0.2661E-028 0.2061E-017 0.4017E-027 0.1416E-008 0.3103E-027 0.3029E-019 0.1360E-036 0.6656E-021 0.4850E-020 0.1190E-012 0.3196E-031 0.4898E-022 0.3499E-025 0.0000E+000 0.0000E+000
0.1566E+002 0.1000E+001 0.0000E+000 0.0000E+000 0.2250E+001 0.0000E+000 0.1107E-040 0.2550E-004 0.2515E-024 0.1944E-046 0.4190E-011 0.4600E-009 0.2656E-028 0.2150E-024 0.1457E-005 0.1450E-028 0.2061E-017 0.2367E-027 0.1416E-008 0.1825E-027 0.3033E-019 0.6439E-037 0.6658E-021 0.4870E-020 0.1190E-012 0.1881E-031 0.4953E-022 0.3586E-025 0.0000E+000 0.0000E+000
0.1565E+002 0.1000E+001 0.0000E+000 0.0000E+000 0.2250E+001 0.0000E+000 -.1921E-040 0.2550E-004 0.1192E-024 -.2750E-045 0.4190E-011 0.4600E-009 0.1970E-028 0.1333E-024 0.1457E-005 0.7902E-029 0.2061E-017 0.1395E-027 0.1416E-008 0.1074E-027 0.3037E-019 0.3049E-037 0.6661E-021 0.4890E-020 0.1190E-012 0.1108E-031 0.5008E-022 0.3673E-025 0.0000E+000 0.0000E+000
0.1564E+002 0.1000E+001 0.0000E+000 0.0000E+000 0.2250E+001 0.0000E+000 -.4416E-040 0.2550E-004 0.5648E-025 -.1033E-044 0.4190E-011 0.4600E-009 0.1461E-028 0.8263E-025 0.1457E-005 0.4308E-029 0.2061E-017 0.8226E-028 0.1416E-008 0.6319E-028 0.3041E-019 0.1445E-037 0.6664E-021 0.4910E-020 0.1190E-012 0.6527E-032 0.5063E-022 0.3761E-025 0.0000E+000 0.0000E+000
0.1563E+002 0.1000E+001 0.0000E+000 0.0000E+000 0.2250E+001 0.0000E+000 0.2850E-040 0.2550E-004 0.2678E-025 0.3996E-045 0.4190E-011 0.4600E-009 0.1084E-028 0.5123E-025 0.1457E-005 0.2349E-029 0.2061E-017 0.4852E-028 0.1416E-008 0.3720E-028 0.3045E-019 0.6845E-038 0.6667E-021 0.4930E-020 0.1190E-012 0.3846E-032 0.5118E-022 0.3849E-025 0.0000E+000 0.0000E+000
0.1562E+002 0.1000E+001 0.0000E+000 0.0000E+000 0.2250E+001 0.0000E+000 0.2742E-040 0.2550E-004 0.1271E-025 0.4421E-045 0.4190E-011 0.4600E-009 0.8038E-029 0.3177E-025 0.1457E-005 0.1281E-029 0.2061E-017 0.2862E-028 0.1416E-008 0.2190E-028 0.3049E-019 0.3244E-038 0.6670E-021 0.4949E-020 0.1190E-012 0.2267E-032 0.5173E-022 0.3939E-025 0.0000E+000 0.0000E+000
0.1561E+002 0.1000E+001 0.0000E+000 0.0000E+000 0.2250E+001 0.0000E+000 0.1056E-040 0.2550E-004 0.6031E-026 0.1702E-045 0.4190E-011 0.4600E-009 0.5963E-029 0.1971E-025 0.1457E-005 0.6990E-030 0.2061E-017 0.1689E-028 0.1416E-008 0.1290E-028 0.3052E-019 0.1538E-038 0.6673E-021 0.4968E-020 0.1190E-012 0.1337E-032 0.5228E-022 0.4030E-025 0.0000E+000 0.0000E+000
0.1560E+002 0.1000E+001 0.0000E+000 0.0000E+000 0.2250E+001 0.0000E+000 0.3222E-040 0.2550E-004 0.2864E-026 0.6238E-045 0.4190E-011 0.4600E-009 0.4424E-029 0.1222E-025 0.1457E-005 0.3815E-030 0.2061E-017 0.9973E-029 0.1416E-008 0.7596E-029 0.3056E-019 0.7294E-039 0.6677E-021 0.4986E-020 0.1190E-012 0.7882E-033 0.5283E-022 0.4122E-025 0.0000E+000 0.0000E+000
0.1559E+002 0.1000E+001 0.0000E+000 0.0000E+000 0.2250E+001 0.0000E+000 0.5744E-041 0.2550E-004 0.1361E-026 0.1381E-045 0.4190E-011 0.4600E-009 0.3283E-029 0.7584E-026 0.1457E-005 0.2083E-030 0.2061E-017 0.5890E-029 0.1416E-008 0.4475E-029 0.3060E-019 0.3459E-039 0.6680E-021 0.5005E-020 0.1190E-012 0.4650E-033 0.5338E-022 0.4214E-025 0.0000E+000 0.0000E+000
0.1558E+002 0.1000E+001 0.0000E+000 0.0000E+000 0.2250E+001 0.0000E+000 -.2982E-040 0.2550E-004 0.6471E-027 -.5628E-045 0.4190E-011 0.4600E-009 0.2436E-029 0.4706E-026 0.1457E-005 0.1137E-030 0.2061E-017 0.3479E-029 0.1416E-008 0.2637E-029 0.3064E-019 0.1641E-039 0.6684E-021 0.5023E-020 0.1190E-012 0.2744E-033 0.5393E-022 0.4308E-025 0.0000E+000 0.0000E+000
0.1557E+002 0.1000E+001 0.0000E+000 0.0000E+000 0.2250E+001 0.0000E+000 0.2509E-040 0.2550E-004 0.3079E-027 0.5100E-045 0.4190E-011 0.4600E-009 0.1808E-029 0.2921E-026 0.1457E-005 0.6211E-031 0.2061E-017 0.2056E-029 0.1416E-008 0.1554E-029 0.3068E-019 0.7789E-040 0.6687E-021 0.5040E-020 0.1190E-012 0.1620E-033 0.5448E-022 0.4402E-025 0.0000E+000 0.0000E+000
0.1556E+002 0.1000E+001 0.0000E+000 0.0000E+000 0.2250E+001 0.0000E+000 -.1558E-040 0.2550E-004 0.1467E-027 -.2482E-045 0.4190E-011 0.4600E-009 0.1342E-029 0.1813E-026 0.1457E-005 0.3394E-031 0.2061E-017 0.1216E-029 0.1416E-008 0.9161E-030 0.3072E-019 0.3697E-040 0.6691E-021 0.5058E-020 0.1190E-012 0.9563E-034 0.5503E-022 0.4498E-025 0.0000E+000 0.0000E+000
0.1555E+002 0.1000E+001 0.0000E+000 0.0000E+000 0.2250E+001 0.0000E+000 -.5905E-041 0.2550E-004 0.6995E-028 -.2479E-045 0.4190E-011 0.4600E-009 0.9964E-030 0.1125E-026 0.1457E-005 0.1855E-031 0.2061E-017 0.7189E-030 0.1416E-008 0.5402E-030 0.3076E-019 0.1755E-040 0.6694E-021 0.5075E-020 0.1190E-012 0.5648E-034 0.5559E-022 0.4594E-025 0.0000E+000 0.0000E+000
0.1554E+002 0.1000E+001 0.0000E+000 0.0000E+000 0.2250E+001 0.0000E+000 0.1078E-040 0.2550E-004 0.3340E-028 0.2125E-045 0.4190E-011 0.4600E-009 0.7397E-030 0.6988E-027 0.1457E-005 0.1014E-031 0.2061E-017 0.4253E-030 0.1416E-008 0.3186E-030 0.3079E-019 0.8337E-041 0.6698E-021 0.5092E-020 0.1190E-012 0.3337E-034 0.5614E-022 0.4691E-025 0.0000E+000 0.0000E+000
0.1553E+002 0.1000E+001 0.0000E+000 0.0000E+000 0.2250E+001 0.0000E+000 0.4200E-042 0.2550E-004 0.1597E-028 0.2634E-046 0.4190E-011 0.4600E-009 0.5492E-030 0.4340E-027 0.1457E-005 0.5544E-032 0.2061E-017 0.2517E-030 0.1416E-008 0.1879E-030 0.3083E-019 0.3960E-041 0.6701E-021 0.5108E-020 0.1190E-012 0.1972E-034 0.5669E-022 0.4790E-025 0.0000E+000 0.0000E+000
0.1552E+002 0.1000E+001 0.0000E+000 0.0000E+000 0.2250E+001 0.0000E+000 0.1639E-043 0.2550E-004 0.7651E-029 0.1552E-047 0.4190E-011 0.4600E-009 0.4078E-030 0.2695E-027 0.1457E-005 0.3032E-032 0.2061E-017 0.1490E-030 0.1416E-008 0.1109E-030 0.3087E-019 0.1882E-041 0.6705E-021 0.5125E-020 0.1190E-012 0.1166E-034 0.5725E-022 0.4889E-025 0.0000E+000 0.0000E+000
0.1551E+002 0.1000E+001 0.0000E+000 0.0000E+000 0.2250E+001 0.0000E+000 -.3781E-040 0.2550E-004 0.3674E-029 -.6214E-045 0.4190E-011 0.4600E-009 0.3029E-030 0.1674E-027 0.1457E-005 0.1659E-032 0.2061E-017 0.8825E-031 0.1416E-008 0.6544E-031 0.3091E-019 0.8943E-042 0.6708E-021 0.5141E-020 0.1190E-012 0.6895E-035 0.5780E-022 0.4989E-025 0.0000E+000 0.0000E+000
0.1550E+002 0.1000E+001 0.0000E+000 0.0000E+000 0.2250E+001 0.0000E+000 -.1718E-040 0.2550E-004 0.1769E-029 -.3691E-045 0.4190E-011 0.4600E-009 0.2250E-030 0.1040E-027 0.1457E-005 0.9081E-033 0.2061E-017 0.5229E-031 0.1416E-008 0.3863E-031 0.3095E-019 0.4251E-042 0.6712E-021 0.5157E-020 0.1190E-012 0.4079E-035 0.5836E-022 0.5090E-025 0.0000E+000 0.0000E+000
0.1549E+002 0.1000E+001 0.0000E+000 0.0000E+000 0.2250E+001 0.0000E+000 -.6751E-042 0.2550E-004 0.8541E-030 -.4303E-046 0.4190E-011 0.4600E-009 0.1671E-030 0.6464E-028 0.1457E-005 0.4971E-033 0.2061E-017 0.3099E-031 0.1416E-008 0.2281E-031 0.3099E-019 0.2022E-042 0.6716E-021 0.5172E-020 0.1190E-012 0.2414E-035 0.5892E-022 0.5192E-025 0.0000E+000 0.0000E+000
0.1548E+002 0.1000E+001 0.0000E+000 0.0000E+000 0.2250E+001 0.0000E+000 0.2474E-040 0.2550E-004 0.4141E-030 0.2198E-045 0.4190E-011 0.4600E-009 0.1241E-030 0.4018E-028 0.1457E-005 0.2723E-033 0.2061E-017 0.1838E-031 0.1416E-008 0.1347E-031 0.3103E-019 0.9615E-043 0.6719E-021 0.5188E-020 0.1190E-012 0.1429E-035 0.5947E-022 0.5295E-025 0.0000E+000 0.0000E+000
0.1547E+002 0.1000E+001 0.0000E+000 0.0000E+000 0.2250E+001 0.0000E+000 -.1694E-042 0.2550E-004 0.2016E-030 0.9524E-046 0.4190E-011 0.4600E-009 0.9222E-031 0.2497E-028 0.1457E-005 0.1491E-033 0.2061E-017 0.1090E-031 0.1416E-008 0.7955E-032 0.3106E-019 0.4574E-043 0.6723E-021 0.5203E-020 0.1190E-012 0.8461E-036 0.6003E-022 0.5398E-025 0.0000E+000 0.0000E+000
0.1546E+002 0.1000E+001 0.0000E+000 0.0000E+000 0.2250E+001 0.0000E+000 -.6679E-044 0.2550E-004 0.9871E-031 0.2487E-047 0.4190E-011 0.4600E-009 0.6852E-031 0.1553E-028 0.1457E-005 0.8173E-034 0.2061E-017 0.6470E-032 0.1416E-008 0.4700E-032 0.3110E-019 0.2177E-043 0.6727E-021 0.5218E-020 0.1190E-012 0.5012E-036 0.6059E-022 0.5503E-025 0.0000E+000 0.0000E+000
0.1545E+002 0.1000E+001 0.0000E+000 0.0000E+000 0.2250E+001 0.0000E+000 -.2272E-040 0.2550E-004 0.4863E-031 -.5573E-045 0.4190E-011 0.4600E-009 0.5091E-031 0.9654E-029 0.1457E-005 0.4480E-034 0.2061E-017 0.3841E-032 0.1416E-008 0.2777E-032 0.3114E-019 0.1036E-043 0.6730E-021 0.5233E-020 0.1190E-012 0.2970E-036 0.6114E-022 0.5609E-025 0.0000E+000 0.0000E+000
0.1544E+002 0.1000E+001 0.0000E+000 0.0000E+000 0.2250E+001 0.0000E+000 -.9644E-041 0.2550E-004 0.2413E-031 0.8591E-046 0.4190E-011 0.4600E-009 0.3784E-031 0.6004E-029 0.1457E-005 0.2457E-034 0.2061E-017 0.2282E-032 0.1416E-008 0.1641E-032 0.3118E-019 0.4933E-044 0.6734E-021 0.5247E-020 0.1190E-012 0.1761E-036 0.6170E-022 0.5715E-025 0.0000E+000 0.0000E+000
0.1543E+002 0.1000E+001 0.0000E+000 0.0000E+000 0.2250E+001 0.0000E+000 -.3823E-042 0.2550E-004 0.1208E-031 -.1565E-046 0.4190E-011 0.4600E-009 0.2812E-031 0.3734E-029 0.1457E-005 0.1347E-034 0.2061E-017 0.1356E-032 0.1416E-008 0.9704E-033 0.3122E-019 0.2349E-044 0.6738E-021 0.5261E-020 0.1190E-012 0.1044E-036 0.6226E-022 0.5823E-025 0.0000E+000 0.0000E+000
0.1542E+002 0.1000E+001 0.0000E+000 0.0000E+000 0.2250E+001 0.0000E+000 -.1082E-040 0.2550E-004 0.6101E-032 -.1245E-045 0.4190E-011 0.4600E-009 0.2090E-031 0.2323E-029 0.1457E-005 0.7394E-035 0.2060E-017 0.8061E-033 0.1416E-008 0.5738E-033 0.3126E-019 0.1119E-044 0.6742E-021 0.5275E-020 0.1190E-012 0.6194E-037 0.6282E-022 0.5931E-025 0.0000E+000 0.0000E+000
0.1541E+002 0.1000E+001 0.0000E+000 0.0000E+000 0.2250E+001 0.0000E+000 0.3469E-040 0.2550E-004 0.3114E-032 0.7171E-045 0.4190E-011 0.4600E-009 0.1554E-031 0.1445E-029 0.1457E-005 0.4058E-035 0.2060E-017 0.4795E-033 0.1416E-008 0.3394E-033 0.3129E-019 0.5331E-045 0.6745E-021 0.5289E-020 0.1190E-012 0.3676E-037 0.6338E-022 0.6041E-025 0.0000E+000 0.0000E+000
0.1540E+002 0.1000E+001 0.0000E+000 0.0000E+000 0.2250E+001 0.0000E+000 0.1381E-041 0.2550E-004 0.1608E-032 0.8696E-046 0.4190E-011 0.4600E-009 0.1155E-031 0.8995E-030 0.1457E-005 0.2228E-035 0.2060E-017 0.2853E-033 0.1416E-008 0.2008E-033 0.3133E-019 0.2541E-045 0.6749E-021 0.5303E-020 0.1190E-012 0.2182E-037 0.6394E-022 0.6151E-025 0.0000E+000 0.0000E+000
0.1539E+002 0.1000E+001 0.0000E+000 0.0000E+000 0.2250E+001 0.0000E+000 -.4629E-039 0.2550E-004 0.8401E-033 -.1513E-043 0.4190E-011 0.4600E-009 0.8589E-032 0.5597E-030 0.1457E-005 0.1223E-035 0.2060E-017 0.1698E-033 0.1416E-008 0.1188E-033 0.3137E-019 0.1210E-045 0.6753E-021 0.5316E-020 0.1190E-012 0.1296E-037 0.6450E-022 0.6262E-025 0.0000E+000 0.0000E+000
0.1538E+002 0.1000E+001 0.0000E+000 0.0000E+000 0.2250E+001 0.0000E+000 -.1436E-040 0.2550E-004 0.4445E-033 -.1223E-044 0.4190E-011 0.4600E-009 0.6387E-032 0.3484E-030 0.1457E-005 0.6720E-036 0.2060E-017 0.1011E-033 0.1416E-008 0.7027E-034 0.3141E-019 0.5766E-046 0.6756E-021 0.5329E-020 0.1190E-012 0.7698E-038 0.6506E-022 0.6374E-025 0.0000E+000 0.0000E+000
0.1537E+002 0.1000E+001 0.0000E+000 0.0000E+000 0.2250E+001 0.0000E+000 0.8419E-039 0.2550E-004 0.2383E-033 0.1533E-043 0.4190E-011 0.4600E-009 0.4750E-032 0.2169E-030 0.1457E-005 0.3692E-036 0.2060E-017 0.6027E-034 0.1416E-008 0.4159E-034 0.3145E-019 0.2748E-046 0.6760E-021 0.5342E-020 0.1190E-012 0.4575E-038 0.6563E-022 0.6488E-025 0.0000E+000 0.0000E+000
0.1536E+002 0.1000E+001 0.0000E+000 0.0000E+000 0.2250E+001 0.0000E+000 -.1795E-039 0.2550E-004 0.1294E-033 0.4660E-044 0.4190E-011 0.4600E-009 0.3532E-032 0.1350E-030 0.1457E-005 0.2030E-036 0.2060E-017 0.3593E-034 0.1416E-008 0.2462E-034 0.3149E-019 0.1310E-046 0.6764E-021 0.5355E-020 0.1190E-012 0.2720E-038 0.6619E-022 0.6602E-025 0.0000E+000 0.0000E+000
0.1535E+002 0.1000E+001 0.0000E+000 0.0000E+000 0.2250E+001 0.0000E+000 0.5120E-039 0.2550E-004 0.7120E-034 0.1031E-043 0.4190E-011 0.4600E-009 0.2627E-032 0.8408E-031 0.1457E-005 0.1116E-036 0.2060E-017 0.2143E-034 0.1416E-008 0.1458E-034 0.3152E-019 0.6245E-047 0.6768E-021 0.5368E-020 0.1190E-012 0.1618E-038 0.6675E-022 0.6717E-025 0.0000E+000 0.0000E+000
0.1534E+002 0.1000E+001 0.0000E+000 0.0000E+000 0.2250E+001 0.0000E+000 -.6956E-039 0.2550E-004 0.3964E-034 -.1222E-043 0.4190E-011 0.4600E-009 0.1955E-032 0.5236E-031 0.1457E-005 0.6140E-037 0.2060E-017 0.1279E-034 0.1416E-008 0.8633E-035 0.3156E-019 0.2978E-047 0.6771E-021 0.5380E-020 0.1190E-012 0.9627E-039 0.6731E-022 0.6833E-025 0.0000E+000 0.0000E+000
0.1533E+002 0.1000E+001 0.0000E+000 0.0000E+000 0.2250E+001 0.0000E+000 -.5998E-039 0.2550E-004 0.2231E-034 -.9312E-044 0.4190E-011 0.4600E-009 0.1454E-032 0.3262E-031 0.1457E-005 0.3379E-037 0.2060E-017 0.7636E-035 0.1416E-008 0.5114E-035 0.3160E-019 0.1421E-047 0.6775E-021 0.5392E-020 0.1190E-012 0.5731E-039 0.6788E-022 0.6949E-025 0.0000E+000 0.0000E+000
0.1532E+002 0.1000E+001 0.0000E+000 0.0000E+000 0.2250E+001 0.0000E+000 0.5623E-039 0.2550E-004 0.1269E-034 0.5855E-044 0.4190E-011 0.4600E-009 0.1082E-032 0.2032E-031 0.1457E-005 0.1860E-037 0.2060E-017 0.4562E-035 0.1416E-008 0.3030E-035 0.3164E-019 0.6780E-048 0.6779E-021 0.5404E-020 0.1190E-012 0.3414E-039 0.6844E-022 0.7067E-025 0.0000E+000 0.0000E+000
0.1531E+002 0.1000E+001 0.0000E+000 0.0000E+000 0.2250E+001 0.0000E+000 -.1891E-039 0.2550E-004 0.7281E-035 0.3784E-045 0.4190E-011 0.4600E-009 0.8050E-033 0.1266E-031 0.1457E-005 0.1025E-037 0.2060E-017 0.2727E-035 0.1416E-008 0.1796E-035 0.3168E-019 0.3236E-048 0.6783E-021 0.5416E-020 0.1190E-012 0.2034E-039 0.6901E-022 0.7186E-025 0.0000E+000 0.0000E+000
0.1530E+002 0.1000E+001 0.0000E+000 0.0000E+000 0.2250E+001 0.0000E+000 0.6266E-040 0.2550E-004 0.4212E-035 -.3800E-044 0.4190E-011 0.4600E-009 0.5991E-033 0.7891E-032 0.1457E-005 0.5646E-038 0.2060E-017 0.1631E-035 0.1416E-008 0.1064E-035 0.3172E-019 0.1545E-048 0.6786E-021 0.5428E-020 0.1190E-012 0.1213E-039 0.6957E-022 0.7306E-025 0.0000E+000 0.0000E+000
0.1529E+002 0.1000E+001 0.0000E+000 0.0000E+000 0.2250E+001 0.0000E+000 0.2046E-039 0.2550E-004 0.2454E-035 0.6781E-044 0.4190E-011 0.4600E-009 0.4459E-033 0.4919E-032 0.1457E-005 0.3113E-038 0.2060E-017 0.9762E-036 0.1416E-008 0.6310E-036 0.3175E-019 0.7377E-049 0.6790E-021 0.5439E-020 0.1190E-012 0.7232E-040 0.7014E-022 0.7426E-025 0.0000E+000 0.0000E+000
0.1528E+002 0.1000E+001 0.0000E+000 0.0000E+000 0.2250E+001 0.0000E+000 -.6712E-039 0.2550E-004 0.1438E-035 -.9903E-044 0.4190E-011 0.4600E-009 0.3319E-033 0.3066E-032 0.1457E-005 0.1717E-038 0.2060E-017 0.5846E-036 0.1416E-008 0.3742E-036 0.3179E-019 0.3524E-049 0.6794E-021 0.5451E-020 0.1190E-012 0.4316E-040 0.7070E-022 0.7548E-025 0.0000E+000 0.0000E+000
0.1527E+002 0.1000E+001 0.0000E+000 0.0000E+000 0.2250E+001 0.0000E+000 -.9688E-039 0.2550E-004 0.8471E-036 -.1986E-043 0.4190E-011 0.4600E-009 0.2471E-033 0.1912E-032 0.1457E-005 0.9473E-039 0.2060E-017 0.3503E-036 0.1416E-008 0.2219E-036 0.3183E-019 0.1684E-049 0.6798E-021 0.5462E-020 0.1190E-012 0.2577E-040 0.7127E-022 0.7670E-025 0.0000E+000 0.0000E+000
0.1526E+002 0.1000E+001 0.0000E+000 0.0000E+000 0.2250E+001 0.0000E+000 0.1052E-038 0.2550E-004 0.5012E-036 0.2195E-043 0.4190E-011 0.4600E-009 0.1839E-033 0.1192E-032 0.1457E-005 0.5230E-039 0.2060E-017 0.2100E-036 0.1416E-008 0.1317E-036 0.3187E-019 0.8046E-050 0.6801E-021 0.5473E-020 0.1190E-012 0.1539E-040 0.7184E-022 0.7794E-025 0.0000E+000 0.0000E+000
0.1525E+002 0.1000E+001 0.0000E+000 0.0000E+000 0.2250E+001 0.0000E+000 0.3454E-040 0.2550E-004 0.2977E-036 0.2580E-044 0.4190E-011 0.4600E-009 0.1369E-033 0.7436E-033 0.1457E-005 0.2889E-039 0.2060E-017 0.1260E-036 0.1416E-008 0.7813E-037 0.3191E-019 0.3846E-050 0.6805E-021 0.5484E-020 0.1190E-012 0.9198E-041 0.7241E-022 0.7918E-025 0.0000E+000 0.0000E+000
0.1524E+002 0.1000E+001 0.0000E+000 0.0000E+000 0.2250E+001 0.0000E+000 0.3827E-039 0.2550E-004 0.1774E-036 0.5634E-044 0.4190E-011 0.4600E-009 0.1020E-033 0.4639E-033 0.1457E-005 0.1596E-039 0.2060E-017 0.7564E-037 0.1416E-008 0.4637E-037 0.3194E-019 0.1839E-050 0.6809E-021 0.5494E-020 0.1190E-012 0.5500E-041 0.7297E-022 0.8043E-025 0.0000E+000 0.0000E+000
0.1523E+002 0.1000E+001 0.0000E+000 0.0000E+000 0.2250E+001 0.0000E+000 -.1016E-039 0.2550E-004 0.1060E-036 0.3637E-044 0.4190E-011 0.4600E-009 0.7594E-034 0.2894E-033 0.1457E-005 0.8826E-040 0.2060E-017 0.4544E-037 0.1416E-008 0.2753E-037 0.3198E-019 0.8794E-051 0.6813E-021 0.5505E-020 0.1190E-012 0.3290E-041 0.7354E-022 0.8169E-025 0.0000E+000 0.0000E+000
0.1522E+002 0.1000E+001 0.0000E+000 0.0000E+000 0.2250E+001 0.0000E+000 -.4219E-039 0.2550E-004 0.6350E-037 -.3606E-044 0.4190E-011 0.4600E-009 0.5656E-034 0.1806E-033 0.1457E-005 0.4883E-040 0.2060E-017 0.2731E-037 0.1416E-008 0.1635E-037 0.3202E-019 0.4207E-051 0.6817E-021 0.5515E-020 0.1190E-012 0.1970E-041 0.7411E-022 0.8297E-025 0.0000E+000 0.0000E+000
0.1521E+002 0.1000E+001 0.0000E+000 0.0000E+000 0.2250E+001 0.0000E+000 0.2813E-039 0.2550E-004 0.3811E-037 0.7800E-044 0.4190E-011 0.4600E-009 0.4213E-034 0.1127E-033 0.1457E-005 0.2703E-040 0.2060E-017 0.1643E-037 0.1416E-008 0.9708E-038 0.3206E-019 0.2013E-051 0.6820E-021 0.5525E-020 0.1190E-012 0.1180E-041 0.7468E-022 0.8425E-025 0.0000E+000 0.0000E+000
0.1520E+002 0.1000E+001 0.0000E+000 0.0000E+000 0.2250E+001 0.0000E+000 0.4449E-039 0.2550E-004 0.2292E-037 0.1490E-043 0.4190E-011 0.4600E-009 0.3138E-034 0.7036E-034 0.1457E-005 0.1497E-040 0.2060E-017 0.9890E-038 0.1416E-008 0.5767E-038 0.3210E-019 0.9635E-052 0.6824E-021 0.5535E-020 0.1190E-012 0.7070E-042 0.7525E-022 0.8554E-025 0.0000E+000 0.0000E+000
0.1519E+002 0.1000E+001 0.0000E+000 0.0000E+000 0.2250E+001 0.0000E+000 -.1193E-038 0.2550E-004 0.1380E-037 -.1988E-043 0.4190E-011 0.4600E-009 0.2338E-034 0.4393E-034 0.1457E-005 0.8296E-041 0.2060E-017 0.5957E-038 0.1416E-008 0.3427E-038 0.3213E-019 0.4612E-052 0.6828E-021 0.5545E-020 0.1190E-012 0.4239E-042 0.7582E-022 0.8684E-025 0.0000E+000 0.0000E+000
0.1518E+002 0.1000E+001 0.0000E+000 0.0000E+000 0.2250E+001 0.0000E+000 -.2941E-039 0.2550E-004 0.8326E-038 -.1195E-043 0.4190E-011 0.4600E-009 0.1742E-034 0.2743E-034 0.1457E-005 0.4601E-041 0.2060E-017 0.3591E-038 0.1416E-008 0.2037E-038 0.3217E-019 0.2209E-052 0.6832E-021 0.5555E-020 0.1190E-012 0.2543E-042 0.7639E-022 0.8815E-025 0.0000E+000 0.0000E+000
0.1517E+002 0.1000E+001 0.0000E+000 0.0000E+000 0.2250E+001 0.0000E+000 0.2195E-039 0.2550E-004 0.5029E-038 0.3121E-044 0.4190E-011 0.4600E-009 0.1298E-034 0.1713E-034 0.1457E-005 0.2553E-041 0.2060E-017 0.2166E-038 0.1416E-008 0.1211E-038 0.3221E-019 0.1058E-052 0.6836E-021 0.5564E-020 0.1190E-012 0.1527E-042 0.7696E-022 0.8946E-025 0.0000E+000 0.0000E+000
0.1516E+002 0.1000E+001 0.0000E+000 0.0000E+000 0.2250E+001 0.0000E+000 -.9654E-040 0.2550E-004 0.3041E-038 -.3889E-044 0.4190E-011 0.4600E-009 0.9674E-035 0.1070E-034 0.1457E-005 0.1418E-041 0.2059E-017 0.1307E-038 0.1416E-008 0.7198E-039 0.3225E-019 0.5069E-053 0.6840E-021 0.5573E-020 0.1190E-012 0.9172E-043 0.7754E-022 0.9079E-025 0.0000E+000 0.0000E+000
0.1515E+002 0.1000E+001 0.0000E+000 0.0000E+000 0.2250E+001 0.0000E+000 0.1737E-039 0.2550E-004 0.1841E-038 0.3730E-044 0.4190E-011 0.4600E-009 0.7210E-035 0.6684E-035 0.1457E-005 0.7877E-042 0.2059E-017 0.7898E-039 0.1416E-008 0.4280E-039 0.3229E-019 0.2429E-053 0.6843E-021 0.5583E-020 0.1190E-012 0.5513E-043 0.7811E-022 0.9213E-025 0.0000E+000 0.0000E+000
0.1514E+002 0.1000E+001 0.0000E+000 0.0000E+000 0.2250E+001 0.0000E+000 0.2736E-040 0.2550E-004 0.1116E-038 0.2826E-044 0.4190E-011 0.4600E-009 0.5374E-035 0.4176E-035 0.1457E-005 0.4380E-042 0.2059E-017 0.4774E-039 0.1416E-008 0.2546E-039 0.3232E-019 0.1164E-053 0.6847E-021 0.5592E-020 0.1190E-012 0.3316E-043 0.7868E-022 0.9348E-025 0.0000E+000 0.0000E+000
0.1513E+002 0.1000E+001 0.0000E+000 0.0000E+000 0.2250E+001 0.0000E+000 -.5169E-039 0.2550E-004 0.6770E-039 -.4348E-044 0.4190E-011 0.4600E-009 0.4006E-035 0.2610E-035 0.1457E-005 0.2437E-042 0.2059E-017 0.2888E-039 0.1416E-008 0.1515E-039 0.3236E-019 0.5582E-054 0.6851E-021 0.5601E-020 0.1190E-012 0.1996E-043 0.7926E-022 0.9483E-025 0.0000E+000 0.0000E+000
0.1512E+002 0.1000E+001 0.0000E+000 0.0000E+000 0.2250E+001 0.0000E+000 -.2702E-039 0.2550E-004 0.4111E-039 -.7632E-044 0.4190E-011 0.4600E-009 0.2987E-035 0.1631E-035 0.1457E-005 0.1357E-042 0.2059E-017 0.1749E-039 0.1416E-008 0.9015E-040 0.3240E-019 0.2677E-054 0.6855E-021 0.5609E-020 0.1190E-012 0.1202E-043 0.7983E-022 0.9620E-025 0.0000E+000 0.0000E+000
0.1511E+002 0.1000E+001 0.0000E+000 0.0000E+000 0.2250E+001 0.0000E+000 0.9448E-039 0.2550E-004 0.2499E-039 0.2235E-043 0.4190E-011 0.4600E-009 0.2227E-035 0.1020E-035 0.1457E-005 0.7565E-043 0.2059E-017 0.1059E-039 0.1416E-008 0.5366E-040 0.3244E-019 0.1284E-054 0.6859E-021 0.5618E-020 0.1190E-012 0.7243E-044 0.8040E-022 0.9757E-025 0.0000E+000 0.0000E+000
0.1510E+002 0.1000E+001 0.0000E+000 0.0000E+000 0.2250E+001 0.0000E+000 0.3176E-040 0.2550E-004 0.1520E-039 0.2419E-044 0.4190E-011 0.4600E-009 0.1661E-035 0.6375E-036 0.1457E-005 0.4220E-043 0.2059E-017 0.6424E-040 0.1416E-008 0.3195E-040 0.3248E-019 0.6162E-055 0.6863E-021 0.5627E-020 0.1190E-012 0.4368E-044 0.8098E-022 0.9896E-025 0.0000E+000 0.0000E+000
0.1509E+002 0.1000E+001 0.0000E+000 0.0000E+000 0.2250E+001 0.0000E+000 -.7342E-039 0.2550E-004 0.9256E-040 -.8315E-044 0.4190E-011 0.4600E-009 0.1239E-035 0.3987E-036 0.1457E-005 0.2356E-043 0.2059E-017 0.3898E-040 0.1416E-008 0.1902E-040 0.3251E-019 0.2958E-055 0.6866E-021 0.5635E-020 0.1190E-012 0.2636E-044 0.8155E-022 0.1003E-024 0.0000E+000 0.0000E+000
0.1508E+002 0.1000E+001 0.0000E+000 0.0000E+000 0.2250E+001 0.0000E+000 -.2476E-040 0.2550E-004 0.5641E-040 -.1676E-044 0.4190E-011 0.4600E-009 0.9237E-036 0.2493E-036 0.1457E-005 0.1316E-043 0.2059E-017 0.2367E-040 0.1416E-008 0.1133E-040 0.3255E-019 0.1420E-055 0.6870E-021 0.5643E-020 0.1190E-012 0.1592E-044 0.8213E-022 0.1018E-024 0.0000E+000 0.0000E+000
0.1507E+002 0.1000E+001 0.0000E+000 0.0000E+000 0.2250E+001 0.0000E+000 0.2178E-039 0.2550E-004 0.3441E-040 0.6010E-044 0.4190E-011 0.4600E-009 0.6890E-036 0.1560E-036 0.1457E-005 0.7362E-044 0.2059E-017 0.1439E-040 0.1416E-008 0.6750E-041 0.3259E-019 0.6818E-056 0.6874E-021 0.5651E-020 0.1190E-012 0.9618E-045 0.8271E-022 0.1032E-024 0.0000E+000 0.0000E+000
0.1506E+002 0.1000E+001 0.0000E+000 0.0000E+000 0.2250E+001 0.0000E+000 -.3200E-039 0.2550E-004 0.2101E-040 -.1612E-044 0.4190E-011 0.4600E-009 0.5140E-036 0.9757E-037 0.1457E-005 0.4121E-044 0.2059E-017 0.8749E-041 0.1416E-008 0.4022E-041 0.3263E-019 0.3275E-056 0.6878E-021 0.5659E-020 0.1190E-012 0.5816E-045 0.8328E-022 0.1046E-024 0.0000E+000 0.0000E+000
0.1505E+002 0.1000E+001 0.0000E+000 0.0000E+000 0.2250E+001 0.0000E+000 0.4012E-039 0.2550E-004 0.1283E-040 0.6761E-044 0.4190E-011 0.4600E-009 0.3835E-036 0.6105E-037 0.1457E-005 0.2309E-044 0.2059E-017 0.5325E-041 0.1416E-008 0.2397E-041 0.3267E-019 0.1573E-056 0.6882E-021 0.5667E-020 0.1190E-012 0.3520E-045 0.8386E-022 0.1060E-024 0.0000E+000 0.0000E+000
0.1504E+002 0.1000E+001 0.0000E+000 0.0000E+000 0.2250E+001 0.0000E+000 0.1964E-039 0.2550E-004 0.7848E-041 0.3988E-044 0.4190E-011 0.4600E-009 0.2861E-036 0.3821E-037 0.1457E-005 0.1295E-044 0.2059E-017 0.3244E-041 0.1416E-008 0.1429E-041 0.3270E-019 0.7561E-057 0.6886E-021 0.5675E-020 0.1190E-012 0.2131E-045 0.8444E-022 0.1075E-024 0.0000E+000 0.0000E+000
0.1503E+002 0.1000E+001 0.0000E+000 0.0000E+000 0.2250E+001 0.0000E+000 0.4493E-039 0.2550E-004 0.4803E-041 0.5000E-044 0.4190E-011 0.4600E-009 0.2135E-036 0.2392E-037 0.1457E-005 0.7273E-045 0.2059E-017 0.1978E-041 0.1416E-008 0.8521E-042 0.3274E-019 0.3634E-057 0.6890E-021 0.5683E-020 0.1190E-012 0.1292E-045 0.8501E-022 0.1089E-024 0.0000E+000 0.0000E+000
0.1502E+002 0.1000E+001 0.0000E+000 0.0000E+000 0.2250E+001 0.0000E+000 0.2238E-040 0.2550E-004 0.2941E-041 -.1182E-044 0.4190E-011 0.4600E-009 0.1593E-036 0.1497E-037 0.1457E-005 0.4088E-045 0.2059E-017 0.1207E-041 0.1416E-008 0.5082E-042 0.3278E-019 0.1747E-057 0.6894E-021 0.5690E-020 0.1190E-012 0.7834E-046 0.8559E-022 0.1104E-024 0.0000E+000 0.0000E+000
0.1501E+002 0.1000E+001 0.0000E+000 0.0000E+000 0.2250E+001 0.0000E+000 -.3566E-041 0.2550E-004 0.1803E-041 -.2977E-045 0.4190E-011 0.4600E-009 0.1189E-036 0.9375E-038 0.1457E-005 0.2300E-045 0.2059E-017 0.7367E-042 0.1416E-008 0.3032E-042 0.3282E-019 0.8404E-058 0.6897E-021 0.5698E-020 0.1190E-012 0.4755E-046 0.8617E-022 0.1118E-024 0.0000E+000 0.0000E+000
0.1500E+002 0.1000E+001 0.0000E+000 0.0000E+000 0.2250E+001 0.0000E+000 0.2202E-038 0.2550E-004 0.6790E-049 0.5902E-039 0.4190E-011 0.4600E-009 -.7567E-040 0.5356E-045 0.1457E-005 0.1728E-053 0.2055E-017 0.2494E-049 0.1416E-008 0.3569E-050 0.3659E-019 0.1173E-064 0.6917E-021 0.6084E-020 0.1190E-012 0.1349E-053 0.1474E-021 0.3105E-024 0.0000E+000 0.0000E+000
0.1400E+002 0.1000E+001 0.0000E+000 0.0000E+000 0.2250E+001 0.0000E+000 -.1052E-039 0.2550E-004 0.6405E-056 0.4767E-039 0.4190E-011 0.4600E-009 0.1231E-041 0.6418E-052 0.1457E-005 -.4587E-060 0.2051E-017 0.2173E-056 0.1416E-008 -.2661E-057 0.4021E-019 -.2376E-071 0.8300E-021 0.6088E-020 0.1190E-012 0.9561E-061 0.2126E-021 0.6064E-024 0.0000E+000 0.0000E+000
0.1300E+002 0.1000E+001 0.0000E+000 0.0000E+000 0.2250E+001 0.0000E+000 0.8461E-039 0.2550E-004 0.1050E-061 0.7277E-039 0.4190E-011 0.4600E-009 0.1872E-040 0.9930E-058 0.1457E-005 0.1106E-066 0.2048E-017 0.3589E-062 0.1416E-008 -.2236E-063 0.4369E-019 0.1452E-077 0.8917E-021 0.6056E-020 0.1190E-012 0.1661E-066 0.2811E-021 0.9972E-024 0.0000E+000 0.0000E+000
0.1200E+002 0.1000E+001 0.0000E+000 0.0000E+000 0.2250E+001 0.0000E+000 0.1022E-038 0.2550E-004 0.2889E-067 0.1426E-038 0.4190E-011 0.4600E-009 0.4292E-041 0.2716E-063 0.1457E-005 0.8298E-073 0.2044E-017 0.9966E-068 0.1416E-008 -.4933E-069 0.4701E-019 -.8509E-084 0.9638E-021 0.6012E-020 0.1190E-012 0.4661E-072 0.3520E-021 0.1478E-023 0.0000E+000 0.0000E+000
0.1100E+002 0.1000E+001 0.0000E+000 0.0000E+000 0.2250E+001 0.0000E+000 -.1261E-038 0.2550E-004 0.4040E-073 -.9130E-039 0.4190E-011 0.4600E-009 0.2027E-040 0.3867E-069 0.1457E-005 0.2404E-078 0.2041E-017 0.1374E-073 0.1416E-008 -.1082E-074 0.5018E-019 -.6048E-090 0.1049E-020 0.5962E-020 0.1190E-012 0.6323E-078 0.4245E-021 0.2042E-023 0.0000E+000 0.0000E+000
0.1000E+002 0.1000E+001 0.0000E+000 0.0000E+000 0.2250E+001 0.0000E+000 0.9224E-039 0.2550E-004 -.1241E-078 0.3721E-039 0.4190E-011 0.4600E-009 -.3686E-040 -.1163E-074 0.1457E-005 0.4767E-084 0.2038E-017 -.4273E-079 0.1416E-008 0.1948E-080 0.5318E-019 -.9800E-096 0.1152E-020 0.5907E-020 0.1190E-012 -.2008E-083 0.4978E-021 0.2679E-023 0.0000E+000 0.0000E+000
