0.1612E+002 0.1504E-003 0.8998E+000 0.9998E+000 0.1150E-004 0.9999E-001 0.1875E-013 0.2622E-006 0.2524E-004 0.2775E-016 0.4200E-011 0.4607E-009 0.2673E-020 0.4212E-013 0.1457E-005 0.1720E-012 0.2580E-019 0.1212E-015 0.1336E-008 0.3550E-015 0.8424E-022 0.3962E-017 0.4809E-018 0.4494E-025 0.1074E-012 0.2490E-020 0.2297E-026 0.6006E-031 0.0000E+000 0.0000E+000
0.1611E+002 0.1000E+001 0.0000E+000 0.0000E+000 0.2250E+001 0.0000E+000 0.6684E-015 0.1368E-004 0.1182E-004 0.7327E-018 0.4200E-011 0.4607E-009 0.1958E-020 0.8725E-013 0.1457E-005 0.9268E-013 0.3263E-018 0.1155E-014 0.1377E-008 0.3696E-014 0.3307E-020 0.1855E-017 0.3831E-018 0.7854E-021 0.1132E-012 0.1278E-019 0.1206E-023 0.1770E-027 0.0000E+000 0.0000E+000
0.1610E+002 0.1000E+001 0.0000E+000 0.0000E+000 0.2250E+001 0.0000E+000 0.2392E-016 0.1996E-004 0.5535E-005 0.1997E-019 0.4200E-011 0.4607E-009 0.1440E-020 0.8675E-013 0.1457E-005 0.4994E-013 0.6066E-018 0.1860E-014 0.1396E-008 0.3788E-014 0.8775E-020 0.8690E-018 0.3053E-018 0.1375E-020 0.1160E-012 0.3973E-019 0.4166E-023 0.5097E-027 0.0000E+000 0.0000E+000
0.1609E+002 0.1000E+001 0.0000E+000 0.0000E+000 0.2250E+001 0.0000E+000 0.8580E-018 0.2291E-004 0.2593E-005 0.5602E-021 0.4200E-011 0.4607E-009 0.1061E-020 0.7123E-013 0.1457E-005 0.2691E-013 0.8309E-018 0.1898E-014 0.1405E-008 0.2973E-014 0.1416E-019 0.4071E-018 0.2433E-018 0.1822E-020 0.1173E-012 0.5841E-019 0.7887E-023 0.8980E-027 0.0000E+000 0.0000E+000
0.1608E+002 0.1000E+001 0.0000E+000 0.0000E+000 0.2250E+001 0.0000E+000 0.3083E-019 0.2428E-004 0.1215E-005 0.1616E-022 0.4200E-011 0.4607E-009 0.7832E-021 0.5347E-013 0.1457E-005 0.1451E-013 0.9969E-018 0.1585E-014 0.1409E-008 0.2092E-014 0.1852E-019 0.1908E-018 0.1940E-018 0.2164E-020 0.1179E-012 0.6147E-019 0.1143E-022 0.1300E-026 0.0000E+000 0.0000E+000
0.1607E+002 0.1000E+001 0.0000E+000 0.0000E+000 0.2250E+001 0.0000E+000 0.1109E-020 0.2493E-004 0.5695E-006 0.4791E-024 0.4200E-011 0.4607E-009 0.5782E-021 0.3812E-013 0.1457E-005 0.7824E-014 0.1114E-017 0.1185E-014 0.1411E-008 0.1388E-014 0.2172E-019 0.8942E-019 0.1547E-018 0.2428E-020 0.1182E-012 0.5392E-019 0.1438E-022 0.1701E-026 0.0000E+000 0.0000E+000
0.1606E+002 0.1000E+001 0.0000E+000 0.0000E+000 0.2250E+001 0.0000E+000 0.3998E-022 0.2523E-004 0.2670E-006 0.1460E-025 0.4200E-011 0.4607E-009 0.4270E-021 0.2628E-013 0.1457E-005 0.4220E-014 0.1195E-017 0.8278E-015 0.1412E-008 0.8881E-015 0.2393E-019 0.4192E-019 0.1233E-018 0.2636E-020 0.1184E-012 0.4231E-019 0.1667E-022 0.2097E-026 0.0000E+000 0.0000E+000
0.1605E+002 0.1000E+001 0.0000E+000 0.0000E+000 0.2250E+001 0.0000E+000 0.1443E-023 0.2537E-004 0.1252E-006 0.4573E-027 0.4200E-011 0.4607E-009 0.3154E-021 0.1770E-013 0.1457E-005 0.2276E-014 0.1248E-017 0.5522E-015 0.1412E-008 0.5550E-015 0.2539E-019 0.1966E-019 0.9841E-019 0.2801E-020 0.1184E-012 0.3083E-019 0.1841E-022 0.2488E-026 0.0000E+000 0.0000E+000
0.1604E+002 0.1000E+001 0.0000E+000 0.0000E+000 0.2250E+001 0.0000E+000 0.5213E-025 0.2544E-004 0.5874E-007 0.1469E-028 0.4200E-011 0.4607E-009 0.2330E-021 0.1173E-013 0.1457E-005 0.1228E-014 0.1284E-017 0.3567E-015 0.1413E-008 0.3411E-015 0.2634E-019 0.9222E-020 0.7855E-019 0.2934E-020 0.1184E-012 0.2133E-019 0.1974E-022 0.2878E-026 0.0000E+000 0.0000E+000
0.1603E+002 0.1000E+001 0.0000E+000 0.0000E+000 0.2250E+001 0.0000E+000 0.1887E-026 0.2547E-004 0.2756E-007 0.4833E-030 0.4200E-011 0.4607E-009 0.1721E-021 0.7667E-014 0.1457E-005 0.6630E-015 0.1307E-017 0.2251E-015 0.1413E-008 0.2072E-015 0.2694E-019 0.4327E-020 0.6273E-019 0.3044E-020 0.1185E-012 0.1422E-019 0.2077E-022 0.3270E-026 0.0000E+000 0.0000E+000
0.1602E+002 0.1000E+001 0.0000E+000 0.0000E+000 0.2250E+001 0.0000E+000 0.6840E-028 0.2549E-004 0.1293E-007 0.1624E-031 0.4200E-011 0.4607E-009 0.1272E-021 0.4964E-014 0.1457E-005 0.3580E-015 0.1322E-017 0.1397E-015 0.1413E-008 0.1248E-015 0.2732E-019 0.2031E-020 0.5012E-019 0.3137E-020 0.1185E-012 0.9223E-020 0.2161E-022 0.3666E-026 0.0000E+000 0.0000E+000
0.1601E+002 0.1000E+001 0.0000E+000 0.0000E+000 0.2250E+001 0.0000E+000 0.2481E-029 0.2549E-004 0.6071E-008 0.5546E-033 0.4200E-011 0.4607E-009 0.9397E-022 0.3189E-014 0.1457E-005 0.1933E-015 0.1331E-017 0.8552E-016 0.1413E-008 0.7462E-016 0.2757E-019 0.9531E-021 0.4008E-019 0.3217E-020 0.1185E-012 0.5855E-020 0.2232E-022 0.4067E-026 0.0000E+000 0.0000E+000
0.1600E+002 0.1000E+001 0.0000E+000 0.0000E+000 0.2250E+001 0.0000E+000 0.8964E-031 0.2550E-004 0.2850E-008 0.1927E-034 0.4200E-011 0.4607E-009 0.6945E-022 0.2036E-014 0.1457E-005 0.1044E-015 0.1338E-017 0.5185E-016 0.1413E-008 0.4442E-016 0.2772E-019 0.4475E-021 0.3208E-019 0.3286E-020 0.1185E-012 0.3656E-020 0.2295E-022 0.4475E-026 0.0000E+000 0.0000E+000
0.1599E+002 0.1000E+001 0.0000E+000 0.0000E+000 0.2250E+001 0.0000E+000 0.3849E-032 0.2550E-004 0.1339E-008 0.6967E-036 0.4200E-011 0.4607E-009 0.5133E-022 0.1293E-014 0.1457E-005 0.5642E-016 0.1341E-017 0.3120E-016 0.1413E-008 0.2634E-016 0.2783E-019 0.2102E-021 0.2571E-019 0.3349E-020 0.1185E-012 0.2254E-020 0.2354E-022 0.4890E-026 0.0000E+000 0.0000E+000
0.1598E+002 0.1000E+001 0.0000E+000 0.0000E+000 0.2250E+001 0.0000E+000 0.4468E-033 0.2550E-004 0.6288E-009 0.3412E-037 0.4200E-011 0.4607E-009 0.3794E-022 0.8178E-015 0.1457E-005 0.3049E-016 0.1344E-017 0.1866E-016 0.1413E-008 0.1557E-016 0.2790E-019 0.9873E-022 0.2063E-019 0.3406E-020 0.1185E-012 0.1375E-020 0.2410E-022 0.5314E-026 0.0000E+000 0.0000E+000
0.1597E+002 0.1000E+001 0.0000E+000 0.0000E+000 0.2250E+001 0.0000E+000 0.1807E-033 0.2550E-004 0.2955E-009 0.4010E-038 0.4200E-011 0.4607E-009 0.2805E-022 0.5154E-015 0.1457E-005 0.1648E-016 0.1345E-017 0.1111E-016 0.1413E-008 0.9185E-017 0.2795E-019 0.4639E-022 0.1658E-019 0.3458E-020 0.1185E-012 0.8324E-021 0.2463E-022 0.5746E-026 0.0000E+000 0.0000E+000
0.1596E+002 0.1000E+001 0.0000E+000 0.0000E+000 0.2250E+001 0.0000E+000 -.3812E-035 0.2550E-004 0.1389E-009 0.4637E-039 0.4200E-011 0.4607E-009 0.2074E-022 0.3239E-015 0.1457E-005 0.8911E-017 0.1346E-017 0.6593E-017 0.1413E-008 0.5409E-017 0.2800E-019 0.2180E-022 0.1335E-019 0.3507E-020 0.1185E-012 0.5006E-021 0.2516E-022 0.6186E-026 0.0000E+000 0.0000E+000
0.1595E+002 0.1000E+001 0.0000E+000 0.0000E+000 0.2250E+001 0.0000E+000 0.2771E-035 0.2550E-004 0.6528E-010 -.1255E-039 0.4200E-011 0.4607E-009 0.1533E-022 0.2031E-015 0.1457E-005 0.4819E-017 0.1347E-017 0.3901E-017 0.1413E-008 0.3181E-017 0.2803E-019 0.1025E-022 0.1078E-019 0.3553E-020 0.1185E-012 0.2995E-021 0.2568E-022 0.6636E-026 0.0000E+000 0.0000E+000
0.1594E+002 0.1000E+001 0.0000E+000 0.0000E+000 0.2250E+001 0.0000E+000 0.4513E-035 0.2550E-004 0.3070E-010 0.9344E-040 0.4200E-011 0.4607E-009 0.1134E-022 0.1271E-015 0.1457E-005 0.2607E-017 0.1347E-017 0.2303E-017 0.1413E-008 0.1869E-017 0.2806E-019 0.4820E-023 0.8728E-020 0.3598E-020 0.1185E-012 0.1784E-021 0.2620E-022 0.7094E-026 0.0000E+000 0.0000E+000
0.1593E+002 0.1000E+001 0.0000E+000 0.0000E+000 0.2250E+001 0.0000E+000 0.1672E-036 0.2550E-004 0.1444E-010 0.3524E-041 0.4200E-011 0.4607E-009 0.8385E-023 0.7938E-016 0.1457E-005 0.1411E-017 0.1347E-017 0.1357E-017 0.1413E-008 0.1097E-017 0.2809E-019 0.2267E-023 0.7094E-020 0.3640E-020 0.1185E-012 0.1060E-021 0.2671E-022 0.7561E-026 0.0000E+000 0.0000E+000
0.1592E+002 0.1000E+001 0.0000E+000 0.0000E+000 0.2250E+001 0.0000E+000 -.1283E-035 0.2550E-004 0.6792E-011 -.1450E-040 0.4200E-011 0.4607E-009 0.6202E-023 0.4951E-016 0.1457E-005 0.7635E-018 0.1347E-017 0.7989E-018 0.1413E-008 0.6438E-018 0.2812E-019 0.1066E-023 0.5791E-020 0.3681E-020 0.1185E-012 0.6275E-022 0.2723E-022 0.8036E-026 0.0000E+000 0.0000E+000
0.1591E+002 0.1000E+001 0.0000E+000 0.0000E+000 0.2250E+001 0.0000E+000 0.6925E-037 0.2550E-004 0.3196E-011 0.1408E-042 0.4200E-011 0.4607E-009 0.4587E-023 0.3085E-016 0.1457E-005 0.4133E-018 0.1348E-017 0.4698E-018 0.1413E-008 0.3776E-018 0.2815E-019 0.5018E-024 0.4752E-020 0.3721E-020 0.1185E-012 0.3708E-022 0.2774E-022 0.8521E-026 0.0000E+000 0.0000E+000
0.1590E+002 0.1000E+001 0.0000E+000 0.0000E+000 0.2250E+001 0.0000E+000 0.2120E-036 0.2550E-004 0.1504E-011 0.9594E-041 0.4200E-011 0.4607E-009 0.3394E-023 0.1920E-016 0.1457E-005 0.2238E-018 0.1348E-017 0.2760E-018 0.1413E-008 0.2214E-018 0.2817E-019 0.2362E-024 0.3924E-020 0.3760E-020 0.1185E-012 0.2188E-022 0.2826E-022 0.9014E-026 0.0000E+000 0.0000E+000
0.1589E+002 0.1000E+001 0.0000E+000 0.0000E+000 0.2250E+001 0.0000E+000 0.7849E-038 0.2550E-004 0.7083E-012 0.6455E-042 0.4200E-011 0.4607E-009 0.2511E-023 0.1194E-016 0.1457E-005 0.1212E-018 0.1348E-017 0.1621E-018 0.1413E-008 0.1298E-018 0.2820E-019 0.1112E-024 0.3264E-020 0.3798E-020 0.1185E-012 0.1289E-022 0.2877E-022 0.9517E-026 0.0000E+000 0.0000E+000
0.1588E+002 0.1000E+001 0.0000E+000 0.0000E+000 0.2250E+001 0.0000E+000 0.1904E-037 0.2550E-004 0.3335E-012 0.3951E-041 0.4200E-011 0.4607E-009 0.1858E-023 0.7417E-017 0.1457E-005 0.6568E-019 0.1348E-017 0.9516E-019 0.1413E-008 0.7610E-019 0.2822E-019 0.5237E-025 0.2737E-020 0.3836E-020 0.1185E-012 0.7587E-023 0.2928E-022 0.1003E-025 0.0000E+000 0.0000E+000
0.1587E+002 0.1000E+001 0.0000E+000 0.0000E+000 0.2250E+001 0.0000E+000 -.4328E-036 0.2550E-004 0.1571E-012 -.8219E-041 0.4200E-011 0.4607E-009 0.1375E-023 0.4606E-017 0.1457E-005 0.3559E-019 0.1348E-017 0.5584E-019 0.1413E-008 0.4461E-019 0.2825E-019 0.2467E-025 0.2317E-020 0.3872E-020 0.1185E-012 0.4462E-023 0.2980E-022 0.1055E-025 0.0000E+000 0.0000E+000
0.1586E+002 0.1000E+001 0.0000E+000 0.0000E+000 0.2250E+001 0.0000E+000 0.2570E-037 0.2550E-004 0.7402E-013 -.1108E-044 0.4200E-011 0.4607E-009 0.1017E-023 0.2859E-017 0.1457E-005 0.1929E-019 0.1348E-017 0.3277E-019 0.1413E-008 0.2615E-019 0.2827E-019 0.1162E-025 0.1982E-020 0.3908E-020 0.1185E-012 0.2623E-023 0.3031E-022 0.1108E-025 0.0000E+000 0.0000E+000
0.1585E+002 0.1000E+001 0.0000E+000 0.0000E+000 0.2250E+001 0.0000E+000 0.9486E-037 0.2550E-004 0.3488E-013 0.1046E-041 0.4200E-011 0.4607E-009 0.7529E-024 0.1774E-017 0.1457E-005 0.1046E-019 0.1348E-017 0.1922E-019 0.1413E-008 0.1533E-019 0.2830E-019 0.5477E-026 0.1715E-020 0.3943E-020 0.1185E-012 0.1541E-023 0.3083E-022 0.1161E-025 0.0000E+000 0.0000E+000
0.1584E+002 0.1000E+001 0.0000E+000 0.0000E+000 0.2250E+001 0.0000E+000 0.5048E-037 0.2550E-004 0.1644E-013 0.6668E-042 0.4200E-011 0.4607E-009 0.5573E-024 0.1100E-017 0.1457E-005 0.5673E-020 0.1347E-017 0.1128E-019 0.1413E-008 0.8986E-020 0.2832E-019 0.2582E-026 0.1503E-020 0.3978E-020 0.1185E-012 0.9048E-024 0.3134E-022 0.1216E-025 0.0000E+000 0.0000E+000
0.1583E+002 0.1000E+001 0.0000E+000 0.0000E+000 0.2250E+001 0.0000E+000 -.8979E-038 0.2550E-004 0.7753E-014 -.1444E-042 0.4200E-011 0.4607E-009 0.4126E-024 0.6820E-018 0.1457E-005 0.3077E-020 0.1347E-017 0.6616E-020 0.1413E-008 0.5269E-020 0.2835E-019 0.1217E-026 0.1333E-020 0.4011E-020 0.1185E-012 0.5313E-024 0.3186E-022 0.1272E-025 0.0000E+000 0.0000E+000
0.1582E+002 0.1000E+001 0.0000E+000 0.0000E+000 0.2250E+001 0.0000E+000 -.2489E-037 0.2550E-004 0.3657E-014 -.9040E-042 0.4200E-011 0.4607E-009 0.3055E-024 0.4228E-018 0.1457E-005 0.1670E-020 0.1347E-017 0.3882E-020 0.1413E-008 0.3090E-020 0.2837E-019 0.5741E-027 0.1197E-020 0.4045E-020 0.1185E-012 0.3119E-024 0.3237E-022 0.1328E-025 0.0000E+000 0.0000E+000
0.1581E+002 0.1000E+001 0.0000E+000 0.0000E+000 0.2250E+001 0.0000E+000 -.1885E-038 0.2550E-004 0.1725E-014 -.1856E-042 0.4200E-011 0.4607E-009 0.2262E-024 0.2620E-018 0.1457E-005 0.9061E-021 0.1347E-017 0.2278E-020 0.1413E-008 0.1812E-020 0.2840E-019 0.2708E-027 0.1089E-020 0.4078E-020 0.1185E-012 0.1831E-024 0.3289E-022 0.1385E-025 0.0000E+000 0.0000E+000
0.1580E+002 0.1000E+001 0.0000E+000 0.0000E+000 0.2250E+001 0.0000E+000 0.3725E-038 0.2550E-004 0.8139E-015 0.1374E-042 0.4200E-011 0.4607E-009 0.1675E-024 0.1624E-018 0.1457E-005 0.4919E-021 0.1347E-017 0.1337E-020 0.1413E-008 0.1063E-020 0.2843E-019 0.1278E-027 0.1003E-020 0.4110E-020 0.1185E-012 0.1075E-024 0.3340E-022 0.1444E-025 0.0000E+000 0.0000E+000
0.1579E+002 0.1000E+001 0.0000E+000 0.0000E+000 0.2250E+001 0.0000E+000 0.5952E-038 0.2550E-004 0.3841E-015 0.8105E-043 0.4200E-011 0.4607E-009 0.1240E-024 0.1006E-018 0.1457E-005 0.2671E-021 0.1347E-017 0.7845E-021 0.1413E-008 0.6236E-021 0.2845E-019 0.6031E-028 0.9348E-021 0.4142E-020 0.1185E-012 0.6309E-025 0.3392E-022 0.1503E-025 0.0000E+000 0.0000E+000
0.1578E+002 0.1000E+001 0.0000E+000 0.0000E+000 0.2250E+001 0.0000E+000 0.2238E-039 0.2550E-004 0.1813E-015 0.1313E-043 0.4200E-011 0.4607E-009 0.9186E-025 0.6234E-019 0.1457E-005 0.1451E-021 0.1347E-017 0.4605E-021 0.1413E-008 0.3659E-021 0.2848E-019 0.2847E-028 0.8801E-021 0.4173E-020 0.1185E-012 0.3704E-025 0.3444E-022 0.1563E-025 0.0000E+000 0.0000E+000
0.1577E+002 0.1000E+001 0.0000E+000 0.0000E+000 0.2250E+001 0.0000E+000 0.8426E-041 0.2550E-004 0.8563E-016 0.7753E-045 0.4200E-011 0.4607E-009 0.6804E-025 0.3862E-019 0.1457E-005 0.7881E-022 0.1347E-017 0.2704E-021 0.1413E-008 0.2148E-021 0.2850E-019 0.1345E-028 0.8365E-021 0.4204E-020 0.1185E-012 0.2175E-025 0.3495E-022 0.1624E-025 0.0000E+000 0.0000E+000
0.1576E+002 0.1000E+001 0.0000E+000 0.0000E+000 0.2250E+001 0.0000E+000 0.3178E-042 0.2550E-004 0.4044E-016 0.3707E-046 0.4200E-011 0.4607E-009 0.5040E-025 0.2393E-019 0.1457E-005 0.4283E-022 0.1347E-017 0.1588E-021 0.1413E-008 0.1261E-021 0.2853E-019 0.6350E-029 0.8018E-021 0.4234E-020 0.1185E-012 0.1277E-025 0.3547E-022 0.1685E-025 0.0000E+000 0.0000E+000
0.1575E+002 0.1000E+001 0.0000E+000 0.0000E+000 0.2250E+001 0.0000E+000 0.3442E-039 0.2550E-004 0.1911E-016 0.1910E-043 0.4200E-011 0.4607E-009 0.3734E-025 0.1483E-019 0.1457E-005 0.2328E-022 0.1347E-017 0.9325E-022 0.1413E-008 0.7402E-022 0.2855E-019 0.3000E-029 0.7742E-021 0.4264E-020 0.1185E-012 0.7500E-026 0.3599E-022 0.1748E-025 0.0000E+000 0.0000E+000
0.1574E+002 0.1000E+001 0.0000E+000 0.0000E+000 0.2250E+001 0.0000E+000 0.9805E-039 0.2550E-004 0.9029E-017 0.1752E-043 0.4200E-011 0.4607E-009 0.2767E-025 0.9186E-020 0.1457E-005 0.1266E-022 0.1347E-017 0.5478E-022 0.1413E-008 0.4347E-022 0.2858E-019 0.1418E-029 0.7522E-021 0.4294E-020 0.1185E-012 0.4405E-026 0.3650E-022 0.1812E-025 0.0000E+000 0.0000E+000
0.1573E+002 0.1000E+001 0.0000E+000 0.0000E+000 0.2250E+001 0.0000E+000 0.3713E-040 0.2550E-004 0.4268E-017 0.2292E-044 0.4200E-011 0.4607E-009 0.2050E-025 0.5691E-020 0.1457E-005 0.6883E-023 0.1347E-017 0.3219E-022 0.1413E-008 0.2553E-022 0.2860E-019 0.6701E-030 0.7347E-021 0.4322E-020 0.1185E-012 0.2588E-026 0.3702E-022 0.1876E-025 0.0000E+000 0.0000E+000
0.1572E+002 0.1000E+001 0.0000E+000 0.0000E+000 0.2250E+001 0.0000E+000 -.3744E-039 0.2550E-004 0.2018E-017 -.4898E-044 0.4200E-011 0.4607E-009 0.1519E-025 0.3527E-020 0.1457E-005 0.3744E-023 0.1347E-017 0.1892E-022 0.1413E-008 0.1500E-022 0.2863E-019 0.3168E-030 0.7208E-021 0.4351E-020 0.1185E-012 0.1521E-026 0.3754E-022 0.1941E-025 0.0000E+000 0.0000E+000
0.1571E+002 0.1000E+001 0.0000E+000 0.0000E+000 0.2250E+001 0.0000E+000 0.9607E-040 0.2550E-004 0.9542E-018 0.1519E-044 0.4200E-011 0.4607E-009 0.1126E-025 0.2185E-020 0.1457E-005 0.2037E-023 0.1347E-017 0.1112E-022 0.1413E-008 0.8813E-023 0.2865E-019 0.1498E-030 0.7098E-021 0.4379E-020 0.1185E-012 0.8938E-027 0.3806E-022 0.2007E-025 0.0000E+000 0.0000E+000
0.1570E+002 0.1000E+001 0.0000E+000 0.0000E+000 0.2250E+001 0.0000E+000 0.2415E-039 0.2550E-004 0.4514E-018 0.5344E-044 0.4200E-011 0.4607E-009 0.8347E-026 0.1354E-020 0.1457E-005 0.1109E-023 0.1347E-017 0.6538E-023 0.1413E-008 0.5180E-023 0.2868E-019 0.7087E-031 0.7011E-021 0.4407E-020 0.1185E-012 0.5254E-027 0.3858E-022 0.2074E-025 0.0000E+000 0.0000E+000
0.1569E+002 0.1000E+001 0.0000E+000 0.0000E+000 0.2250E+001 0.0000E+000 0.6613E-040 0.2550E-004 0.2136E-018 0.1904E-044 0.4200E-011 0.4607E-009 0.6188E-026 0.8393E-021 0.1457E-005 0.6035E-024 0.1347E-017 0.3845E-023 0.1413E-008 0.3045E-023 0.2870E-019 0.3353E-031 0.6942E-021 0.4434E-020 0.1185E-012 0.3089E-027 0.3910E-022 0.2142E-025 0.0000E+000 0.0000E+000
0.1568E+002 0.1000E+001 0.0000E+000 0.0000E+000 0.2250E+001 0.0000E+000 0.2521E-041 0.2550E-004 0.1011E-018 0.1759E-045 0.4200E-011 0.4607E-009 0.4587E-026 0.5203E-021 0.1457E-005 0.3286E-024 0.1347E-017 0.2262E-023 0.1413E-008 0.1790E-023 0.2873E-019 0.1587E-031 0.6888E-021 0.4461E-020 0.1185E-012 0.1817E-027 0.3961E-022 0.2211E-025 0.0000E+000 0.0000E+000
0.1567E+002 0.1000E+001 0.0000E+000 0.0000E+000 0.2250E+001 0.0000E+000 -.1156E-039 0.2550E-004 0.4785E-019 -.2149E-044 0.4200E-011 0.4607E-009 0.3401E-026 0.3225E-021 0.1457E-005 0.1790E-024 0.1347E-017 0.1331E-023 0.1413E-008 0.1053E-023 0.2875E-019 0.7512E-032 0.6845E-021 0.4487E-020 0.1185E-012 0.1069E-027 0.4013E-022 0.2281E-025 0.0000E+000 0.0000E+000
0.1566E+002 0.1000E+001 0.0000E+000 0.0000E+000 0.2250E+001 0.0000E+000 -.5001E-041 0.2550E-004 0.2265E-019 -.9288E-046 0.4200E-011 0.4607E-009 0.2522E-026 0.1999E-021 0.1457E-005 0.9751E-025 0.1347E-017 0.7831E-024 0.1413E-008 0.6194E-024 0.2878E-019 0.3557E-032 0.6812E-021 0.4513E-020 0.1185E-012 0.6287E-028 0.4065E-022 0.2352E-025 0.0000E+000 0.0000E+000
0.1565E+002 0.1000E+001 0.0000E+000 0.0000E+000 0.2250E+001 0.0000E+000 0.1189E-040 0.2550E-004 0.1073E-019 -.3099E-045 0.4200E-011 0.4607E-009 0.1870E-026 0.1240E-021 0.1457E-005 0.5313E-025 0.1347E-017 0.4610E-024 0.1413E-008 0.3644E-024 0.2880E-019 0.1685E-032 0.6786E-021 0.4539E-020 0.1185E-012 0.3700E-028 0.4117E-022 0.2423E-025 0.0000E+000 0.0000E+000
0.1564E+002 0.1000E+001 0.0000E+000 0.0000E+000 0.2250E+001 0.0000E+000 0.1670E-040 0.2550E-004 0.5083E-020 0.3585E-045 0.4200E-011 0.4607E-009 0.1387E-026 0.7688E-022 0.1457E-005 0.2896E-025 0.1347E-017 0.2714E-024 0.1413E-008 0.2145E-024 0.2883E-019 0.7981E-033 0.6766E-021 0.4564E-020 0.1185E-012 0.2178E-028 0.4169E-022 0.2496E-025 0.0000E+000 0.0000E+000
0.1563E+002 0.1000E+001 0.0000E+000 0.0000E+000 0.2250E+001 0.0000E+000 0.2172E-041 0.2550E-004 0.2409E-020 -.1171E-045 0.4200E-011 0.4607E-009 0.1029E-026 0.4768E-022 0.1457E-005 0.1579E-025 0.1347E-017 0.1598E-024 0.1413E-008 0.1262E-024 0.2885E-019 0.3782E-033 0.6751E-021 0.4589E-020 0.1185E-012 0.1282E-028 0.4221E-022 0.2569E-025 0.0000E+000 0.0000E+000
0.1562E+002 0.1000E+001 0.0000E+000 0.0000E+000 0.2250E+001 0.0000E+000 0.1580E-040 0.2550E-004 0.1142E-020 0.1892E-045 0.4200E-011 0.4607E-009 0.7633E-027 0.2957E-022 0.1457E-005 0.8612E-026 0.1347E-017 0.9416E-025 0.1413E-008 0.7432E-025 0.2888E-019 0.1792E-033 0.6739E-021 0.4613E-020 0.1185E-012 0.7549E-029 0.4273E-022 0.2643E-025 0.0000E+000 0.0000E+000
0.1561E+002 0.1000E+001 0.0000E+000 0.0000E+000 0.2250E+001 0.0000E+000 -.1886E-040 0.2550E-004 0.5413E-021 -.2366E-045 0.4200E-011 0.4607E-009 0.5663E-027 0.1835E-022 0.1457E-005 0.4698E-026 0.1347E-017 0.5548E-025 0.1413E-008 0.4377E-025 0.2890E-019 0.8497E-034 0.6731E-021 0.4637E-020 0.1185E-012 0.4447E-029 0.4326E-022 0.2718E-025 0.0000E+000 0.0000E+000
0.1560E+002 0.1000E+001 0.0000E+000 0.0000E+000 0.2250E+001 0.0000E+000 0.5453E-041 0.2550E-004 0.2567E-021 0.1140E-045 0.4200E-011 0.4607E-009 0.4202E-027 0.1138E-022 0.1457E-005 0.2563E-026 0.1347E-017 0.3270E-025 0.1413E-008 0.2578E-025 0.2893E-019 0.4029E-034 0.6725E-021 0.4661E-020 0.1185E-012 0.2620E-029 0.4378E-022 0.2794E-025 0.0000E+000 0.0000E+000
0.1559E+002 0.1000E+001 0.0000E+000 0.0000E+000 0.2250E+001 0.0000E+000 -.1011E-040 0.2550E-004 0.1218E-021 -.2791E-045 0.4200E-011 0.4607E-009 0.3118E-027 0.7063E-023 0.1457E-005 0.1399E-026 0.1347E-017 0.1928E-025 0.1413E-008 0.1519E-025 0.2895E-019 0.1911E-034 0.6721E-021 0.4684E-020 0.1185E-012 0.1544E-029 0.4430E-022 0.2871E-025 0.0000E+000 0.0000E+000
0.1558E+002 0.1000E+001 0.0000E+000 0.0000E+000 0.2250E+001 0.0000E+000 -.4334E-040 0.2550E-004 0.5777E-022 -.9031E-045 0.4200E-011 0.4607E-009 0.2314E-027 0.4383E-023 0.1457E-005 0.7637E-027 0.1347E-017 0.1137E-025 0.1413E-008 0.8949E-026 0.2898E-019 0.9067E-035 0.6718E-021 0.4707E-020 0.1185E-012 0.9099E-030 0.4482E-022 0.2948E-025 0.0000E+000 0.0000E+000
0.1557E+002 0.1000E+001 0.0000E+000 0.0000E+000 0.2250E+001 0.0000E+000 -.6796E-041 0.2550E-004 0.2742E-022 -.1306E-045 0.4200E-011 0.4607E-009 0.1717E-027 0.2721E-023 0.1457E-005 0.4171E-027 0.1347E-017 0.6704E-026 0.1413E-008 0.5274E-026 0.2900E-019 0.4303E-035 0.6717E-021 0.4730E-020 0.1185E-012 0.5364E-030 0.4534E-022 0.3027E-025 0.0000E+000 0.0000E+000
0.1556E+002 0.1000E+001 0.0000E+000 0.0000E+000 0.2250E+001 0.0000E+000 0.1179E-040 0.2550E-004 0.1302E-022 0.2077E-045 0.4200E-011 0.4607E-009 0.1275E-027 0.1689E-023 0.1457E-005 0.2278E-027 0.1347E-017 0.3955E-026 0.1413E-008 0.3109E-026 0.2903E-019 0.2043E-035 0.6717E-021 0.4752E-020 0.1185E-012 0.3163E-030 0.4586E-022 0.3106E-025 0.0000E+000 0.0000E+000
0.1555E+002 0.1000E+001 0.0000E+000 0.0000E+000 0.2250E+001 0.0000E+000 0.1666E-040 0.2550E-004 0.6181E-023 0.4135E-045 0.4200E-011 0.4607E-009 0.9462E-028 0.1049E-023 0.1457E-005 0.1245E-027 0.1347E-017 0.2334E-026 0.1413E-008 0.1833E-026 0.2905E-019 0.9698E-036 0.6717E-021 0.4774E-020 0.1185E-012 0.1866E-030 0.4639E-022 0.3187E-025 0.0000E+000 0.0000E+000
0.1554E+002 0.1000E+001 0.0000E+000 0.0000E+000 0.2250E+001 0.0000E+000 -.2452E-040 0.2550E-004 0.2936E-023 -.5015E-045 0.4200E-011 0.4607E-009 0.7025E-028 0.6512E-024 0.1457E-005 0.6802E-028 0.1347E-017 0.1378E-026 0.1413E-008 0.1081E-026 0.2908E-019 0.4606E-036 0.6718E-021 0.4795E-020 0.1185E-012 0.1101E-030 0.4691E-022 0.3268E-025 0.0000E+000 0.0000E+000
0.1553E+002 0.1000E+001 0.0000E+000 0.0000E+000 0.2250E+001 0.0000E+000 0.1522E-040 0.2550E-004 0.1395E-023 0.1471E-045 0.4200E-011 0.4607E-009 0.5216E-028 0.4044E-024 0.1457E-005 0.3719E-028 0.1347E-017 0.8135E-027 0.1413E-008 0.6378E-027 0.2910E-019 0.2188E-036 0.6720E-021 0.4817E-020 0.1185E-012 0.6496E-031 0.4743E-022 0.3350E-025 0.0000E+000 0.0000E+000
0.1552E+002 0.1000E+001 0.0000E+000 0.0000E+000 0.2250E+001 0.0000E+000 0.3492E-040 0.2550E-004 0.6630E-024 0.6864E-045 0.4200E-011 0.4607E-009 0.3873E-028 0.2512E-024 0.1457E-005 0.2033E-028 0.1347E-017 0.4804E-027 0.1413E-008 0.3763E-027 0.2913E-019 0.1040E-036 0.6722E-021 0.4837E-020 0.1185E-012 0.3835E-031 0.4796E-022 0.3433E-025 0.0000E+000 0.0000E+000
0.1551E+002 0.1000E+001 0.0000E+000 0.0000E+000 0.2250E+001 0.0000E+000 0.1880E-040 0.2550E-004 0.3152E-024 0.3786E-045 0.4200E-011 0.4607E-009 0.2876E-028 0.1561E-024 0.1457E-005 0.1112E-028 0.1347E-017 0.2838E-027 0.1413E-008 0.2221E-027 0.2915E-019 0.4940E-037 0.6724E-021 0.4858E-020 0.1185E-012 0.2264E-031 0.4848E-022 0.3517E-025 0.0000E+000 0.0000E+000
0.1550E+002 0.1000E+001 0.0000E+000 0.0000E+000 0.2250E+001 0.0000E+000 -.2231E-040 0.2550E-004 0.1499E-024 -.4452E-045 0.4200E-011 0.4607E-009 0.2136E-028 0.9697E-025 0.1457E-005 0.6085E-029 0.1347E-017 0.1677E-027 0.1413E-008 0.1311E-027 0.2918E-019 0.2349E-037 0.6727E-021 0.4878E-020 0.1185E-012 0.1337E-031 0.4900E-022 0.3602E-025 0.0000E+000 0.0000E+000
0.1549E+002 0.1000E+001 0.0000E+000 0.0000E+000 0.2250E+001 0.0000E+000 -.8738E-042 0.2550E-004 0.7133E-025 -.5491E-046 0.4200E-011 0.4607E-009 0.1587E-028 0.6026E-025 0.1457E-005 0.3330E-029 0.1347E-017 0.9912E-028 0.1413E-008 0.7740E-028 0.2920E-019 0.1117E-037 0.6730E-021 0.4898E-020 0.1185E-012 0.7899E-032 0.4953E-022 0.3687E-025 0.0000E+000 0.0000E+000
0.1548E+002 0.1000E+001 0.0000E+000 0.0000E+000 0.2250E+001 0.0000E+000 -.3427E-043 0.2550E-004 0.3395E-025 -.3248E-047 0.4200E-011 0.4607E-009 0.1179E-028 0.3745E-025 0.1457E-005 0.1823E-029 0.1347E-017 0.5860E-028 0.1413E-008 0.4571E-028 0.2923E-019 0.5312E-038 0.6733E-021 0.4918E-020 0.1185E-012 0.4667E-032 0.5005E-022 0.3774E-025 0.0000E+000 0.0000E+000
0.1547E+002 0.1000E+001 0.0000E+000 0.0000E+000 0.2250E+001 0.0000E+000 -.1488E-040 0.2550E-004 0.1617E-025 -.2334E-045 0.4200E-011 0.4607E-009 0.8757E-029 0.2328E-025 0.1457E-005 0.9981E-030 0.1347E-017 0.3466E-028 0.1413E-008 0.2700E-028 0.2925E-019 0.2527E-038 0.6736E-021 0.4937E-020 0.1185E-012 0.2758E-032 0.5058E-022 0.3861E-025 0.0000E+000 0.0000E+000
0.1546E+002 0.1000E+001 0.0000E+000 0.0000E+000 0.2250E+001 0.0000E+000 -.1597E-041 0.2550E-004 0.7701E-026 -.1408E-045 0.4200E-011 0.4607E-009 0.6507E-029 0.1448E-025 0.1457E-005 0.5467E-030 0.1347E-017 0.2050E-028 0.1413E-008 0.1595E-028 0.2928E-019 0.1203E-038 0.6739E-021 0.4956E-020 0.1185E-012 0.1631E-032 0.5110E-022 0.3950E-025 0.0000E+000 0.0000E+000
0.1545E+002 0.1000E+001 0.0000E+000 0.0000E+000 0.2250E+001 0.0000E+000 -.1222E-040 0.2550E-004 0.3670E-026 -.1435E-045 0.4200E-011 0.4607E-009 0.4835E-029 0.9001E-026 0.1457E-005 0.2995E-030 0.1346E-017 0.1213E-028 0.1413E-008 0.9426E-029 0.2930E-019 0.5724E-039 0.6743E-021 0.4975E-020 0.1185E-012 0.9642E-033 0.5163E-022 0.4039E-025 0.0000E+000 0.0000E+000
0.1544E+002 0.1000E+001 0.0000E+000 0.0000E+000 0.2250E+001 0.0000E+000 -.2595E-040 0.2550E-004 0.1750E-026 -.3648E-045 0.4200E-011 0.4607E-009 0.3593E-029 0.5598E-026 0.1457E-005 0.1642E-030 0.1346E-017 0.7181E-029 0.1413E-008 0.5571E-029 0.2933E-019 0.2725E-039 0.6746E-021 0.4994E-020 0.1185E-012 0.5703E-033 0.5215E-022 0.4129E-025 0.0000E+000 0.0000E+000
0.1543E+002 0.1000E+001 0.0000E+000 0.0000E+000 0.2250E+001 0.0000E+000 0.7803E-041 0.2550E-004 0.8353E-027 0.1831E-045 0.4200E-011 0.4607E-009 0.2671E-029 0.3482E-026 0.1457E-005 0.8999E-031 0.1346E-017 0.4251E-029 0.1413E-008 0.3294E-029 0.2935E-019 0.1298E-039 0.6750E-021 0.5012E-020 0.1185E-012 0.3374E-033 0.5268E-022 0.4220E-025 0.0000E+000 0.0000E+000
0.1542E+002 0.1000E+001 0.0000E+000 0.0000E+000 0.2250E+001 0.0000E+000 -.4097E-040 0.2550E-004 0.3989E-027 -.9639E-045 0.4200E-011 0.4607E-009 0.1985E-029 0.2166E-026 0.1457E-005 0.4934E-031 0.1346E-017 0.2518E-029 0.1413E-008 0.1947E-029 0.2938E-019 0.6182E-040 0.6753E-021 0.5030E-020 0.1185E-012 0.1997E-033 0.5321E-022 0.4311E-025 0.0000E+000 0.0000E+000
0.1541E+002 0.1000E+001 0.0000E+000 0.0000E+000 0.2250E+001 0.0000E+000 0.3430E-041 0.2550E-004 0.1907E-027 -.1618E-045 0.4200E-011 0.4607E-009 0.1476E-029 0.1348E-026 0.1457E-005 0.2707E-031 0.1346E-017 0.1492E-029 0.1413E-008 0.1152E-029 0.2940E-019 0.2945E-040 0.6757E-021 0.5047E-020 0.1185E-012 0.1182E-033 0.5373E-022 0.4404E-025 0.0000E+000 0.0000E+000
0.1540E+002 0.1000E+001 0.0000E+000 0.0000E+000 0.2250E+001 0.0000E+000 0.3364E-040 0.2550E-004 0.9124E-028 0.5560E-045 0.4200E-011 0.4607E-009 0.1097E-029 0.8388E-027 0.1457E-005 0.1485E-031 0.1346E-017 0.8839E-030 0.1413E-008 0.6814E-030 0.2943E-019 0.1404E-040 0.6761E-021 0.5065E-020 0.1185E-012 0.6999E-034 0.5426E-022 0.4498E-025 0.0000E+000 0.0000E+000
0.1539E+002 0.1000E+001 0.0000E+000 0.0000E+000 0.2250E+001 0.0000E+000 0.1337E-041 0.2550E-004 0.4371E-028 0.8032E-046 0.4200E-011 0.4607E-009 0.8157E-030 0.5221E-027 0.1457E-005 0.8151E-032 0.1346E-017 0.5240E-030 0.1413E-008 0.4032E-030 0.2945E-019 0.6691E-041 0.6764E-021 0.5082E-020 0.1185E-012 0.4145E-034 0.5478E-022 0.4592E-025 0.0000E+000 0.0000E+000
0.1538E+002 0.1000E+001 0.0000E+000 0.0000E+000 0.2250E+001 0.0000E+000 0.2799E-040 0.2550E-004 0.2097E-028 0.6722E-045 0.4200E-011 0.4607E-009 0.6066E-030 0.3250E-027 0.1457E-005 0.4475E-032 0.1346E-017 0.3107E-030 0.1413E-008 0.2386E-030 0.2948E-019 0.3190E-041 0.6768E-021 0.5099E-020 0.1185E-012 0.2456E-034 0.5531E-022 0.4687E-025 0.0000E+000 0.0000E+000
0.1537E+002 0.1000E+001 0.0000E+000 0.0000E+000 0.2250E+001 0.0000E+000 -.2847E-041 0.2550E-004 0.1008E-028 -.1233E-046 0.4200E-011 0.4607E-009 0.4511E-030 0.2023E-027 0.1457E-005 0.2458E-032 0.1346E-017 0.1843E-030 0.1413E-008 0.1412E-030 0.2950E-019 0.1522E-041 0.6772E-021 0.5115E-020 0.1185E-012 0.1455E-034 0.5584E-022 0.4784E-025 0.0000E+000 0.0000E+000
0.1536E+002 0.1000E+001 0.0000E+000 0.0000E+000 0.2250E+001 0.0000E+000 0.3004E-040 0.2550E-004 0.4853E-029 0.5393E-045 0.4200E-011 0.4607E-009 0.3355E-030 0.1260E-027 0.1457E-005 0.1350E-032 0.1346E-017 0.1093E-030 0.1413E-008 0.8363E-031 0.2953E-019 0.7259E-042 0.6775E-021 0.5132E-020 0.1185E-012 0.8627E-035 0.5637E-022 0.4881E-025 0.0000E+000 0.0000E+000
0.1535E+002 0.1000E+001 0.0000E+000 0.0000E+000 0.2250E+001 0.0000E+000 0.1202E-041 0.2550E-004 0.2342E-029 0.7329E-046 0.4200E-011 0.4607E-009 0.2496E-030 0.7847E-028 0.1457E-005 0.7419E-033 0.1346E-017 0.6490E-031 0.1413E-008 0.4953E-031 0.2955E-019 0.3464E-042 0.6779E-021 0.5148E-020 0.1185E-012 0.5115E-035 0.5689E-022 0.4979E-025 0.0000E+000 0.0000E+000
0.1534E+002 0.1000E+001 0.0000E+000 0.0000E+000 0.2250E+001 0.0000E+000 0.2423E-040 0.2550E-004 0.1134E-029 0.6064E-045 0.4200E-011 0.4607E-009 0.1856E-030 0.4888E-028 0.1457E-005 0.4079E-033 0.1346E-017 0.3853E-031 0.1413E-008 0.2934E-031 0.2958E-019 0.1653E-042 0.6783E-021 0.5164E-020 0.1185E-012 0.3034E-035 0.5742E-022 0.5078E-025 0.0000E+000 0.0000E+000
0.1533E+002 0.1000E+001 0.0000E+000 0.0000E+000 0.2250E+001 0.0000E+000 0.9746E-042 0.2550E-004 0.5509E-030 0.6439E-046 0.4200E-011 0.4607E-009 0.1381E-030 0.3045E-028 0.1457E-005 0.2243E-033 0.1346E-017 0.2289E-031 0.1413E-008 0.1738E-031 0.2960E-019 0.7893E-043 0.6786E-021 0.5179E-020 0.1185E-012 0.1800E-035 0.5795E-022 0.5177E-025 0.0000E+000 0.0000E+000
0.1532E+002 0.1000E+001 0.0000E+000 0.0000E+000 0.2250E+001 0.0000E+000 0.8947E-041 0.2550E-004 0.2687E-030 0.3103E-045 0.4200E-011 0.4607E-009 0.1028E-030 0.1898E-028 0.1457E-005 0.1234E-033 0.1346E-017 0.1360E-031 0.1413E-008 0.1030E-031 0.2963E-019 0.3769E-043 0.6790E-021 0.5195E-020 0.1185E-012 0.1068E-035 0.5848E-022 0.5278E-025 0.0000E+000 0.0000E+000
0.1531E+002 0.1000E+001 0.0000E+000 0.0000E+000 0.2250E+001 0.0000E+000 0.1828E-040 0.2550E-004 0.1317E-030 0.4072E-045 0.4200E-011 0.4607E-009 0.7647E-031 0.1183E-028 0.1457E-005 0.6789E-034 0.1346E-017 0.8081E-032 0.1413E-008 0.6105E-032 0.2965E-019 0.1800E-043 0.6794E-021 0.5210E-020 0.1185E-012 0.6341E-036 0.5901E-022 0.5379E-025 0.0000E+000 0.0000E+000
0.1530E+002 0.1000E+001 0.0000E+000 0.0000E+000 0.2250E+001 0.0000E+000 -.3372E-041 0.2550E-004 0.6493E-031 0.2432E-045 0.4200E-011 0.4607E-009 0.5691E-031 0.7371E-029 0.1457E-005 0.3737E-034 0.1346E-017 0.4805E-032 0.1413E-008 0.3620E-032 0.2968E-019 0.8602E-044 0.6798E-021 0.5225E-020 0.1185E-012 0.3765E-036 0.5954E-022 0.5482E-025 0.0000E+000 0.0000E+000
0.1529E+002 0.1000E+001 0.0000E+000 0.0000E+000 0.2250E+001 0.0000E+000 -.7683E-041 0.2550E-004 0.3222E-031 -.3731E-045 0.4200E-011 0.4607E-009 0.4236E-031 0.4595E-029 0.1457E-005 0.2058E-034 0.1346E-017 0.2858E-032 0.1413E-008 0.2146E-032 0.2970E-019 0.4111E-044 0.6801E-021 0.5239E-020 0.1185E-012 0.2237E-036 0.6007E-022 0.5585E-025 0.0000E+000 0.0000E+000
0.1528E+002 0.1000E+001 0.0000E+000 0.0000E+000 0.2250E+001 0.0000E+000 0.1403E-040 0.2550E-004 0.1611E-031 0.5189E-045 0.4200E-011 0.4607E-009 0.3153E-031 0.2865E-029 0.1457E-005 0.1134E-034 0.1346E-017 0.1700E-032 0.1413E-008 0.1273E-032 0.2973E-019 0.1965E-044 0.6805E-021 0.5254E-020 0.1185E-012 0.1329E-036 0.6060E-022 0.5689E-025 0.0000E+000 0.0000E+000
0.1527E+002 0.1000E+001 0.0000E+000 0.0000E+000 0.2250E+001 0.0000E+000 0.1898E-041 0.2550E-004 0.8127E-032 -.5070E-046 0.4200E-011 0.4607E-009 0.2347E-031 0.1787E-029 0.1457E-005 0.6246E-035 0.1346E-017 0.1012E-032 0.1413E-008 0.7553E-033 0.2975E-019 0.9396E-045 0.6809E-021 0.5268E-020 0.1185E-012 0.7898E-037 0.6113E-022 0.5794E-025 0.0000E+000 0.0000E+000
0.1526E+002 0.1000E+001 0.0000E+000 0.0000E+000 0.2250E+001 0.0000E+000 0.2591E-040 0.2550E-004 0.4139E-032 0.7047E-045 0.4200E-011 0.4607E-009 0.1747E-031 0.1114E-029 0.1457E-005 0.3443E-035 0.1346E-017 0.6025E-033 0.1413E-008 0.4482E-033 0.2977E-019 0.4494E-045 0.6813E-021 0.5282E-020 0.1185E-012 0.4696E-037 0.6166E-022 0.5900E-025 0.0000E+000 0.0000E+000
0.1525E+002 0.1000E+001 0.0000E+000 0.0000E+000 0.2250E+001 0.0000E+000 0.1054E-041 0.2550E-004 0.2131E-032 0.7121E-046 0.4200E-011 0.4607E-009 0.1301E-031 0.6951E-030 0.1457E-005 0.1899E-035 0.1346E-017 0.3588E-033 0.1413E-008 0.2660E-033 0.2980E-019 0.2150E-045 0.6816E-021 0.5296E-020 0.1185E-012 0.2793E-037 0.6219E-022 0.6007E-025 0.0000E+000 0.0000E+000
0.1524E+002 0.1000E+001 0.0000E+000 0.0000E+000 0.2250E+001 0.0000E+000 -.3137E-040 0.2550E-004 0.1109E-032 0.5729E-044 0.4200E-011 0.4607E-009 0.9688E-032 0.4336E-030 0.1457E-005 0.1047E-035 0.1346E-017 0.2138E-033 0.1413E-008 0.1579E-033 0.2982E-019 0.1028E-045 0.6820E-021 0.5309E-020 0.1185E-012 0.1661E-037 0.6272E-022 0.6114E-025 0.0000E+000 0.0000E+000
0.1523E+002 0.1000E+001 0.0000E+000 0.0000E+000 0.2250E+001 0.0000E+000 -.8380E-042 0.2550E-004 0.5841E-033 -.5851E-044 0.4200E-011 0.4607E-009 0.7214E-032 0.2705E-030 0.1457E-005 0.5777E-036 0.1346E-017 0.1274E-033 0.1413E-008 0.9372E-034 0.2985E-019 0.4915E-046 0.6824E-021 0.5323E-020 0.1185E-012 0.9884E-038 0.6325E-022 0.6223E-025 0.0000E+000 0.0000E+000
0.1522E+002 0.1000E+001 0.0000E+000 0.0000E+000 0.2250E+001 0.0000E+000 -.3425E-039 0.2550E-004 0.3115E-033 -.6636E-044 0.4200E-011 0.4607E-009 0.5373E-032 0.1688E-030 0.1457E-005 0.3189E-036 0.1346E-017 0.7595E-034 0.1413E-008 0.5565E-034 0.2987E-019 0.2351E-046 0.6828E-021 0.5336E-020 0.1185E-012 0.5883E-038 0.6378E-022 0.6332E-025 0.0000E+000 0.0000E+000
0.1521E+002 0.1000E+001 0.0000E+000 0.0000E+000 0.2250E+001 0.0000E+000 0.2116E-039 0.2550E-004 0.1683E-033 0.9864E-045 0.4200E-011 0.4607E-009 0.4002E-032 0.1054E-030 0.1457E-005 0.1761E-036 0.1346E-017 0.4530E-034 0.1413E-008 0.3305E-034 0.2990E-019 0.1125E-046 0.6832E-021 0.5349E-020 0.1185E-012 0.3503E-038 0.6431E-022 0.6443E-025 0.0000E+000 0.0000E+000
0.1520E+002 0.1000E+001 0.0000E+000 0.0000E+000 0.2250E+001 0.0000E+000 -.4398E-039 0.2550E-004 0.9204E-034 -.6795E-044 0.4200E-011 0.4607E-009 0.2981E-032 0.6577E-031 0.1457E-005 0.9727E-037 0.1346E-017 0.2703E-034 0.1413E-008 0.1963E-034 0.2992E-019 0.5384E-047 0.6835E-021 0.5361E-020 0.1185E-012 0.2086E-038 0.6484E-022 0.6554E-025 0.0000E+000 0.0000E+000
0.1519E+002 0.1000E+001 0.0000E+000 0.0000E+000 0.2250E+001 0.0000E+000 -.1227E-038 0.2550E-004 0.5094E-034 -.1944E-043 0.4200E-011 0.4607E-009 0.2221E-032 0.4106E-031 0.1457E-005 0.5376E-037 0.1346E-017 0.1614E-034 0.1413E-008 0.1167E-034 0.2995E-019 0.2578E-047 0.6839E-021 0.5374E-020 0.1185E-012 0.1243E-038 0.6537E-022 0.6666E-025 0.0000E+000 0.0000E+000
0.1518E+002 0.1000E+001 0.0000E+000 0.0000E+000 0.2250E+001 0.0000E+000 0.2295E-039 0.2550E-004 0.2851E-034 0.3074E-044 0.4200E-011 0.4607E-009 0.1655E-032 0.2564E-031 0.1457E-005 0.2972E-037 0.1346E-017 0.9637E-035 0.1413E-008 0.6933E-035 0.2997E-019 0.1234E-047 0.6843E-021 0.5386E-020 0.1185E-012 0.7409E-039 0.6591E-022 0.6779E-025 0.0000E+000 0.0000E+000
0.1517E+002 0.1000E+001 0.0000E+000 0.0000E+000 0.2250E+001 0.0000E+000 0.5302E-039 0.2550E-004 0.1612E-034 0.4073E-044 0.4200E-011 0.4607E-009 0.1233E-032 0.1601E-031 0.1457E-005 0.1644E-037 0.1346E-017 0.5758E-035 0.1413E-008 0.4121E-035 0.3000E-019 0.5912E-048 0.6847E-021 0.5399E-020 0.1185E-012 0.4418E-039 0.6644E-022 0.6893E-025 0.0000E+000 0.0000E+000
0.1516E+002 0.1000E+001 0.0000E+000 0.0000E+000 0.2250E+001 0.0000E+000 -.9614E-039 0.2550E-004 0.9201E-035 -.2232E-043 0.4200E-011 0.4607E-009 0.9190E-033 0.1000E-031 0.1457E-005 0.9100E-038 0.1346E-017 0.3442E-035 0.1413E-008 0.2450E-035 0.3002E-019 0.2832E-048 0.6851E-021 0.5411E-020 0.1185E-012 0.2635E-039 0.6697E-022 0.7007E-025 0.0000E+000 0.0000E+000
0.1515E+002 0.1000E+001 0.0000E+000 0.0000E+000 0.2250E+001 0.0000E+000 0.6154E-039 0.2550E-004 0.5296E-035 0.8896E-044 0.4200E-011 0.4607E-009 0.6850E-033 0.6248E-032 0.1457E-005 0.5039E-038 0.1346E-017 0.2058E-035 0.1413E-008 0.1457E-035 0.3005E-019 0.1357E-048 0.6855E-021 0.5422E-020 0.1185E-012 0.1572E-039 0.6750E-022 0.7123E-025 0.0000E+000 0.0000E+000
0.1514E+002 0.1000E+001 0.0000E+000 0.0000E+000 0.2250E+001 0.0000E+000 -.4590E-039 0.2550E-004 0.3070E-035 -.1515E-044 0.4200E-011 0.4607E-009 0.5106E-033 0.3904E-032 0.1457E-005 0.2792E-038 0.1346E-017 0.1231E-035 0.1413E-008 0.8668E-036 0.3007E-019 0.6506E-049 0.6858E-021 0.5434E-020 0.1185E-012 0.9386E-040 0.6804E-022 0.7239E-025 0.0000E+000 0.0000E+000
0.1513E+002 0.1000E+001 0.0000E+000 0.0000E+000 0.2250E+001 0.0000E+000 -.2409E-039 0.2550E-004 0.1791E-035 -.2725E-044 0.4200E-011 0.4607E-009 0.3806E-033 0.2440E-032 0.1457E-005 0.1548E-038 0.1346E-017 0.7370E-036 0.1413E-008 0.5157E-036 0.3010E-019 0.3120E-049 0.6862E-021 0.5445E-020 0.1185E-012 0.5605E-040 0.6857E-022 0.7356E-025 0.0000E+000 0.0000E+000
0.1512E+002 0.1000E+001 0.0000E+000 0.0000E+000 0.2250E+001 0.0000E+000 -.2702E-039 0.2550E-004 0.1051E-035 -.7876E-044 0.4200E-011 0.4607E-009 0.2838E-033 0.1525E-032 0.1457E-005 0.8583E-039 0.1346E-017 0.4414E-036 0.1413E-008 0.3069E-036 0.3012E-019 0.1496E-049 0.6866E-021 0.5457E-020 0.1185E-012 0.3348E-040 0.6910E-022 0.7475E-025 0.0000E+000 0.0000E+000
0.1511E+002 0.1000E+001 0.0000E+000 0.0000E+000 0.2250E+001 0.0000E+000 0.1359E-039 0.2550E-004 0.6193E-036 0.5875E-044 0.4200E-011 0.4607E-009 0.2116E-033 0.9532E-033 0.1457E-005 0.4763E-039 0.1346E-017 0.2644E-036 0.1413E-008 0.1827E-036 0.3015E-019 0.7177E-050 0.6870E-021 0.5468E-020 0.1185E-012 0.2001E-040 0.6964E-022 0.7594E-025 0.0000E+000 0.0000E+000
0.1510E+002 0.1000E+001 0.0000E+000 0.0000E+000 0.2250E+001 0.0000E+000 0.4568E-041 0.2550E-004 0.3665E-036 0.4089E-045 0.4200E-011 0.4607E-009 0.1578E-033 0.5959E-033 0.1457E-005 0.2644E-039 0.1346E-017 0.1585E-036 0.1413E-008 0.1088E-036 0.3017E-019 0.3444E-050 0.6874E-021 0.5479E-020 0.1185E-012 0.1196E-040 0.7017E-022 0.7713E-025 0.0000E+000 0.0000E+000
0.1509E+002 0.1000E+001 0.0000E+000 0.0000E+000 0.2250E+001 0.0000E+000 -.1166E-038 0.2550E-004 0.2176E-036 -.2106E-043 0.4200E-011 0.4607E-009 0.1177E-033 0.3727E-033 0.1457E-005 0.1469E-039 0.1346E-017 0.9507E-037 0.1413E-008 0.6476E-037 0.3019E-019 0.1653E-050 0.6878E-021 0.5489E-020 0.1185E-012 0.7156E-041 0.7071E-022 0.7834E-025 0.0000E+000 0.0000E+000
0.1508E+002 0.1000E+001 0.0000E+000 0.0000E+000 0.2250E+001 0.0000E+000 -.3932E-040 0.2550E-004 0.1296E-036 -.2843E-044 0.4200E-011 0.4607E-009 0.8775E-034 0.2331E-033 0.1457E-005 0.8168E-040 0.1346E-017 0.5705E-037 0.1413E-008 0.3857E-037 0.3022E-019 0.7935E-051 0.6882E-021 0.5500E-020 0.1185E-012 0.4282E-041 0.7124E-022 0.7956E-025 0.0000E+000 0.0000E+000
0.1507E+002 0.1000E+001 0.0000E+000 0.0000E+000 0.2250E+001 0.0000E+000 -.1683E-039 0.2550E-004 0.7736E-037 -.4127E-044 0.4200E-011 0.4607E-009 0.6546E-034 0.1458E-033 0.1457E-005 0.4544E-040 0.1346E-017 0.3425E-037 0.1413E-008 0.2298E-037 0.3024E-019 0.3810E-051 0.6885E-021 0.5511E-020 0.1185E-012 0.2563E-041 0.7178E-022 0.8078E-025 0.0000E+000 0.0000E+000
0.1506E+002 0.1000E+001 0.0000E+000 0.0000E+000 0.2250E+001 0.0000E+000 -.1027E-038 0.2550E-004 0.4628E-037 -.1480E-043 0.4200E-011 0.4607E-009 0.4883E-034 0.9121E-034 0.1457E-005 0.2529E-040 0.1346E-017 0.2057E-037 0.1413E-008 0.1369E-037 0.3027E-019 0.1830E-051 0.6889E-021 0.5521E-020 0.1185E-012 0.1535E-041 0.7231E-022 0.8202E-025 0.0000E+000 0.0000E+000
0.1505E+002 0.1000E+001 0.0000E+000 0.0000E+000 0.2250E+001 0.0000E+000 0.5991E-040 0.2550E-004 0.2774E-037 -.2476E-044 0.4200E-011 0.4607E-009 0.3643E-034 0.5707E-034 0.1457E-005 0.1409E-040 0.1345E-017 0.1236E-037 0.1413E-008 0.8161E-038 0.3029E-019 0.8792E-052 0.6893E-021 0.5531E-020 0.1185E-012 0.9199E-042 0.7285E-022 0.8326E-025 0.0000E+000 0.0000E+000
0.1504E+002 0.1000E+001 0.0000E+000 0.0000E+000 0.2250E+001 0.0000E+000 0.1123E-039 0.2550E-004 0.1665E-037 0.6412E-044 0.4200E-011 0.4607E-009 0.2718E-034 0.3572E-034 0.1457E-005 0.7854E-041 0.1345E-017 0.7436E-038 0.1413E-008 0.4865E-038 0.3032E-019 0.4225E-052 0.6897E-021 0.5541E-020 0.1185E-012 0.5514E-042 0.7338E-022 0.8451E-025 0.0000E+000 0.0000E+000
0.1503E+002 0.1000E+001 0.0000E+000 0.0000E+000 0.2250E+001 0.0000E+000 0.1332E-039 0.2550E-004 0.1001E-037 0.2251E-044 0.4200E-011 0.4607E-009 0.2028E-034 0.2236E-034 0.1457E-005 0.4381E-041 0.1345E-017 0.4474E-038 0.1413E-008 0.2901E-038 0.3034E-019 0.2031E-052 0.6901E-021 0.5551E-020 0.1185E-012 0.3307E-042 0.7392E-022 0.8577E-025 0.0000E+000 0.0000E+000
0.1502E+002 0.1000E+001 0.0000E+000 0.0000E+000 0.2250E+001 0.0000E+000 -.7266E-040 0.2550E-004 0.6029E-038 0.3174E-044 0.4200E-011 0.4607E-009 0.1514E-034 0.1400E-034 0.1457E-005 0.2446E-041 0.1345E-017 0.2694E-038 0.1413E-008 0.1730E-038 0.3037E-019 0.9765E-053 0.6905E-021 0.5560E-020 0.1185E-012 0.1984E-042 0.7445E-022 0.8704E-025 0.0000E+000 0.0000E+000
0.1501E+002 0.1000E+001 0.0000E+000 0.0000E+000 0.2250E+001 0.0000E+000 0.9272E-039 0.2550E-004 0.3634E-038 0.2031E-043 0.4200E-011 0.4607E-009 0.1130E-034 0.8764E-035 0.1457E-005 0.1367E-041 0.1345E-017 0.1623E-038 0.1413E-008 0.1032E-038 0.3039E-019 0.4696E-053 0.6909E-021 0.5570E-020 0.1185E-012 0.1191E-042 0.7499E-022 0.8832E-025 0.0000E+000 0.0000E+000
0.1500E+002 0.1000E+001 0.0000E+000 0.0000E+000 0.2250E+001 0.0000E+000 0.1324E-038 0.2550E-004 0.1732E-045 0.1151E-038 0.4200E-011 0.4607E-009 -.1791E-039 0.8644E-042 0.1457E-005 0.9151E-050 0.1343E-017 0.6940E-046 0.1413E-008 0.2910E-046 0.3284E-019 0.5905E-060 0.6929E-021 0.6065E-020 0.1185E-012 0.4512E-050 0.1307E-021 0.2635E-024 0.0000E+000 0.0000E+000
0.1400E+002 0.1000E+001 0.0000E+000 0.0000E+000 0.2250E+001 0.0000E+000 -.1228E-038 0.2550E-004 0.4143E-053 -.8741E-039 0.4200E-011 0.4607E-009 0.9550E-041 0.1036E-048 0.1457E-005 -.2397E-056 0.1340E-017 0.1350E-053 0.1413E-008 -.2170E-053 0.3519E-019 -.1196E-066 0.8314E-021 0.6094E-020 0.1185E-012 -.3210E-058 0.1885E-021 0.5262E-024 0.0000E+000 0.0000E+000
0.1300E+002 0.1000E+001 0.0000E+000 0.0000E+000 0.2250E+001 0.0000E+000 -.1041E-038 0.2550E-004 0.1511E-058 -.6142E-039 0.4200E-011 0.4607E-009 -.7750E-041 0.1603E-054 0.1457E-005 0.5733E-063 0.1338E-017 0.4064E-059 0.1413E-008 -.1823E-059 0.3745E-019 0.7313E-073 0.8932E-021 0.6067E-020 0.1185E-012 0.1483E-063 0.2478E-021 0.8718E-024 0.0000E+000 0.0000E+000
0.1200E+002 0.1000E+001 0.0000E+000 0.0000E+000 0.2250E+001 0.0000E+000 -.8445E-039 0.2550E-004 0.3887E-064 -.6390E-039 0.4200E-011 0.4607E-009 -.3640E-040 0.4383E-060 0.1457E-005 0.4287E-069 0.1336E-017 0.1231E-064 0.1413E-008 -.4023E-065 0.3961E-019 -.4285E-079 0.9654E-021 0.6025E-020 0.1185E-012 0.4647E-069 0.3080E-021 0.1294E-023 0.0000E+000 0.0000E+000
0.1100E+002 0.1000E+001 0.0000E+000 0.0000E+000 0.2250E+001 0.0000E+000 0.3378E-039 0.2550E-004 0.4959E-070 0.2891E-039 0.4200E-011 0.4607E-009 0.5505E-040 0.6240E-066 0.1457E-005 0.1243E-074 0.1334E-017 0.1409E-070 0.1413E-008 -.8822E-071 0.4166E-019 -.3045E-085 0.1051E-020 0.5976E-020 0.1185E-012 0.4181E-075 0.3687E-021 0.1786E-023 0.0000E+000 0.0000E+000
0.1000E+002 0.1000E+001 0.0000E+000 0.0000E+000 0.2250E+001 0.0000E+000 0.1101E-038 0.2550E-004 -.1787E-075 0.8040E-039 0.4200E-011 0.4607E-009 0.2105E-040 -.1877E-071 0.1457E-005 0.2464E-080 0.1332E-017 -.5474E-076 0.1413E-008 0.1589E-076 0.4361E-019 -.4935E-091 0.1154E-020 0.5920E-020 0.1185E-012 -.2230E-080 0.4291E-021 0.2337E-023 0.0000E+000 0.0000E+000
