0.1800E+002 0.7610E-003 0.8992E+000 0.9991E+000 0.9535E-004 0.9990E-001 0.1111E-012 0.8930E-006 0.2460E-004 0.1110E-015 0.4077E-010 0.4351E-009 0.3032E-019 0.5160E-013 0.1454E-005 0.8801E-012 0.2934E-019 0.3148E-015 0.3133E-008 0.1241E-014 0.2211E-021 0.9067E-016 0.4747E-017 0.4241E-023 0.5207E-012 0.1260E-019 0.1171E-025 0.7877E-030         NaN         NaN
0.1790E+002 0.1000E+001 0.0000E+000 0.0000E+000 0.2250E+001 0.0000E+000 0.3751E-020 0.2549E-004 0.8731E-008 0.2247E-023 0.4077E-010 0.4351E-009 0.1213E-020 0.1832E-013 0.1454E-005 0.1218E-014 0.5896E-017 0.1006E-015 0.3208E-008 0.8803E-016 0.3670E-019 0.3218E-019 0.4290E-018 0.3471E-019 0.5456E-012 0.6872E-020 0.5076E-022 0.1307E-025 0.0000E+000 0.0000E+000
0.1780E+002 0.1000E+001 0.0000E+000 0.0000E+000 0.2250E+001 0.0000E+000 0.1531E-027 0.2550E-004 0.3076E-011 0.5966E-031 0.4077E-010 0.4351E-009 0.4961E-022 0.1359E-015 0.1454E-005 0.1704E-017 0.5988E-017 0.3940E-018 0.3208E-008 0.3121E-018 0.3839E-019 0.1134E-022 0.3951E-019 0.3965E-019 0.5456E-012 0.3154E-022 0.5889E-022 0.2345E-025 0.0000E+000 0.0000E+000
0.1770E+002 0.1000E+001 0.0000E+000 0.0000E+000 0.2250E+001 0.0000E+000 0.2200E-034 0.2550E-004 0.1103E-014 -.8757E-038 0.4077E-010 0.4351E-009 0.2049E-023 0.8682E-018 0.1454E-005 0.2436E-020 0.5988E-017 0.1327E-020 0.3208E-008 0.1029E-020 0.3960E-019 0.4064E-026 0.4137E-020 0.4285E-019 0.5456E-012 0.1080E-024 0.6640E-022 0.3512E-025 0.0000E+000 0.0000E+000
0.1760E+002 0.1000E+001 0.0000E+000 0.0000E+000 0.2250E+001 0.0000E+000 -.1762E-036 0.2550E-004 0.4386E-018 0.1811E-038 0.4077E-010 0.4351E-009 0.8549E-025 0.5503E-020 0.1454E-005 0.3699E-023 0.5987E-017 0.4608E-023 0.3208E-008 0.3495E-023 0.4080E-019 0.1617E-029 0.9041E-021 0.4553E-019 0.5456E-012 0.3724E-027 0.7411E-022 0.4817E-025 0.0000E+000 0.0000E+000
0.1750E+002 0.1000E+001 0.0000E+000 0.0000E+000 0.2250E+001 0.0000E+000 0.9882E-039 0.2550E-004 0.1785E-021 -.1029E-038 0.4077E-010 0.4351E-009 0.3600E-026 0.3515E-022 0.1454E-005 0.5752E-026 0.5985E-017 0.1656E-025 0.3208E-008 0.1210E-025 0.4200E-019 0.6578E-033 0.6088E-021 0.4780E-019 0.5456E-012 0.1318E-029 0.8203E-022 0.6262E-025 0.0000E+000 0.0000E+000
0.1740E+002 0.1000E+001 0.0000E+000 0.0000E+000 0.2250E+001 0.0000E+000 0.2682E-038 0.2550E-004 0.7443E-025 -.5296E-041 0.4077E-010 0.4351E-009 0.1531E-027 0.2274E-024 0.1454E-005 0.9164E-029 0.5984E-017 0.6242E-028 0.3208E-008 0.4278E-028 0.4320E-019 0.2738E-036 0.5840E-021 0.4974E-019 0.5456E-012 0.4839E-032 0.9015E-022 0.7852E-025 0.0000E+000 0.0000E+000
0.1730E+002 0.1000E+001 0.0000E+000 0.0000E+000 0.2250E+001 0.0000E+000 0.2980E-038 0.2550E-004 0.3221E-028 -.8054E-039 0.4077E-010 0.4351E-009 0.6570E-029 0.1493E-026 0.1454E-005 0.1497E-031 0.5983E-017 0.2505E-030 0.3208E-008 0.1544E-030 0.4439E-019 0.1166E-039 0.5843E-021 0.5138E-019 0.5456E-012 0.1866E-034 0.9847E-022 0.9588E-025 0.0000E+000 0.0000E+000
0.1720E+002 0.1000E+001 0.0000E+000 0.0000E+000 0.2250E+001 0.0000E+000 -.8730E-039 0.2550E-004 0.1634E-031 -.7192E-039 0.4077E-010 0.4351E-009 0.2846E-030 0.9947E-029 0.1454E-005 0.2509E-034 0.5982E-017 0.1090E-032 0.3208E-008 0.5680E-033 0.4558E-019 0.5066E-043 0.5870E-021 0.5277E-019 0.5456E-012 0.7669E-037 0.1070E-021 0.1147E-024 0.0000E+000 0.0000E+000
0.1710E+002 0.1000E+001 0.0000E+000 0.0000E+000 0.2250E+001 0.0000E+000 0.4918E-040 0.2550E-004 0.1872E-034 0.7601E-041 0.4077E-010 0.4351E-009 0.1244E-031 0.6681E-031 0.1454E-005 0.4243E-037 0.5981E-017 0.5173E-035 0.3208E-008 0.2109E-035 0.4676E-019 0.2148E-046 0.5900E-021 0.5395E-019 0.5456E-012 0.3389E-039 0.1157E-021 0.1351E-024 0.0000E+000 0.0000E+000
0.1700E+002 0.1000E+001 0.0000E+000 0.0000E+000 0.2250E+001 0.0000E+000 -.2045E-038 0.2550E-004 -.5345E-038 0.1523E-038 0.4077E-010 0.4351E-009 0.4745E-033 0.8026E-034 0.1454E-005 -.8153E-040 0.5979E-017 0.2763E-039 0.3208E-008 -.2189E-038 0.4794E-019 -.3024E-049 0.5930E-021 0.5496E-019 0.5456E-012 -.7880E-043 0.1246E-021 0.1570E-024 0.0000E+000 0.0000E+000
0.1690E+002 0.1000E+001 0.0000E+000 0.0000E+000 0.2250E+001 0.0000E+000 -.7444E-038 0.2550E-004 0.2834E-040 -.3679E-038 0.4077E-010 0.4351E-009 0.1817E-034 0.7986E-037 0.1454E-005 0.1728E-042 0.5978E-017 0.6435E-041 0.3208E-008 0.2719E-041 0.4912E-019 0.4561E-052 0.5960E-021 0.5581E-019 0.5456E-012 0.4254E-045 0.1337E-021 0.1805E-024 0.0000E+000 0.0000E+000
0.1680E+002 0.1000E+001 0.0000E+000 0.0000E+000 0.2250E+001 0.0000E+000 -.5046E-038 0.2550E-004 -.1879E-043 -.1359E-039 0.4077E-010 0.4351E-009 0.7035E-036 0.8384E-040 0.1454E-005 -.3699E-045 0.5977E-017 -.1001E-044 0.3208E-008 -.3318E-044 0.5029E-019 -.7001E-055 0.5991E-021 0.5654E-019 0.5456E-012 -.1875E-048 0.1430E-021 0.2056E-024 0.0000E+000 0.0000E+000
0.1670E+002 0.1000E+001 0.0000E+000 0.0000E+000 0.2250E+001 0.0000E+000 -.3027E-038 0.2550E-004 0.5048E-046 0.4015E-038 0.4077E-010 0.4351E-009 0.2605E-037 0.9266E-043 0.1454E-005 0.7990E-048 0.5976E-017 0.8498E-047 0.3208E-008 0.3973E-047 0.5145E-019 0.1094E-057 0.6022E-021 0.5715E-019 0.5456E-012 0.5770E-051 0.1525E-021 0.2323E-024 0.0000E+000 0.0000E+000
0.1660E+002 0.1000E+001 0.0000E+000 0.0000E+000 0.2250E+001 0.0000E+000 -.3151E-038 0.2550E-004 -.4815E-049 -.1431E-039 0.4077E-010 0.4351E-009 0.5314E-039 0.1077E-045 0.1454E-005 -.1740E-050 0.5975E-017 -.1778E-050 0.3208E-008 -.4662E-050 0.5262E-019 -.1740E-060 0.6053E-021 0.5767E-019 0.5456E-012 -.2804E-054 0.1622E-021 0.2607E-024 0.0000E+000 0.0000E+000
0.1650E+002 0.1000E+001 0.0000E+000 0.0000E+000 0.2250E+001 0.0000E+000 -.2368E-038 0.2550E-004 0.1054E-051 0.3834E-041 0.4077E-010 0.4351E-009 -.1009E-038 0.1315E-048 0.1454E-005 0.3818E-053 0.5974E-017 0.1170E-052 0.3208E-008 0.5351E-053 0.5378E-019 0.2816E-063 0.6085E-021 0.5811E-019 0.5456E-012 0.7883E-057 0.1720E-021 0.2907E-024 0.0000E+000 0.0000E+000
0.1640E+002 0.1000E+001 0.0000E+000 0.0000E+000 0.2250E+001 0.0000E+000 0.2962E-038 0.2550E-004 -.1254E-054 -.7141E-039 0.4077E-010 0.4351E-009 0.1129E-038 0.1659E-051 0.1454E-005 -.8493E-056 0.5972E-017 -.1360E-056 0.3208E-008 -.6096E-056 0.5493E-019 -.4658E-066 0.6117E-021 0.5848E-019 0.5456E-012 -.3186E-060 0.1821E-021 0.3224E-024 0.0000E+000 0.0000E+000
0.1630E+002 0.1000E+001 0.0000E+000 0.0000E+000 0.2250E+001 0.0000E+000 0.1247E-038 0.2550E-004 0.2578E-057 -.5802E-040 0.4077E-010 0.4351E-009 0.6998E-040 0.2115E-054 0.1454E-005 0.1929E-058 0.5971E-017 0.1684E-058 0.3208E-008 0.7023E-059 0.5608E-019 0.7906E-069 0.6149E-021 0.5880E-019 0.5456E-012 0.1104E-062 0.1923E-021 0.3558E-024 0.0000E+000 0.0000E+000
0.1620E+002 0.1000E+001 0.0000E+000 0.0000E+000 0.2250E+001 0.0000E+000 -.1004E-037 0.2550E-004 -.3684E-060 -.1689E-038 0.4077E-010 0.4351E-009 -.9630E-039 0.2738E-057 0.1454E-005 -.4474E-061 0.5970E-017 0.1564E-063 0.3208E-008 -.8171E-062 0.5723E-019 -.1377E-071 0.6182E-021 0.5906E-019 0.5456E-012 -.3291E-066 0.2027E-021 0.3909E-024 0.0000E+000 0.0000E+000
0.1610E+002 0.1000E+001 0.0000E+000 0.0000E+000 0.2250E+001 0.0000E+000 -.5401E-038 0.2550E-004 0.7376E-063 -.3457E-038 0.4077E-010 0.4351E-009 0.3112E-039 0.3584E-060 0.1454E-005 0.1059E-063 0.5969E-017 0.2563E-064 0.3208E-008 0.9584E-065 0.5837E-019 0.2461E-074 0.6215E-021 0.5928E-019 0.5456E-012 0.1632E-068 0.2133E-021 0.4278E-024 0.0000E+000 0.0000E+000
0.1600E+002 0.1000E+001 0.0000E+000 0.0000E+000 0.2250E+001 0.0000E+000 0.2707E-038 0.2550E-004 -.1212E-065 0.6611E-039 0.4077E-010 0.4351E-009 -.5010E-039 0.4793E-063 0.1454E-005 -.2554E-066 0.5968E-017 0.4086E-068 0.3208E-008 -.1131E-067 0.5951E-019 -.4511E-077 0.6249E-021 0.5947E-019 0.5456E-012 -.2632E-072 0.2240E-021 0.4664E-024 0.0000E+000 0.0000E+000
0.1590E+002 0.1000E+001 0.0000E+000 0.0000E+000 0.2250E+001 0.0000E+000 0.1702E-038 0.2550E-004 0.2426E-068 -.1561E-038 0.4077E-010 0.4351E-009 -.4788E-039 0.6447E-066 0.1454E-005 0.6282E-069 0.5967E-017 0.4124E-070 0.3208E-008 0.1338E-070 0.6065E-019 0.8479E-080 0.6283E-021 0.5962E-019 0.5456E-012 0.2533E-074 0.2349E-021 0.5069E-024 0.0000E+000 0.0000E+000
0.1580E+002 0.1000E+001 0.0000E+000 0.0000E+000 0.2250E+001 0.0000E+000 -.2986E-038 0.2550E-004 -.4414E-071 0.3200E-039 0.4077E-010 0.4351E-009 0.4154E-039 0.9008E-069 0.1454E-005 -.1574E-071 0.5966E-017 0.1468E-073 0.3208E-008 -.1580E-073 0.6178E-019 -.1634E-082 0.6317E-021 0.5975E-019 0.5456E-012 0.8576E-079 0.2460E-021 0.5491E-024 0.0000E+000 0.0000E+000
0.1570E+002 0.1000E+001 0.0000E+000 0.0000E+000 0.2250E+001 0.0000E+000 -.1356E-038 0.2550E-004 0.9015E-074 0.2883E-039 0.4077E-010 0.4351E-009 0.2878E-039 0.1237E-071 0.1454E-005 0.4017E-074 0.5964E-017 0.6981E-076 0.3208E-008 0.1843E-076 0.6290E-019 0.3228E-085 0.6352E-021 0.5986E-019 0.5456E-012 0.4071E-080 0.2572E-021 0.5931E-024 0.0000E+000 0.0000E+000
0.1560E+002 0.1000E+001 0.0000E+000 0.0000E+000 0.2250E+001 0.0000E+000 0.3641E-038 0.2550E-004 -.1773E-076 0.1935E-038 0.4077E-010 0.4351E-009 0.1257E-040 0.1851E-074 0.1454E-005 -.1044E-076 0.5963E-017 0.4569E-079 0.3208E-008 -.2076E-079 0.6403E-019 -.6535E-088 0.6387E-021 0.5994E-019 0.5456E-012 0.1505E-083 0.2686E-021 0.6390E-024 0.0000E+000 0.0000E+000
0.1550E+002 0.1000E+001 0.0000E+000 0.0000E+000 0.2250E+001 0.0000E+000 -.4232E-038 0.2550E-004 0.3741E-079 0.2807E-039 0.4077E-010 0.4351E-009 0.5221E-039 0.2510E-077 0.1454E-005 0.2758E-079 0.5962E-017 0.1196E-081 0.3208E-008 0.2121E-082 0.6515E-019 0.1356E-090 0.6422E-021 0.6001E-019 0.5456E-012 0.6269E-086 0.2802E-021 0.6867E-024 0.0000E+000 0.0000E+000
0.1540E+002 0.1000E+001 0.0000E+000 0.0000E+000 0.2250E+001 0.0000E+000 0.1439E-038 0.2550E-004 -.7835E-082 0.3569E-039 0.4077E-010 0.4351E-009 -.1895E-041 0.4313E-080 0.1454E-005 -.7414E-082 0.5961E-017 0.1531E-084 0.3208E-008 -.1523E-085 0.6626E-019 -.2881E-093 0.6458E-021 0.6007E-019 0.5456E-012 0.7773E-089 0.2919E-021 0.7363E-024 0.0000E+000 0.0000E+000
0.1530E+002 0.1000E+001 0.0000E+000 0.0000E+000 0.2250E+001 0.0000E+000 -.3866E-038 0.2550E-004 0.1720E-084 0.2869E-039 0.4077E-010 0.4351E-009 -.1305E-039 0.5106E-083 0.1454E-005 0.2026E-084 0.5960E-017 0.1624E-087 0.3208E-008 -.1018E-088 0.6737E-019 0.6271E-096 0.6494E-021 0.6011E-019 0.5456E-012 0.4740E-092 0.3038E-021 0.7877E-024 0.0000E+000 0.0000E+000
0.1520E+002 0.1000E+001 0.0000E+000 0.0000E+000 0.2250E+001 0.0000E+000 -.4624E-038 0.2550E-004 -.3804E-087 0.2012E-039 0.4077E-010 0.4351E-009 0.9627E-041 0.1226E-085 0.1454E-005 -.5625E-087 0.5959E-017 0.6398E-090 0.3208E-008 0.9231E-091 0.6848E-019 -.1398E-098 0.6531E-021 0.6014E-019 0.5456E-012 0.4210E-094 0.3159E-021 0.8410E-024 0.0000E+000 0.0000E+000
0.1510E+002 0.1000E+001 0.0000E+000 0.0000E+000 0.2250E+001 0.0000E+000 0.8745E-038 0.2550E-004 0.8715E-090 0.3692E-039 0.4077E-010 0.4351E-009 -.7393E-040 0.7791E-089 0.1454E-005 0.1586E-089 0.5958E-017 -.2814E-093 0.3208E-008 -.3391E-093 0.6958E-019 0.3190E-101 0.6568E-021 0.6017E-019 0.5456E-012 -.4818E-097 0.3281E-021 0.8963E-024 0.0000E+000 0.0000E+000
0.1500E+002 0.1000E+001 0.0000E+000 0.0000E+000 0.2250E+001 0.0000E+000 -.7957E-038 0.2550E-004 -.2027E-092 -.7453E-039 0.4077E-010 0.4351E-009 -.3435E-041 0.4754E-091 0.1454E-005 -.4538E-092 0.5957E-017 0.3598E-095 0.3208E-008 0.1067E-095 0.7068E-019 -.7453E-104 0.6606E-021 0.6018E-019 0.5456E-012 0.2764E-099 0.3404E-021 0.9534E-024 0.0000E+000 0.0000E+000
0.1490E+002 0.1000E+001 0.0000E+000 0.0000E+000 0.2250E+001 0.0000E+000 -.3839E-038 0.2550E-004 0.4853E-095 0.2385E-039 0.4077E-010 0.4351E-009 -.3292E-040 -.2030E-094 0.1454E-005 0.1318E-094 0.5955E-017 -.6085E-098 0.3208E-008 -.3217E-098 0.7177E-019 0.1782E-106 0.6644E-021 0.6019E-019 0.5456E-012 -.5954E-102 0.3529E-021 0.1012E-023 0.0000E+000 0.0000E+000
0.1480E+002 0.1000E+001 0.0000E+000 0.0000E+000 0.2250E+001 0.0000E+000 -.2073E-038 0.2550E-004 -.1184E-097 0.1678E-038 0.4077E-010 0.4351E-009 -.1563E-041 0.2653E-096 0.1454E-005 -.3880E-097 0.5954E-017 0.2597E-100 0.3208E-008 0.9619E-101 0.7286E-019 -.4360E-109 0.6682E-021 0.6019E-019 0.5456E-012 0.2145E-104 0.3656E-021 0.1073E-023 0.0000E+000 0.0000E+000
