0.2072E+002 0.1000E+001 0.0000E+000 0.0000E+000 0.2250E+001 0.0000E+000 0.0000E+000 0.0000E+000 0.5920E+002 0.5655E+002 0.5928E+002
0.2071E+002 0.1000E+001 0.0000E+000 0.0000E+000 0.2250E+001 0.0000E+000 0.0000E+000 0.0000E+000 0.5917E+002 0.5920E+002 0.5925E+002
0.2070E+002 0.1000E+001 0.0000E+000 0.0000E+000 0.2250E+001 0.0000E+000 0.0000E+000 0.0000E+000 0.5914E+002 0.5917E+002 0.5922E+002
0.2069E+002 0.1000E+001 0.0000E+000 0.0000E+000 0.2250E+001 0.0000E+000 0.0000E+000 0.0000E+000 0.5912E+002 0.5914E+002 0.5920E+002
0.2068E+002 0.1000E+001 0.0000E+000 0.0000E+000 0.2250E+001 0.0000E+000 0.0000E+000 0.0000E+000 0.5909E+002 0.5912E+002 0.5917E+002
0.2067E+002 0.1000E+001 0.0000E+000 0.0000E+000 0.2250E+001 0.0000E+000 0.0000E+000 0.0000E+000 0.5906E+002 0.5909E+002 0.5914E+002
0.2066E+002 0.1000E+001 0.0000E+000 0.0000E+000 0.2250E+001 0.0000E+000 0.0000E+000 0.0000E+000 0.5903E+002 0.5906E+002 0.5912E+002
0.2065E+002 0.1000E+001 0.0000E+000 0.0000E+000 0.2250E+001 0.0000E+000 0.0000E+000 0.0000E+000 0.5901E+002 0.5903E+002 0.5909E+002
0.2064E+002 0.1000E+001 0.0000E+000 0.0000E+000 0.2250E+001 0.0000E+000 0.0000E+000 0.0000E+000 0.5898E+002 0.5901E+002 0.5906E+002
0.2063E+002 0.1000E+001 0.0000E+000 0.0000E+000 0.2250E+001 0.0000E+000 0.0000E+000 0.0000E+000 0.5895E+002 0.5898E+002 0.5903E+002
0.2062E+002 0.1000E+001 0.0000E+000 0.0000E+000 0.2250E+001 0.0000E+000 0.0000E+000 0.0000E+000 0.5892E+002 0.5895E+002 0.5901E+002
0.2061E+002 0.1000E+001 0.0000E+000 0.0000E+000 0.2250E+001 0.0000E+000 0.0000E+000 0.0000E+000 0.5890E+002 0.5892E+002 0.5898E+002
0.2060E+002 0.1000E+001 0.0000E+000 0.0000E+000 0.2250E+001 0.0000E+000 0.0000E+000 0.0000E+000 0.5887E+002 0.5890E+002 0.5895E+002
0.2059E+002 0.1000E+001 0.0000E+000 0.0000E+000 0.2250E+001 0.0000E+000 0.0000E+000 0.0000E+000 0.5884E+002 0.5887E+002 0.5892E+002
0.2058E+002 0.1000E+001 0.0000E+000 0.0000E+000 0.2250E+001 0.0000E+000 0.0000E+000 0.0000E+000 0.5882E+002 0.5884E+002 0.5890E+002
0.2057E+002 0.1000E+001 0.0000E+000 0.0000E+000 0.2250E+001 0.0000E+000 0.0000E+000 0.0000E+000 0.5879E+002 0.5882E+002 0.5887E+002
0.2056E+002 0.1000E+001 0.0000E+000 0.0000E+000 0.2250E+001 0.0000E+000 0.0000E+000 0.0000E+000 0.5876E+002 0.5879E+002 0.5884E+002
0.2055E+002 0.1000E+001 0.0000E+000 0.0000E+000 0.2250E+001 0.0000E+000 0.0000E+000 0.0000E+000 0.5873E+002 0.5876E+002 0.5882E+002
0.2054E+002 0.1000E+001 0.0000E+000 0.0000E+000 0.2250E+001 0.0000E+000 0.0000E+000 0.0000E+000 0.5871E+002 0.5873E+002 0.5879E+002
0.2053E+002 0.1000E+001 0.0000E+000 0.0000E+000 0.2250E+001 0.0000E+000 0.0000E+000 0.0000E+000 0.5868E+002 0.5871E+002 0.5876E+002
0.2052E+002 0.1000E+001 0.0000E+000 0.0000E+000 0.2250E+001 0.0000E+000 0.0000E+000 0.0000E+000 0.5865E+002 0.5868E+002 0.5873E+002
0.2051E+002 0.1000E+001 0.0000E+000 0.0000E+000 0.2250E+001 0.0000E+000 0.0000E+000 0.0000E+000 0.5862E+002 0.5865E+002 0.5871E+002
0.2050E+002 0.1000E+001 0.0000E+000 0.0000E+000 0.2250E+001 0.0000E+000 0.0000E+000 0.0000E+000 0.5860E+002 0.5862E+002 0.5868E+002
0.2049E+002 0.1000E+001 0.0000E+000 0.0000E+000 0.2250E+001 0.0000E+000 0.0000E+000 0.0000E+000 0.5857E+002 0.5860E+002 0.5865E+002
0.2048E+002 0.1000E+001 0.0000E+000 0.0000E+000 0.2250E+001 0.0000E+000 0.0000E+000 0.0000E+000 0.5854E+002 0.5857E+002 0.5862E+002
0.2047E+002 0.1000E+001 0.0000E+000 0.0000E+000 0.2250E+001 0.0000E+000 0.0000E+000 0.0000E+000 0.5852E+002 0.5854E+002 0.5860E+002
0.2046E+002 0.1000E+001 0.0000E+000 0.0000E+000 0.2250E+001 0.0000E+000 0.0000E+000 0.0000E+000 0.5849E+002 0.5852E+002 0.5857E+002
0.2045E+002 0.1000E+001 0.0000E+000 0.0000E+000 0.2250E+001 0.0000E+000 0.0000E+000 0.0000E+000 0.5846E+002 0.5849E+002 0.5854E+002
0.2044E+002 0.1000E+001 0.0000E+000 0.0000E+000 0.2250E+001 0.0000E+000 0.0000E+000 0.0000E+000 0.5843E+002 0.5846E+002 0.5852E+002
0.2043E+002 0.1000E+001 0.0000E+000 0.0000E+000 0.2250E+001 0.0000E+000 0.0000E+000 0.0000E+000 0.5841E+002 0.5843E+002 0.5849E+002
0.2042E+002 0.1000E+001 0.0000E+000 0.0000E+000 0.2250E+001 0.0000E+000 0.0000E+000 0.0000E+000 0.5838E+002 0.5841E+002 0.5846E+002
0.2041E+002 0.1000E+001 0.0000E+000 0.0000E+000 0.2250E+001 0.0000E+000 0.0000E+000 0.0000E+000 0.5835E+002 0.5838E+002 0.5843E+002
0.2040E+002 0.1000E+001 0.0000E+000 0.0000E+000 0.2250E+001 0.0000E+000 0.0000E+000 0.0000E+000 0.5832E+002 0.5835E+002 0.5841E+002
0.2039E+002 0.1000E+001 0.0000E+000 0.0000E+000 0.2250E+001 0.0000E+000 0.0000E+000 0.0000E+000 0.5830E+002 0.5832E+002 0.5838E+002
0.2038E+002 0.1000E+001 0.0000E+000 0.0000E+000 0.2250E+001 0.0000E+000 0.0000E+000 0.0000E+000 0.5827E+002 0.5830E+002 0.5835E+002
0.2037E+002 0.1000E+001 0.0000E+000 0.0000E+000 0.2250E+001 0.0000E+000 0.0000E+000 0.0000E+000 0.5824E+002 0.5827E+002 0.5832E+002
0.2036E+002 0.1000E+001 0.0000E+000 0.0000E+000 0.2250E+001 0.0000E+000 0.0000E+000 0.0000E+000 0.5822E+002 0.5824E+002 0.5830E+002
0.2035E+002 0.1000E+001 0.0000E+000 0.0000E+000 0.2250E+001 0.0000E+000 0.0000E+000 0.0000E+000 0.5819E+002 0.5822E+002 0.5827E+002
0.2034E+002 0.1000E+001 0.0000E+000 0.0000E+000 0.2250E+001 0.0000E+000 0.0000E+000 0.0000E+000 0.5816E+002 0.5819E+002 0.5824E+002
0.2033E+002 0.1000E+001 0.0000E+000 0.0000E+000 0.2250E+001 0.0000E+000 0.0000E+000 0.0000E+000 0.5813E+002 0.5816E+002 0.5822E+002
0.2032E+002 0.1000E+001 0.0000E+000 0.0000E+000 0.2250E+001 0.0000E+000 0.0000E+000 0.0000E+000 0.5811E+002 0.5813E+002 0.5819E+002
0.2031E+002 0.1000E+001 0.0000E+000 0.0000E+000 0.2250E+001 0.0000E+000 0.0000E+000 0.0000E+000 0.5808E+002 0.5811E+002 0.5816E+002
0.2030E+002 0.1000E+001 0.0000E+000 0.0000E+000 0.2250E+001 0.0000E+000 0.0000E+000 0.0000E+000 0.5805E+002 0.5808E+002 0.5813E+002
0.2029E+002 0.1000E+001 0.0000E+000 0.0000E+000 0.2250E+001 0.0000E+000 0.0000E+000 0.0000E+000 0.5802E+002 0.5805E+002 0.5811E+002
0.2028E+002 0.1000E+001 0.0000E+000 0.0000E+000 0.2250E+001 0.0000E+000 0.0000E+000 0.0000E+000 0.5800E+002 0.5802E+002 0.5808E+002
0.2027E+002 0.1000E+001 0.0000E+000 0.0000E+000 0.2250E+001 0.0000E+000 0.0000E+000 0.0000E+000 0.5797E+002 0.5800E+002 0.5805E+002
0.2026E+002 0.1000E+001 0.0000E+000 0.0000E+000 0.2250E+001 0.0000E+000 0.0000E+000 0.0000E+000 0.5794E+002 0.5797E+002 0.5802E+002
0.2025E+002 0.1000E+001 0.0000E+000 0.0000E+000 0.2250E+001 0.0000E+000 0.0000E+000 0.0000E+000 0.5792E+002 0.5794E+002 0.5800E+002
0.2024E+002 0.1000E+001 0.0000E+000 0.0000E+000 0.2250E+001 0.0000E+000 0.0000E+000 0.0000E+000 0.5789E+002 0.5792E+002 0.5797E+002
0.2023E+002 0.1000E+001 0.0000E+000 0.0000E+000 0.2250E+001 0.0000E+000 0.0000E+000 0.0000E+000 0.5786E+002 0.5789E+002 0.5794E+002
0.2022E+002 0.1000E+001 0.0000E+000 0.0000E+000 0.2250E+001 0.0000E+000 0.0000E+000 0.0000E+000 0.5783E+002 0.5786E+002 0.5792E+002
0.2021E+002 0.1000E+001 0.0000E+000 0.0000E+000 0.2250E+001 0.0000E+000 0.0000E+000 0.0000E+000 0.5781E+002 0.5783E+002 0.5789E+002
0.2020E+002 0.1000E+001 0.0000E+000 0.0000E+000 0.2250E+001 0.0000E+000 0.0000E+000 0.0000E+000 0.5778E+002 0.5781E+002 0.5786E+002
0.2019E+002 0.1000E+001 0.0000E+000 0.0000E+000 0.2250E+001 0.0000E+000 0.0000E+000 0.0000E+000 0.5775E+002 0.5778E+002 0.5783E+002
0.2018E+002 0.1000E+001 0.0000E+000 0.0000E+000 0.2250E+001 0.0000E+000 0.0000E+000 0.0000E+000 0.5772E+002 0.5775E+002 0.5781E+002
0.2017E+002 0.1000E+001 0.0000E+000 0.0000E+000 0.2250E+001 0.0000E+000 0.0000E+000 0.0000E+000 0.5770E+002 0.5772E+002 0.5778E+002
0.2016E+002 0.1000E+001 0.0000E+000 0.0000E+000 0.2250E+001 0.0000E+000 0.0000E+000 0.0000E+000 0.5767E+002 0.5770E+002 0.5775E+002
0.2015E+002 0.1000E+001 0.0000E+000 0.0000E+000 0.2250E+001 0.0000E+000 0.0000E+000 0.0000E+000 0.5764E+002 0.5767E+002 0.5772E+002
0.2014E+002 0.1000E+001 0.0000E+000 0.0000E+000 0.2250E+001 0.0000E+000 0.0000E+000 0.0000E+000 0.5762E+002 0.5764E+002 0.5770E+002
0.2013E+002 0.1000E+001 0.0000E+000 0.0000E+000 0.2250E+001 0.0000E+000 0.0000E+000 0.0000E+000 0.5759E+002 0.5762E+002 0.5767E+002
0.2012E+002 0.1000E+001 0.0000E+000 0.0000E+000 0.2250E+001 0.0000E+000 0.0000E+000 0.0000E+000 0.5756E+002 0.5759E+002 0.5764E+002
0.2011E+002 0.1000E+001 0.0000E+000 0.0000E+000 0.2250E+001 0.0000E+000 0.0000E+000 0.0000E+000 0.5753E+002 0.5756E+002 0.5762E+002
0.2010E+002 0.1000E+001 0.0000E+000 0.0000E+000 0.2250E+001 0.0000E+000 0.0000E+000 0.0000E+000 0.5751E+002 0.5753E+002 0.5759E+002
0.2009E+002 0.1000E+001 0.0000E+000 0.0000E+000 0.2250E+001 0.0000E+000 0.0000E+000 0.0000E+000 0.5748E+002 0.5751E+002 0.5756E+002
0.2008E+002 0.1000E+001 0.0000E+000 0.0000E+000 0.2250E+001 0.0000E+000 0.0000E+000 0.0000E+000 0.5745E+002 0.5748E+002 0.5753E+002
0.2007E+002 0.1000E+001 0.0000E+000 0.0000E+000 0.2250E+001 0.0000E+000 0.0000E+000 0.0000E+000 0.5742E+002 0.5745E+002 0.5751E+002
0.2006E+002 0.1000E+001 0.0000E+000 0.0000E+000 0.2250E+001 0.0000E+000 0.0000E+000 0.0000E+000 0.5740E+002 0.5742E+002 0.5748E+002
0.2005E+002 0.1000E+001 0.0000E+000 0.0000E+000 0.2250E+001 0.0000E+000 0.0000E+000 0.0000E+000 0.5737E+002 0.5740E+002 0.5745E+002
0.2004E+002 0.1000E+001 0.0000E+000 0.0000E+000 0.2250E+001 0.0000E+000 0.0000E+000 0.0000E+000 0.5734E+002 0.5737E+002 0.5742E+002
0.2003E+002 0.1000E+001 0.0000E+000 0.0000E+000 0.2250E+001 0.0000E+000 0.0000E+000 0.0000E+000 0.5732E+002 0.5734E+002 0.5740E+002
0.2002E+002 0.1000E+001 0.0000E+000 0.0000E+000 0.2250E+001 0.0000E+000 0.0000E+000 0.0000E+000 0.5729E+002 0.5732E+002 0.5737E+002
0.2001E+002 0.1000E+001 0.0000E+000 0.0000E+000 0.2250E+001 0.0000E+000 0.0000E+000 0.0000E+000 0.5726E+002 0.5729E+002 0.5734E+002
0.2000E+002 0.1000E+001 0.0000E+000 0.0000E+000 0.2250E+001 0.0000E+000 0.0000E+000 0.0000E+000 0.5723E+002 0.5726E+002 0.5732E+002
0.1999E+002 0.1000E+001 0.0000E+000 0.0000E+000 0.2250E+001 0.0000E+000 0.0000E+000 0.0000E+000 0.5721E+002 0.5723E+002 0.5729E+002
0.1998E+002 0.1000E+001 0.0000E+000 0.0000E+000 0.2250E+001 0.0000E+000 0.0000E+000 0.0000E+000 0.5718E+002 0.5721E+002 0.5726E+002
0.1997E+002 0.1000E+001 0.0000E+000 0.0000E+000 0.2250E+001 0.0000E+000 0.0000E+000 0.0000E+000 0.5715E+002 0.5718E+002 0.5723E+002
0.1996E+002 0.1000E+001 0.0000E+000 0.0000E+000 0.2250E+001 0.0000E+000 0.0000E+000 0.0000E+000 0.5712E+002 0.5715E+002 0.5721E+002
0.1995E+002 0.1000E+001 0.0000E+000 0.0000E+000 0.2250E+001 0.0000E+000 0.0000E+000 0.0000E+000 0.5710E+002 0.5712E+002 0.5718E+002
0.1994E+002 0.1000E+001 0.0000E+000 0.0000E+000 0.2250E+001 0.0000E+000 0.0000E+000 0.0000E+000 0.5707E+002 0.5710E+002 0.5715E+002
0.1993E+002 0.1000E+001 0.0000E+000 0.0000E+000 0.2250E+001 0.0000E+000 0.0000E+000 0.0000E+000 0.5704E+002 0.5707E+002 0.5712E+002
0.1992E+002 0.1000E+001 0.0000E+000 0.0000E+000 0.2250E+001 0.0000E+000 0.0000E+000 0.0000E+000 0.5702E+002 0.5704E+002 0.5710E+002
0.1991E+002 0.1000E+001 0.0000E+000 0.0000E+000 0.2250E+001 0.0000E+000 0.0000E+000 0.0000E+000 0.5699E+002 0.5702E+002 0.5707E+002
0.1990E+002 0.1000E+001 0.0000E+000 0.0000E+000 0.2250E+001 0.0000E+000 0.0000E+000 0.0000E+000 0.5696E+002 0.5699E+002 0.5704E+002
0.1989E+002 0.1000E+001 0.0000E+000 0.0000E+000 0.2250E+001 0.0000E+000 0.0000E+000 0.0000E+000 0.5693E+002 0.5696E+002 0.5702E+002
0.1988E+002 0.1000E+001 0.0000E+000 0.0000E+000 0.2250E+001 0.0000E+000 0.0000E+000 0.0000E+000 0.5691E+002 0.5693E+002 0.5699E+002
0.1987E+002 0.1000E+001 0.0000E+000 0.0000E+000 0.2250E+001 0.0000E+000 0.0000E+000 0.0000E+000 0.5688E+002 0.5691E+002 0.5696E+002
0.1986E+002 0.1000E+001 0.0000E+000 0.0000E+000 0.2250E+001 0.0000E+000 0.0000E+000 0.0000E+000 0.5685E+002 0.5688E+002 0.5693E+002
0.1985E+002 0.1000E+001 0.0000E+000 0.0000E+000 0.2250E+001 0.0000E+000 0.0000E+000 0.0000E+000 0.5682E+002 0.5685E+002 0.5691E+002
0.1984E+002 0.1000E+001 0.0000E+000 0.0000E+000 0.2250E+001 0.0000E+000 0.0000E+000 0.0000E+000 0.5680E+002 0.5682E+002 0.5688E+002
0.1983E+002 0.1000E+001 0.0000E+000 0.0000E+000 0.2250E+001 0.0000E+000 0.0000E+000 0.0000E+000 0.5677E+002 0.5680E+002 0.5685E+002
0.1982E+002 0.1000E+001 0.0000E+000 0.0000E+000 0.2250E+001 0.0000E+000 0.0000E+000 0.0000E+000 0.5674E+002 0.5677E+002 0.5682E+002
0.1981E+002 0.1000E+001 0.0000E+000 0.0000E+000 0.2250E+001 0.0000E+000 0.0000E+000 0.0000E+000 0.5672E+002 0.5674E+002 0.5680E+002
0.1980E+002 0.1000E+001 0.0000E+000 0.0000E+000 0.2250E+001 0.0000E+000 0.0000E+000 0.0000E+000 0.5669E+002 0.5672E+002 0.5677E+002
0.1979E+002 0.1000E+001 0.0000E+000 0.0000E+000 0.2250E+001 0.0000E+000 0.0000E+000 0.0000E+000 0.5666E+002 0.5669E+002 0.5674E+002
0.1978E+002 0.1000E+001 0.0000E+000 0.0000E+000 0.2250E+001 0.0000E+000 0.0000E+000 0.0000E+000 0.5663E+002 0.5666E+002 0.5672E+002
0.1977E+002 0.1000E+001 0.0000E+000 0.0000E+000 0.2250E+001 0.0000E+000 0.0000E+000 0.0000E+000 0.5661E+002 0.5663E+002 0.5669E+002
0.1976E+002 0.1000E+001 0.0000E+000 0.0000E+000 0.2250E+001 0.0000E+000 0.0000E+000 0.0000E+000 0.5658E+002 0.5661E+002 0.5666E+002
0.1975E+002 0.1000E+001 0.0000E+000 0.0000E+000 0.2250E+001 0.0000E+000 0.0000E+000 0.0000E+000 0.5655E+002 0.5658E+002 0.5663E+002
0.1974E+002 0.1000E+001 0.0000E+000 0.0000E+000 0.2250E+001 0.0000E+000 0.0000E+000 0.0000E+000 0.5652E+002 0.5655E+002 0.5661E+002
0.1973E+002 0.1000E+001 0.0000E+000 0.0000E+000 0.2250E+001 0.0000E+000 0.0000E+000 0.0000E+000 0.5650E+002 0.5652E+002 0.5658E+002
0.1972E+002 0.1000E+001 0.0000E+000 0.0000E+000 0.2250E+001 0.0000E+000 0.0000E+000 0.0000E+000 0.5647E+002 0.5650E+002 0.5655E+002
0.1971E+002 0.1000E+001 0.0000E+000 0.0000E+000 0.2250E+001 0.0000E+000 0.0000E+000 0.0000E+000 0.5644E+002 0.5647E+002 0.5652E+002
0.1970E+002 0.1000E+001 0.0000E+000 0.0000E+000 0.2250E+001 0.0000E+000 0.0000E+000 0.0000E+000 0.5642E+002 0.5644E+002 0.5650E+002
0.1969E+002 0.1000E+001 0.0000E+000 0.0000E+000 0.2250E+001 0.0000E+000 0.0000E+000 0.0000E+000 0.5639E+002 0.5642E+002 0.5647E+002
0.1968E+002 0.1000E+001 0.0000E+000 0.0000E+000 0.2250E+001 0.0000E+000 0.0000E+000 0.0000E+000 0.5636E+002 0.5639E+002 0.5644E+002
0.1967E+002 0.1000E+001 0.0000E+000 0.0000E+000 0.2250E+001 0.0000E+000 0.0000E+000 0.0000E+000 0.5633E+002 0.5636E+002 0.5642E+002
0.1966E+002 0.1000E+001 0.0000E+000 0.0000E+000 0.2250E+001 0.0000E+000 0.0000E+000 0.0000E+000 0.5631E+002 0.5633E+002 0.5639E+002
0.1965E+002 0.1000E+001 0.0000E+000 0.0000E+000 0.2250E+001 0.0000E+000 0.0000E+000 0.0000E+000 0.5628E+002 0.5631E+002 0.5636E+002
0.1964E+002 0.1000E+001 0.0000E+000 0.0000E+000 0.2250E+001 0.0000E+000 0.0000E+000 0.0000E+000 0.5625E+002 0.5628E+002 0.5633E+002
0.1963E+002 0.1000E+001 0.0000E+000 0.0000E+000 0.2250E+001 0.0000E+000 0.0000E+000 0.0000E+000 0.5622E+002 0.5625E+002 0.5631E+002
0.1962E+002 0.1000E+001 0.0000E+000 0.0000E+000 0.2250E+001 0.0000E+000 0.0000E+000 0.0000E+000 0.5620E+002 0.5622E+002 0.5628E+002
0.1961E+002 0.1000E+001 0.0000E+000 0.0000E+000 0.2250E+001 0.0000E+000 0.0000E+000 0.0000E+000 0.5617E+002 0.5620E+002 0.5625E+002
0.1960E+002 0.1000E+001 0.0000E+000 0.0000E+000 0.2250E+001 0.0000E+000 0.0000E+000 0.0000E+000 0.5614E+002 0.5617E+002 0.5622E+002
0.1959E+002 0.1000E+001 0.0000E+000 0.0000E+000 0.2250E+001 0.0000E+000 0.0000E+000 0.0000E+000 0.5611E+002 0.5614E+002 0.5620E+002
0.1958E+002 0.1000E+001 0.0000E+000 0.0000E+000 0.2250E+001 0.0000E+000 0.0000E+000 0.0000E+000 0.5609E+002 0.5611E+002 0.5617E+002
0.1957E+002 0.1000E+001 0.0000E+000 0.0000E+000 0.2250E+001 0.0000E+000 0.0000E+000 0.0000E+000 0.5606E+002 0.5609E+002 0.5614E+002
0.1956E+002 0.1000E+001 0.0000E+000 0.0000E+000 0.2250E+001 0.0000E+000 0.0000E+000 0.0000E+000 0.5603E+002 0.5606E+002 0.5611E+002
0.1955E+002 0.1000E+001 0.0000E+000 0.0000E+000 0.2250E+001 0.0000E+000 0.0000E+000 0.0000E+000 0.5601E+002 0.5603E+002 0.5609E+002
0.1954E+002 0.1000E+001 0.0000E+000 0.0000E+000 0.2250E+001 0.0000E+000 0.0000E+000 0.0000E+000 0.5598E+002 0.5601E+002 0.5606E+002
0.1953E+002 0.1000E+001 0.0000E+000 0.0000E+000 0.2250E+001 0.0000E+000 0.0000E+000 0.0000E+000 0.5595E+002 0.5598E+002 0.5603E+002
0.1952E+002 0.1000E+001 0.0000E+000 0.0000E+000 0.2250E+001 0.0000E+000 0.0000E+000 0.0000E+000 0.5592E+002 0.5595E+002 0.5601E+002
0.1951E+002 0.1000E+001 0.0000E+000 0.0000E+000 0.2250E+001 0.0000E+000 0.0000E+000 0.0000E+000 0.5590E+002 0.5592E+002 0.5598E+002
0.1950E+002 0.1000E+001 0.0000E+000 0.0000E+000 0.2250E+001 0.0000E+000 0.0000E+000 0.0000E+000 0.5587E+002 0.5590E+002 0.5595E+002
0.1949E+002 0.1000E+001 0.0000E+000 0.0000E+000 0.2250E+001 0.0000E+000 0.0000E+000 0.0000E+000 0.5584E+002 0.5587E+002 0.5592E+002
0.1948E+002 0.1000E+001 0.0000E+000 0.0000E+000 0.2250E+001 0.0000E+000 0.0000E+000 0.0000E+000 0.5581E+002 0.5584E+002 0.5590E+002
0.1947E+002 0.1000E+001 0.0000E+000 0.0000E+000 0.2250E+001 0.0000E+000 0.0000E+000 0.0000E+000 0.5579E+002 0.5581E+002 0.5587E+002
0.1946E+002 0.1000E+001 0.0000E+000 0.0000E+000 0.2250E+001 0.0000E+000 0.0000E+000 0.0000E+000 0.5576E+002 0.5579E+002 0.5584E+002
0.1945E+002 0.1000E+001 0.0000E+000 0.0000E+000 0.2250E+001 0.0000E+000 0.0000E+000 0.0000E+000 0.5573E+002 0.5576E+002 0.5581E+002
0.1944E+002 0.1000E+001 0.0000E+000 0.0000E+000 0.2250E+001 0.0000E+000 0.0000E+000 0.0000E+000 0.5571E+002 0.5573E+002 0.5579E+002
0.1943E+002 0.1000E+001 0.0000E+000 0.0000E+000 0.2250E+001 0.0000E+000 0.0000E+000 0.0000E+000 0.5568E+002 0.5571E+002 0.5576E+002
0.1942E+002 0.1000E+001 0.0000E+000 0.0000E+000 0.2250E+001 0.0000E+000 0.0000E+000 0.0000E+000 0.5565E+002 0.5568E+002 0.5573E+002
0.1941E+002 0.1000E+001 0.0000E+000 0.0000E+000 0.2250E+001 0.0000E+000 0.0000E+000 0.0000E+000 0.5562E+002 0.5565E+002 0.5571E+002
0.1940E+002 0.1000E+001 0.0000E+000 0.0000E+000 0.2250E+001 0.0000E+000 0.0000E+000 0.0000E+000 0.5560E+002 0.5562E+002 0.5568E+002
0.1939E+002 0.1000E+001 0.0000E+000 0.0000E+000 0.2250E+001 0.0000E+000 0.0000E+000 0.0000E+000 0.5557E+002 0.5560E+002 0.5565E+002
0.1938E+002 0.1000E+001 0.0000E+000 0.0000E+000 0.2250E+001 0.0000E+000 0.0000E+000 0.0000E+000 0.5554E+002 0.5557E+002 0.5562E+002
0.1937E+002 0.1000E+001 0.0000E+000 0.0000E+000 0.2250E+001 0.0000E+000 0.0000E+000 0.0000E+000 0.5551E+002 0.5554E+002 0.5560E+002
0.1936E+002 0.1000E+001 0.0000E+000 0.0000E+000 0.2250E+001 0.0000E+000 0.0000E+000 0.0000E+000 0.5549E+002 0.5551E+002 0.5557E+002
0.1935E+002 0.1000E+001 0.0000E+000 0.0000E+000 0.2250E+001 0.0000E+000 0.0000E+000 0.0000E+000 0.5546E+002 0.5549E+002 0.5554E+002
0.1934E+002 0.1000E+001 0.0000E+000 0.0000E+000 0.2250E+001 0.0000E+000 0.0000E+000 0.0000E+000 0.5543E+002 0.5546E+002 0.5551E+002
0.1933E+002 0.1000E+001 0.0000E+000 0.0000E+000 0.2250E+001 0.0000E+000 0.0000E+000 0.0000E+000 0.5541E+002 0.5543E+002 0.5549E+002
0.1932E+002 0.1000E+001 0.0000E+000 0.0000E+000 0.2250E+001 0.0000E+000 0.0000E+000 0.0000E+000 0.5538E+002 0.5541E+002 0.5546E+002
0.1931E+002 0.1000E+001 0.0000E+000 0.0000E+000 0.2250E+001 0.0000E+000 0.0000E+000 0.0000E+000 0.5535E+002 0.5538E+002 0.5543E+002
0.1930E+002 0.1000E+001 0.0000E+000 0.0000E+000 0.2250E+001 0.0000E+000 0.0000E+000 0.0000E+000 0.5532E+002 0.5535E+002 0.5541E+002
0.1929E+002 0.1000E+001 0.0000E+000 0.0000E+000 0.2250E+001 0.0000E+000 0.0000E+000 0.0000E+000 0.5530E+002 0.5532E+002 0.5538E+002
0.1928E+002 0.1000E+001 0.0000E+000 0.0000E+000 0.2250E+001 0.0000E+000 0.0000E+000 0.0000E+000 0.5527E+002 0.5530E+002 0.5535E+002
0.1927E+002 0.1000E+001 0.0000E+000 0.0000E+000 0.2250E+001 0.0000E+000 0.0000E+000 0.0000E+000 0.5524E+002 0.5527E+002 0.5532E+002
0.1926E+002 0.1000E+001 0.0000E+000 0.0000E+000 0.2250E+001 0.0000E+000 0.0000E+000 0.0000E+000 0.5521E+002 0.5524E+002 0.5530E+002
0.1925E+002 0.1000E+001 0.0000E+000 0.0000E+000 0.2250E+001 0.0000E+000 0.0000E+000 0.0000E+000 0.5519E+002 0.5521E+002 0.5527E+002
0.1924E+002 0.1000E+001 0.0000E+000 0.0000E+000 0.2250E+001 0.0000E+000 0.0000E+000 0.0000E+000 0.5516E+002 0.5519E+002 0.5524E+002
0.1923E+002 0.1000E+001 0.0000E+000 0.0000E+000 0.2250E+001 0.0000E+000 0.0000E+000 0.0000E+000 0.5513E+002 0.5516E+002 0.5521E+002
0.1922E+002 0.1000E+001 0.0000E+000 0.0000E+000 0.2250E+001 0.0000E+000 0.0000E+000 0.0000E+000 0.5511E+002 0.5513E+002 0.5519E+002
0.1921E+002 0.1000E+001 0.0000E+000 0.0000E+000 0.2250E+001 0.0000E+000 0.0000E+000 0.0000E+000 0.5508E+002 0.5511E+002 0.5516E+002
0.1920E+002 0.1000E+001 0.0000E+000 0.0000E+000 0.2250E+001 0.0000E+000 0.0000E+000 0.0000E+000 0.5505E+002 0.5508E+002 0.5513E+002
0.1919E+002 0.1000E+001 0.0000E+000 0.0000E+000 0.2250E+001 0.0000E+000 0.0000E+000 0.0000E+000 0.5502E+002 0.5505E+002 0.5511E+002
0.1918E+002 0.1000E+001 0.0000E+000 0.0000E+000 0.2250E+001 0.0000E+000 0.0000E+000 0.0000E+000 0.5500E+002 0.5502E+002 0.5508E+002
0.1917E+002 0.1000E+001 0.0000E+000 0.0000E+000 0.2250E+001 0.0000E+000 0.0000E+000 0.0000E+000 0.5497E+002 0.5500E+002 0.5505E+002
0.1916E+002 0.1000E+001 0.0000E+000 0.0000E+000 0.2250E+001 0.0000E+000 0.0000E+000 0.0000E+000 0.5494E+002 0.5497E+002 0.5502E+002
0.1915E+002 0.1000E+001 0.0000E+000 0.0000E+000 0.2250E+001 0.0000E+000 0.0000E+000 0.0000E+000 0.5491E+002 0.5494E+002 0.5500E+002
0.1914E+002 0.1000E+001 0.0000E+000 0.0000E+000 0.2250E+001 0.0000E+000 0.0000E+000 0.0000E+000 0.5489E+002 0.5491E+002 0.5497E+002
0.1913E+002 0.1000E+001 0.0000E+000 0.0000E+000 0.2250E+001 0.0000E+000 0.0000E+000 0.0000E+000 0.5486E+002 0.5489E+002 0.5494E+002
0.1912E+002 0.1000E+001 0.0000E+000 0.0000E+000 0.2250E+001 0.0000E+000 0.0000E+000 0.0000E+000 0.5483E+002 0.5486E+002 0.5491E+002
0.1911E+002 0.1000E+001 0.0000E+000 0.0000E+000 0.2250E+001 0.0000E+000 0.0000E+000 0.0000E+000 0.5481E+002 0.5483E+002 0.5489E+002
0.1910E+002 0.1000E+001 0.0000E+000 0.0000E+000 0.2250E+001 0.0000E+000 0.0000E+000 0.0000E+000 0.5478E+002 0.5481E+002 0.5486E+002
0.1909E+002 0.1000E+001 0.0000E+000 0.0000E+000 0.2250E+001 0.0000E+000 0.0000E+000 0.0000E+000 0.5475E+002 0.5478E+002 0.5483E+002
0.1908E+002 0.1000E+001 0.0000E+000 0.0000E+000 0.2250E+001 0.0000E+000 0.0000E+000 0.0000E+000 0.5472E+002 0.5475E+002 0.5481E+002
0.1907E+002 0.1000E+001 0.0000E+000 0.0000E+000 0.2250E+001 0.0000E+000 0.0000E+000 0.0000E+000 0.5470E+002 0.5472E+002 0.5478E+002
0.1906E+002 0.1000E+001 0.0000E+000 0.0000E+000 0.2250E+001 0.0000E+000 0.0000E+000 0.0000E+000 0.5467E+002 0.5470E+002 0.5475E+002
0.1905E+002 0.1000E+001 0.0000E+000 0.0000E+000 0.2250E+001 0.0000E+000 0.0000E+000 0.0000E+000 0.5464E+002 0.5467E+002 0.5472E+002
0.1904E+002 0.1000E+001 0.0000E+000 0.0000E+000 0.2250E+001 0.0000E+000 0.0000E+000 0.0000E+000 0.5461E+002 0.5464E+002 0.5470E+002
0.1903E+002 0.1000E+001 0.0000E+000 0.0000E+000 0.2250E+001 0.0000E+000 0.0000E+000 0.0000E+000 0.5459E+002 0.5461E+002 0.5467E+002
0.1902E+002 0.1000E+001 0.0000E+000 0.0000E+000 0.2250E+001 0.0000E+000 0.0000E+000 0.0000E+000 0.5456E+002 0.5459E+002 0.5464E+002
0.1901E+002 0.1000E+001 0.0000E+000 0.0000E+000 0.2250E+001 0.0000E+000 0.0000E+000 0.0000E+000 0.5453E+002 0.5456E+002 0.5461E+002
0.1900E+002 0.1000E+001 0.0000E+000 0.0000E+000 0.2250E+001 0.0000E+000 0.0000E+000 0.0000E+000 0.5451E+002 0.5453E+002 0.5459E+002
0.1899E+002 0.1000E+001 0.0000E+000 0.0000E+000 0.2250E+001 0.0000E+000 0.0000E+000 0.0000E+000 0.5448E+002 0.5451E+002 0.5456E+002
0.1898E+002 0.1000E+001 0.0000E+000 0.0000E+000 0.2250E+001 0.0000E+000 0.0000E+000 0.0000E+000 0.5445E+002 0.5448E+002 0.5453E+002
0.1897E+002 0.1000E+001 0.0000E+000 0.0000E+000 0.2250E+001 0.0000E+000 0.0000E+000 0.0000E+000 0.5442E+002 0.5445E+002 0.5451E+002
0.1896E+002 0.1000E+001 0.0000E+000 0.0000E+000 0.2250E+001 0.0000E+000 0.0000E+000 0.0000E+000 0.5440E+002 0.5442E+002 0.5448E+002
0.1895E+002 0.1000E+001 0.0000E+000 0.0000E+000 0.2250E+001 0.0000E+000 0.0000E+000 0.0000E+000 0.5437E+002 0.5440E+002 0.5445E+002
0.1894E+002 0.1000E+001 0.0000E+000 0.0000E+000 0.2250E+001 0.0000E+000 0.0000E+000 0.0000E+000 0.5434E+002 0.5437E+002 0.5442E+002
0.1893E+002 0.1000E+001 0.0000E+000 0.0000E+000 0.2250E+001 0.0000E+000 0.0000E+000 0.0000E+000 0.5431E+002 0.5434E+002 0.5440E+002
0.1892E+002 0.1000E+001 0.0000E+000 0.0000E+000 0.2250E+001 0.0000E+000 0.0000E+000 0.0000E+000 0.5429E+002 0.5431E+002 0.5437E+002
0.1891E+002 0.1000E+001 0.0000E+000 0.0000E+000 0.2250E+001 0.0000E+000 0.0000E+000 0.0000E+000 0.5426E+002 0.5429E+002 0.5434E+002
0.1890E+002 0.1000E+001 0.0000E+000 0.0000E+000 0.2250E+001 0.0000E+000 0.0000E+000 0.0000E+000 0.5423E+002 0.5426E+002 0.5431E+002
0.1889E+002 0.1000E+001 0.0000E+000 0.0000E+000 0.2250E+001 0.0000E+000 0.0000E+000 0.0000E+000 0.5421E+002 0.5423E+002 0.5429E+002
0.1888E+002 0.1000E+001 0.0000E+000 0.0000E+000 0.2250E+001 0.0000E+000 0.0000E+000 0.0000E+000 0.5418E+002 0.5421E+002 0.5426E+002
0.1887E+002 0.1000E+001 0.0000E+000 0.0000E+000 0.2250E+001 0.0000E+000 0.0000E+000 0.0000E+000 0.5415E+002 0.5418E+002 0.5423E+002
0.1886E+002 0.1000E+001 0.0000E+000 0.0000E+000 0.2250E+001 0.0000E+000 0.0000E+000 0.0000E+000 0.5412E+002 0.5415E+002 0.5421E+002
0.1885E+002 0.1000E+001 0.0000E+000 0.0000E+000 0.2250E+001 0.0000E+000 0.0000E+000 0.0000E+000 0.5410E+002 0.5412E+002 0.5418E+002
0.1884E+002 0.1000E+001 0.0000E+000 0.0000E+000 0.2250E+001 0.0000E+000 0.0000E+000 0.0000E+000 0.5407E+002 0.5410E+002 0.5415E+002
0.1883E+002 0.1000E+001 0.0000E+000 0.0000E+000 0.2250E+001 0.0000E+000 0.0000E+000 0.0000E+000 0.5404E+002 0.5407E+002 0.5412E+002
0.1882E+002 0.1000E+001 0.0000E+000 0.0000E+000 0.2250E+001 0.0000E+000 0.0000E+000 0.0000E+000 0.5401E+002 0.5404E+002 0.5410E+002
0.1881E+002 0.1000E+001 0.0000E+000 0.0000E+000 0.2250E+001 0.0000E+000 0.0000E+000 0.0000E+000 0.5399E+002 0.5401E+002 0.5407E+002
0.1880E+002 0.1000E+001 0.0000E+000 0.0000E+000 0.2250E+001 0.0000E+000 0.0000E+000 0.0000E+000 0.5396E+002 0.5399E+002 0.5404E+002
0.1879E+002 0.1000E+001 0.0000E+000 0.0000E+000 0.2250E+001 0.0000E+000 0.0000E+000 0.0000E+000 0.5393E+002 0.5396E+002 0.5401E+002
0.1878E+002 0.1000E+001 0.0000E+000 0.0000E+000 0.2250E+001 0.0000E+000 0.0000E+000 0.0000E+000 0.5391E+002 0.5393E+002 0.5399E+002
0.1877E+002 0.1000E+001 0.0000E+000 0.0000E+000 0.2250E+001 0.0000E+000 0.0000E+000 0.0000E+000 0.5388E+002 0.5391E+002 0.5396E+002
0.1876E+002 0.1000E+001 0.0000E+000 0.0000E+000 0.2250E+001 0.0000E+000 0.0000E+000 0.0000E+000 0.5385E+002 0.5388E+002 0.5393E+002
0.1875E+002 0.1000E+001 0.0000E+000 0.0000E+000 0.2250E+001 0.0000E+000 0.0000E+000 0.0000E+000 0.5382E+002 0.5385E+002 0.5391E+002
0.1874E+002 0.1000E+001 0.0000E+000 0.0000E+000 0.2250E+001 0.0000E+000 0.0000E+000 0.0000E+000 0.5380E+002 0.5382E+002 0.5388E+002
0.1873E+002 0.1000E+001 0.0000E+000 0.0000E+000 0.2250E+001 0.0000E+000 0.0000E+000 0.0000E+000 0.5377E+002 0.5380E+002 0.5385E+002
0.1872E+002 0.1000E+001 0.0000E+000 0.0000E+000 0.2250E+001 0.0000E+000 0.0000E+000 0.0000E+000 0.5374E+002 0.5377E+002 0.5382E+002
0.1871E+002 0.1000E+001 0.0000E+000 0.0000E+000 0.2250E+001 0.0000E+000 0.0000E+000 0.0000E+000 0.5371E+002 0.5374E+002 0.5380E+002
0.1870E+002 0.1000E+001 0.0000E+000 0.0000E+000 0.2250E+001 0.0000E+000 0.0000E+000 0.0000E+000 0.5369E+002 0.5371E+002 0.5377E+002
0.1869E+002 0.1000E+001 0.0000E+000 0.0000E+000 0.2250E+001 0.0000E+000 0.0000E+000 0.0000E+000 0.5366E+002 0.5369E+002 0.5374E+002
0.1868E+002 0.1000E+001 0.0000E+000 0.0000E+000 0.2250E+001 0.0000E+000 0.0000E+000 0.0000E+000 0.5363E+002 0.5366E+002 0.5371E+002
0.1867E+002 0.1000E+001 0.0000E+000 0.0000E+000 0.2250E+001 0.0000E+000 0.0000E+000 0.0000E+000 0.5361E+002 0.5363E+002 0.5369E+002
0.1866E+002 0.1000E+001 0.0000E+000 0.0000E+000 0.2250E+001 0.0000E+000 0.0000E+000 0.0000E+000 0.5358E+002 0.5361E+002 0.5366E+002
0.1865E+002 0.1000E+001 0.0000E+000 0.0000E+000 0.2250E+001 0.0000E+000 0.0000E+000 0.0000E+000 0.5355E+002 0.5358E+002 0.5363E+002
0.1864E+002 0.1000E+001 0.0000E+000 0.0000E+000 0.2250E+001 0.0000E+000 0.0000E+000 0.0000E+000 0.5352E+002 0.5355E+002 0.5361E+002
0.1863E+002 0.1000E+001 0.0000E+000 0.0000E+000 0.2250E+001 0.0000E+000 0.0000E+000 0.0000E+000 0.5350E+002 0.5352E+002 0.5358E+002
0.1862E+002 0.1000E+001 0.0000E+000 0.0000E+000 0.2250E+001 0.0000E+000 0.0000E+000 0.0000E+000 0.5347E+002 0.5350E+002 0.5355E+002
0.1861E+002 0.1000E+001 0.0000E+000 0.0000E+000 0.2250E+001 0.0000E+000 0.0000E+000 0.0000E+000 0.5344E+002 0.5347E+002 0.5352E+002
0.1860E+002 0.1000E+001 0.0000E+000 0.0000E+000 0.2250E+001 0.0000E+000 0.0000E+000 0.0000E+000 0.5341E+002 0.5344E+002 0.5350E+002
0.1859E+002 0.1000E+001 0.0000E+000 0.0000E+000 0.2250E+001 0.0000E+000 0.0000E+000 0.0000E+000 0.5339E+002 0.5341E+002 0.5347E+002
0.1858E+002 0.1000E+001 0.0000E+000 0.0000E+000 0.2250E+001 0.0000E+000 0.0000E+000 0.0000E+000 0.5336E+002 0.5339E+002 0.5344E+002
0.1857E+002 0.1000E+001 0.0000E+000 0.0000E+000 0.2250E+001 0.0000E+000 0.0000E+000 0.0000E+000 0.5333E+002 0.5336E+002 0.5341E+002
0.1856E+002 0.1000E+001 0.0000E+000 0.0000E+000 0.2250E+001 0.0000E+000 0.0000E+000 0.0000E+000 0.5331E+002 0.5333E+002 0.5339E+002
0.1855E+002 0.1000E+001 0.0000E+000 0.0000E+000 0.2250E+001 0.0000E+000 0.0000E+000 0.0000E+000 0.5328E+002 0.5331E+002 0.5336E+002
0.1854E+002 0.1000E+001 0.0000E+000 0.0000E+000 0.2250E+001 0.0000E+000 0.0000E+000 0.0000E+000 0.5325E+002 0.5328E+002 0.5333E+002
0.1853E+002 0.1000E+001 0.0000E+000 0.0000E+000 0.2250E+001 0.0000E+000 0.0000E+000 0.0000E+000 0.5322E+002 0.5325E+002 0.5331E+002
0.1852E+002 0.1000E+001 0.0000E+000 0.0000E+000 0.2250E+001 0.0000E+000 0.0000E+000 0.0000E+000 0.5320E+002 0.5322E+002 0.5328E+002
0.1851E+002 0.1000E+001 0.0000E+000 0.0000E+000 0.2250E+001 0.0000E+000 0.0000E+000 0.0000E+000 0.5317E+002 0.5320E+002 0.5325E+002
0.1850E+002 0.1000E+001 0.0000E+000 0.0000E+000 0.2250E+001 0.0000E+000 0.0000E+000 0.0000E+000 0.5314E+002 0.5317E+002 0.5322E+002
0.1849E+002 0.1000E+001 0.0000E+000 0.0000E+000 0.2250E+001 0.0000E+000 0.0000E+000 0.0000E+000 0.5311E+002 0.5314E+002 0.5320E+002
0.1848E+002 0.1000E+001 0.0000E+000 0.0000E+000 0.2250E+001 0.0000E+000 0.0000E+000 0.0000E+000 0.5309E+002 0.5311E+002 0.5317E+002
0.1847E+002 0.1000E+001 0.0000E+000 0.0000E+000 0.2250E+001 0.0000E+000 0.0000E+000 0.0000E+000 0.5306E+002 0.5309E+002 0.5314E+002
0.1846E+002 0.1000E+001 0.0000E+000 0.0000E+000 0.2250E+001 0.0000E+000 0.0000E+000 0.0000E+000 0.5303E+002 0.5306E+002 0.5311E+002
0.1845E+002 0.1000E+001 0.0000E+000 0.0000E+000 0.2250E+001 0.0000E+000 0.0000E+000 0.0000E+000 0.5301E+002 0.5303E+002 0.5309E+002
0.1844E+002 0.1000E+001 0.0000E+000 0.0000E+000 0.2250E+001 0.0000E+000 0.0000E+000 0.0000E+000 0.5298E+002 0.5301E+002 0.5306E+002
0.1843E+002 0.1000E+001 0.0000E+000 0.0000E+000 0.2250E+001 0.0000E+000 0.0000E+000 0.0000E+000 0.5295E+002 0.5298E+002 0.5303E+002
0.1842E+002 0.1000E+001 0.0000E+000 0.0000E+000 0.2250E+001 0.0000E+000 0.0000E+000 0.0000E+000 0.5292E+002 0.5295E+002 0.5301E+002
0.1841E+002 0.1000E+001 0.0000E+000 0.0000E+000 0.2250E+001 0.0000E+000 0.0000E+000 0.0000E+000 0.5290E+002 0.5292E+002 0.5298E+002
0.1840E+002 0.1000E+001 0.0000E+000 0.0000E+000 0.2250E+001 0.0000E+000 0.0000E+000 0.0000E+000 0.5287E+002 0.5290E+002 0.5295E+002
0.1839E+002 0.1000E+001 0.0000E+000 0.0000E+000 0.2250E+001 0.0000E+000 0.0000E+000 0.0000E+000 0.5284E+002 0.5287E+002 0.5292E+002
0.1838E+002 0.1000E+001 0.0000E+000 0.0000E+000 0.2250E+001 0.0000E+000 0.0000E+000 0.0000E+000 0.5281E+002 0.5284E+002 0.5290E+002
0.1837E+002 0.1000E+001 0.0000E+000 0.0000E+000 0.2250E+001 0.0000E+000 0.0000E+000 0.0000E+000 0.5279E+002 0.5281E+002 0.5287E+002
0.1836E+002 0.1000E+001 0.0000E+000 0.0000E+000 0.2250E+001 0.0000E+000 0.0000E+000 0.0000E+000 0.5276E+002 0.5279E+002 0.5284E+002
0.1835E+002 0.1000E+001 0.0000E+000 0.0000E+000 0.2250E+001 0.0000E+000 0.0000E+000 0.0000E+000 0.5273E+002 0.5276E+002 0.5281E+002
0.1834E+002 0.1000E+001 0.0000E+000 0.0000E+000 0.2250E+001 0.0000E+000 0.0000E+000 0.0000E+000 0.5270E+002 0.5273E+002 0.5279E+002
0.1833E+002 0.1000E+001 0.0000E+000 0.0000E+000 0.2250E+001 0.0000E+000 0.0000E+000 0.0000E+000 0.5268E+002 0.5270E+002 0.5276E+002
0.1832E+002 0.1000E+001 0.0000E+000 0.0000E+000 0.2250E+001 0.0000E+000 0.0000E+000 0.0000E+000 0.5265E+002 0.5268E+002 0.5273E+002
0.1831E+002 0.1000E+001 0.0000E+000 0.0000E+000 0.2250E+001 0.0000E+000 0.0000E+000 0.0000E+000 0.5262E+002 0.5265E+002 0.5270E+002
0.1830E+002 0.1000E+001 0.0000E+000 0.0000E+000 0.2250E+001 0.0000E+000 0.0000E+000 0.0000E+000 0.5260E+002 0.5262E+002 0.5268E+002
0.1829E+002 0.1000E+001 0.0000E+000 0.0000E+000 0.2250E+001 0.0000E+000 0.0000E+000 0.0000E+000 0.5257E+002 0.5260E+002 0.5265E+002
0.1828E+002 0.1000E+001 0.0000E+000 0.0000E+000 0.2250E+001 0.0000E+000 0.0000E+000 0.0000E+000 0.5254E+002 0.5257E+002 0.5262E+002
0.1827E+002 0.1000E+001 0.0000E+000 0.0000E+000 0.2250E+001 0.0000E+000 0.0000E+000 0.0000E+000 0.5251E+002 0.5254E+002 0.5260E+002
0.1826E+002 0.1000E+001 0.0000E+000 0.0000E+000 0.2250E+001 0.0000E+000 0.0000E+000 0.0000E+000 0.5249E+002 0.5251E+002 0.5257E+002
0.1825E+002 0.1000E+001 0.0000E+000 0.0000E+000 0.2250E+001 0.0000E+000 0.0000E+000 0.0000E+000 0.5246E+002 0.5249E+002 0.5254E+002
0.1824E+002 0.1000E+001 0.0000E+000 0.0000E+000 0.2250E+001 0.0000E+000 0.0000E+000 0.0000E+000 0.5243E+002 0.5246E+002 0.5251E+002
0.1823E+002 0.1000E+001 0.0000E+000 0.0000E+000 0.2250E+001 0.0000E+000 0.0000E+000 0.0000E+000 0.5240E+002 0.5243E+002 0.5249E+002
0.1822E+002 0.1000E+001 0.0000E+000 0.0000E+000 0.2250E+001 0.0000E+000 0.0000E+000 0.0000E+000 0.5238E+002 0.5240E+002 0.5246E+002
0.1821E+002 0.1000E+001 0.0000E+000 0.0000E+000 0.2250E+001 0.0000E+000 0.0000E+000 0.0000E+000 0.5235E+002 0.5238E+002 0.5243E+002
0.1820E+002 0.1000E+001 0.0000E+000 0.0000E+000 0.2250E+001 0.0000E+000 0.0000E+000 0.0000E+000 0.5232E+002 0.5235E+002 0.5240E+002
0.1819E+002 0.1000E+001 0.0000E+000 0.0000E+000 0.2250E+001 0.0000E+000 0.0000E+000 0.0000E+000 0.5230E+002 0.5232E+002 0.5238E+002
0.1818E+002 0.1000E+001 0.0000E+000 0.0000E+000 0.2250E+001 0.0000E+000 0.0000E+000 0.0000E+000 0.5227E+002 0.5230E+002 0.5235E+002
0.1817E+002 0.1000E+001 0.0000E+000 0.0000E+000 0.2250E+001 0.0000E+000 0.0000E+000 0.0000E+000 0.5224E+002 0.5227E+002 0.5232E+002
0.1816E+002 0.1000E+001 0.0000E+000 0.0000E+000 0.2250E+001 0.0000E+000 0.0000E+000 0.0000E+000 0.5221E+002 0.5224E+002 0.5230E+002
0.1815E+002 0.1000E+001 0.0000E+000 0.0000E+000 0.2250E+001 0.0000E+000 0.0000E+000 0.0000E+000 0.5219E+002 0.5221E+002 0.5227E+002
0.1814E+002 0.1000E+001 0.0000E+000 0.0000E+000 0.2250E+001 0.0000E+000 0.0000E+000 0.0000E+000 0.5216E+002 0.5219E+002 0.5224E+002
0.1813E+002 0.1000E+001 0.0000E+000 0.0000E+000 0.2250E+001 0.0000E+000 0.0000E+000 0.0000E+000 0.5213E+002 0.5216E+002 0.5221E+002
0.1812E+002 0.1000E+001 0.0000E+000 0.0000E+000 0.2250E+001 0.0000E+000 0.0000E+000 0.0000E+000 0.5210E+002 0.5213E+002 0.5219E+002
0.1811E+002 0.1000E+001 0.0000E+000 0.0000E+000 0.2250E+001 0.0000E+000 0.0000E+000 0.0000E+000 0.5208E+002 0.5210E+002 0.5216E+002
0.1810E+002 0.1000E+001 0.0000E+000 0.0000E+000 0.2250E+001 0.0000E+000 0.0000E+000 0.0000E+000 0.5205E+002 0.5208E+002 0.5213E+002
0.1809E+002 0.1000E+001 0.0000E+000 0.0000E+000 0.2250E+001 0.0000E+000 0.0000E+000 0.0000E+000 0.5202E+002 0.5205E+002 0.5210E+002
0.1808E+002 0.1000E+001 0.0000E+000 0.0000E+000 0.2250E+001 0.0000E+000 0.0000E+000 0.0000E+000 0.5200E+002 0.5202E+002 0.5208E+002
0.1807E+002 0.1000E+001 0.0000E+000 0.0000E+000 0.2250E+001 0.0000E+000 0.0000E+000 0.0000E+000 0.5197E+002 0.5200E+002 0.5205E+002
0.1806E+002 0.1000E+001 0.0000E+000 0.0000E+000 0.2250E+001 0.0000E+000 0.0000E+000 0.0000E+000 0.5194E+002 0.5197E+002 0.5202E+002
0.1805E+002 0.1000E+001 0.0000E+000 0.0000E+000 0.2250E+001 0.0000E+000 0.0000E+000 0.0000E+000 0.5191E+002 0.5194E+002 0.5200E+002
0.1804E+002 0.1000E+001 0.0000E+000 0.0000E+000 0.2250E+001 0.0000E+000 0.0000E+000 0.0000E+000 0.5189E+002 0.5191E+002 0.5197E+002
0.1803E+002 0.1000E+001 0.0000E+000 0.0000E+000 0.2250E+001 0.0000E+000 0.0000E+000 0.0000E+000 0.5186E+002 0.5189E+002 0.5194E+002
0.1802E+002 0.1000E+001 0.0000E+000 0.0000E+000 0.2250E+001 0.0000E+000 0.0000E+000 0.0000E+000 0.5183E+002 0.5186E+002 0.5191E+002
0.1801E+002 0.1000E+001 0.0000E+000 0.0000E+000 0.2250E+001 0.0000E+000 0.0000E+000 0.0000E+000 0.5180E+002 0.5183E+002 0.5189E+002
0.1800E+002 0.1000E+001 0.0000E+000 0.0000E+000 0.2250E+001 0.0000E+000 0.0000E+000 0.0000E+000 0.5178E+002 0.5180E+002 0.5186E+002
0.1799E+002 0.1000E+001 0.0000E+000 0.0000E+000 0.2250E+001 0.0000E+000 0.0000E+000 0.0000E+000 0.5175E+002 0.5178E+002 0.5183E+002
0.1798E+002 0.1000E+001 0.0000E+000 0.0000E+000 0.2250E+001 0.0000E+000 0.0000E+000 0.0000E+000 0.5172E+002 0.5175E+002 0.5180E+002
0.1797E+002 0.1000E+001 0.0000E+000 0.0000E+000 0.2250E+001 0.0000E+000 0.0000E+000 0.0000E+000 0.5170E+002 0.5172E+002 0.5178E+002
0.1796E+002 0.1000E+001 0.0000E+000 0.0000E+000 0.2250E+001 0.0000E+000 0.0000E+000 0.0000E+000 0.5167E+002 0.5170E+002 0.5175E+002
0.1795E+002 0.1000E+001 0.0000E+000 0.0000E+000 0.2250E+001 0.0000E+000 0.0000E+000 0.0000E+000 0.5164E+002 0.5167E+002 0.5172E+002
0.1794E+002 0.1000E+001 0.0000E+000 0.0000E+000 0.2250E+001 0.0000E+000 0.0000E+000 0.0000E+000 0.5161E+002 0.5164E+002 0.5170E+002
0.1793E+002 0.1000E+001 0.0000E+000 0.0000E+000 0.2250E+001 0.0000E+000 0.0000E+000 0.0000E+000 0.5159E+002 0.5161E+002 0.5167E+002
0.1792E+002 0.1000E+001 0.0000E+000 0.0000E+000 0.2250E+001 0.0000E+000 0.0000E+000 0.0000E+000 0.5156E+002 0.5159E+002 0.5164E+002
0.1791E+002 0.1000E+001 0.0000E+000 0.0000E+000 0.2250E+001 0.0000E+000 0.0000E+000 0.0000E+000 0.5153E+002 0.5156E+002 0.5161E+002
0.1790E+002 0.1000E+001 0.0000E+000 0.0000E+000 0.2250E+001 0.0000E+000 0.0000E+000 0.0000E+000 0.5150E+002 0.5153E+002 0.5159E+002
0.1789E+002 0.1000E+001 0.0000E+000 0.0000E+000 0.2250E+001 0.0000E+000 0.0000E+000 0.0000E+000 0.5148E+002 0.5150E+002 0.5156E+002
0.1788E+002 0.1000E+001 0.0000E+000 0.0000E+000 0.2250E+001 0.0000E+000 0.0000E+000 0.0000E+000 0.5145E+002 0.5148E+002 0.5153E+002
0.1787E+002 0.1000E+001 0.0000E+000 0.0000E+000 0.2250E+001 0.0000E+000 0.0000E+000 0.0000E+000 0.5142E+002 0.5145E+002 0.5150E+002
0.1786E+002 0.1000E+001 0.0000E+000 0.0000E+000 0.2250E+001 0.0000E+000 0.0000E+000 0.0000E+000 0.5140E+002 0.5142E+002 0.5148E+002
0.1785E+002 0.1000E+001 0.0000E+000 0.0000E+000 0.2250E+001 0.0000E+000 0.0000E+000 0.0000E+000 0.5137E+002 0.5140E+002 0.5145E+002
0.1784E+002 0.1000E+001 0.0000E+000 0.0000E+000 0.2250E+001 0.0000E+000 0.0000E+000 0.0000E+000 0.5134E+002 0.5137E+002 0.5142E+002
0.1783E+002 0.1000E+001 0.0000E+000 0.0000E+000 0.2250E+001 0.0000E+000 0.0000E+000 0.0000E+000 0.5131E+002 0.5134E+002 0.5140E+002
0.1782E+002 0.1000E+001 0.0000E+000 0.0000E+000 0.2250E+001 0.0000E+000 0.0000E+000 0.0000E+000 0.5129E+002 0.5131E+002 0.5137E+002
0.1781E+002 0.1000E+001 0.0000E+000 0.0000E+000 0.2250E+001 0.0000E+000 0.0000E+000 0.0000E+000 0.5126E+002 0.5129E+002 0.5134E+002
0.1780E+002 0.1000E+001 0.0000E+000 0.0000E+000 0.2250E+001 0.0000E+000 0.0000E+000 0.0000E+000 0.5123E+002 0.5126E+002 0.5131E+002
0.1779E+002 0.1000E+001 0.0000E+000 0.0000E+000 0.2250E+001 0.0000E+000 0.0000E+000 0.0000E+000 0.5120E+002 0.5123E+002 0.5129E+002
0.1778E+002 0.1000E+001 0.0000E+000 0.0000E+000 0.2250E+001 0.0000E+000 0.0000E+000 0.0000E+000 0.5118E+002 0.5120E+002 0.5126E+002
0.1777E+002 0.1000E+001 0.0000E+000 0.0000E+000 0.2250E+001 0.0000E+000 0.0000E+000 0.0000E+000 0.5115E+002 0.5118E+002 0.5123E+002
0.1776E+002 0.1000E+001 0.0000E+000 0.0000E+000 0.2250E+001 0.0000E+000 0.0000E+000 0.0000E+000 0.5112E+002 0.5115E+002 0.5120E+002
0.1775E+002 0.1000E+001 0.0000E+000 0.0000E+000 0.2250E+001 0.0000E+000 0.0000E+000 0.0000E+000 0.5110E+002 0.5112E+002 0.5118E+002
0.1774E+002 0.1000E+001 0.0000E+000 0.0000E+000 0.2250E+001 0.0000E+000 0.0000E+000 0.0000E+000 0.5107E+002 0.5110E+002 0.5115E+002
0.1773E+002 0.1000E+001 0.0000E+000 0.0000E+000 0.2250E+001 0.0000E+000 0.0000E+000 0.0000E+000 0.5104E+002 0.5107E+002 0.5112E+002
0.1772E+002 0.1000E+001 0.0000E+000 0.0000E+000 0.2250E+001 0.0000E+000 0.0000E+000 0.0000E+000 0.5101E+002 0.5104E+002 0.5110E+002
0.1771E+002 0.1000E+001 0.0000E+000 0.0000E+000 0.2250E+001 0.0000E+000 0.0000E+000 0.0000E+000 0.5099E+002 0.5101E+002 0.5107E+002
0.1770E+002 0.1000E+001 0.0000E+000 0.0000E+000 0.2250E+001 0.0000E+000 0.0000E+000 0.0000E+000 0.5096E+002 0.5099E+002 0.5104E+002
0.1769E+002 0.1000E+001 0.0000E+000 0.0000E+000 0.2250E+001 0.0000E+000 0.0000E+000 0.0000E+000 0.5093E+002 0.5096E+002 0.5101E+002
0.1768E+002 0.1000E+001 0.0000E+000 0.0000E+000 0.2250E+001 0.0000E+000 0.0000E+000 0.0000E+000 0.5090E+002 0.5093E+002 0.5099E+002
0.1767E+002 0.1000E+001 0.0000E+000 0.0000E+000 0.2250E+001 0.0000E+000 0.0000E+000 0.0000E+000 0.5088E+002 0.5090E+002 0.5096E+002
0.1766E+002 0.1000E+001 0.0000E+000 0.0000E+000 0.2250E+001 0.0000E+000 0.0000E+000 0.0000E+000 0.5085E+002 0.5088E+002 0.5093E+002
0.1765E+002 0.1000E+001 0.0000E+000 0.0000E+000 0.2250E+001 0.0000E+000 0.0000E+000 0.0000E+000 0.5082E+002 0.5085E+002 0.5090E+002
0.1764E+002 0.1000E+001 0.0000E+000 0.0000E+000 0.2250E+001 0.0000E+000 0.0000E+000 0.0000E+000 0.5080E+002 0.5082E+002 0.5088E+002
0.1763E+002 0.1000E+001 0.0000E+000 0.0000E+000 0.2250E+001 0.0000E+000 0.0000E+000 0.0000E+000 0.5077E+002 0.5080E+002 0.5085E+002
0.1762E+002 0.1000E+001 0.0000E+000 0.0000E+000 0.2250E+001 0.0000E+000 0.0000E+000 0.0000E+000 0.5074E+002 0.5077E+002 0.5082E+002
0.1761E+002 0.1000E+001 0.0000E+000 0.0000E+000 0.2250E+001 0.0000E+000 0.0000E+000 0.0000E+000 0.5071E+002 0.5074E+002 0.5080E+002
0.1760E+002 0.1000E+001 0.0000E+000 0.0000E+000 0.2250E+001 0.0000E+000 0.0000E+000 0.0000E+000 0.5069E+002 0.5071E+002 0.5077E+002
0.1759E+002 0.1000E+001 0.0000E+000 0.0000E+000 0.2250E+001 0.0000E+000 0.0000E+000 0.0000E+000 0.5066E+002 0.5069E+002 0.5074E+002
0.1758E+002 0.1000E+001 0.0000E+000 0.0000E+000 0.2250E+001 0.0000E+000 0.0000E+000 0.0000E+000 0.5063E+002 0.5066E+002 0.5071E+002
0.1757E+002 0.1000E+001 0.0000E+000 0.0000E+000 0.2250E+001 0.0000E+000 0.0000E+000 0.0000E+000 0.5060E+002 0.5063E+002 0.5069E+002
0.1756E+002 0.1000E+001 0.0000E+000 0.0000E+000 0.2250E+001 0.0000E+000 0.0000E+000 0.0000E+000 0.5058E+002 0.5060E+002 0.5066E+002
0.1755E+002 0.1000E+001 0.0000E+000 0.0000E+000 0.2250E+001 0.0000E+000 0.0000E+000 0.0000E+000 0.5055E+002 0.5058E+002 0.5063E+002
0.1754E+002 0.1000E+001 0.0000E+000 0.0000E+000 0.2250E+001 0.0000E+000 0.0000E+000 0.0000E+000 0.5052E+002 0.5055E+002 0.5060E+002
0.1753E+002 0.1000E+001 0.0000E+000 0.0000E+000 0.2250E+001 0.0000E+000 0.0000E+000 0.0000E+000 0.5050E+002 0.5052E+002 0.5058E+002
0.1752E+002 0.1000E+001 0.0000E+000 0.0000E+000 0.2250E+001 0.0000E+000 0.0000E+000 0.0000E+000 0.5047E+002 0.5050E+002 0.5055E+002
0.1751E+002 0.1000E+001 0.0000E+000 0.0000E+000 0.2250E+001 0.0000E+000 0.0000E+000 0.0000E+000 0.5044E+002 0.5047E+002 0.5052E+002
0.1750E+002 0.1000E+001 0.0000E+000 0.0000E+000 0.2250E+001 0.0000E+000 0.0000E+000 0.0000E+000 0.5041E+002 0.5044E+002 0.5050E+002
0.1749E+002 0.1000E+001 0.0000E+000 0.0000E+000 0.2250E+001 0.0000E+000 0.0000E+000 0.0000E+000 0.5039E+002 0.5041E+002 0.5047E+002
0.1748E+002 0.1000E+001 0.0000E+000 0.0000E+000 0.2250E+001 0.0000E+000 0.0000E+000 0.0000E+000 0.5036E+002 0.5039E+002 0.5044E+002
0.1747E+002 0.1000E+001 0.0000E+000 0.0000E+000 0.2250E+001 0.0000E+000 0.0000E+000 0.0000E+000 0.5033E+002 0.5036E+002 0.5041E+002
0.1746E+002 0.1000E+001 0.0000E+000 0.0000E+000 0.2250E+001 0.0000E+000 0.0000E+000 0.0000E+000 0.5030E+002 0.5033E+002 0.5039E+002
0.1745E+002 0.1000E+001 0.0000E+000 0.0000E+000 0.2250E+001 0.0000E+000 0.0000E+000 0.0000E+000 0.5028E+002 0.5030E+002 0.5036E+002
0.1744E+002 0.1000E+001 0.0000E+000 0.0000E+000 0.2250E+001 0.0000E+000 0.0000E+000 0.0000E+000 0.5025E+002 0.5028E+002 0.5033E+002
0.1743E+002 0.1000E+001 0.0000E+000 0.0000E+000 0.2250E+001 0.0000E+000 0.0000E+000 0.0000E+000 0.5022E+002 0.5025E+002 0.5030E+002
0.1742E+002 0.1000E+001 0.0000E+000 0.0000E+000 0.2250E+001 0.0000E+000 0.0000E+000 0.0000E+000 0.5020E+002 0.5022E+002 0.5028E+002
0.1741E+002 0.1000E+001 0.0000E+000 0.0000E+000 0.2250E+001 0.0000E+000 0.0000E+000 0.0000E+000 0.5017E+002 0.5020E+002 0.5025E+002
0.1740E+002 0.1000E+001 0.0000E+000 0.0000E+000 0.2250E+001 0.0000E+000 0.0000E+000 0.0000E+000 0.5014E+002 0.5017E+002 0.5022E+002
0.1739E+002 0.1000E+001 0.0000E+000 0.0000E+000 0.2250E+001 0.0000E+000 0.0000E+000 0.0000E+000 0.5011E+002 0.5014E+002 0.5020E+002
0.1738E+002 0.1000E+001 0.0000E+000 0.0000E+000 0.2250E+001 0.0000E+000 0.0000E+000 0.0000E+000 0.5009E+002 0.5011E+002 0.5017E+002
0.1737E+002 0.1000E+001 0.0000E+000 0.0000E+000 0.2250E+001 0.0000E+000 0.0000E+000 0.0000E+000 0.5006E+002 0.5009E+002 0.5014E+002
0.1736E+002 0.1000E+001 0.0000E+000 0.0000E+000 0.2250E+001 0.0000E+000 0.0000E+000 0.0000E+000 0.5003E+002 0.5006E+002 0.5011E+002
0.1735E+002 0.1000E+001 0.0000E+000 0.0000E+000 0.2250E+001 0.0000E+000 0.0000E+000 0.0000E+000 0.5000E+002 0.5003E+002 0.5009E+002
0.1734E+002 0.1000E+001 0.0000E+000 0.0000E+000 0.2250E+001 0.0000E+000 0.0000E+000 0.0000E+000 0.4998E+002 0.5000E+002 0.5006E+002
0.1733E+002 0.1000E+001 0.0000E+000 0.0000E+000 0.2250E+001 0.0000E+000 0.0000E+000 0.0000E+000 0.4995E+002 0.4998E+002 0.5003E+002
0.1732E+002 0.1000E+001 0.0000E+000 0.0000E+000 0.2250E+001 0.0000E+000 0.0000E+000 0.0000E+000 0.4992E+002 0.4995E+002 0.5000E+002
0.1731E+002 0.1000E+001 0.0000E+000 0.0000E+000 0.2250E+001 0.0000E+000 0.0000E+000 0.0000E+000 0.4990E+002 0.4992E+002 0.4998E+002
0.1730E+002 0.1000E+001 0.0000E+000 0.0000E+000 0.2250E+001 0.0000E+000 0.0000E+000 0.0000E+000 0.4987E+002 0.4990E+002 0.4995E+002
0.1729E+002 0.1000E+001 0.0000E+000 0.0000E+000 0.2250E+001 0.0000E+000 0.0000E+000 0.0000E+000 0.4984E+002 0.4987E+002 0.4992E+002
0.1728E+002 0.1000E+001 0.0000E+000 0.0000E+000 0.2250E+001 0.0000E+000 0.0000E+000 0.0000E+000 0.4981E+002 0.4984E+002 0.4990E+002
0.1727E+002 0.1000E+001 0.0000E+000 0.0000E+000 0.2250E+001 0.0000E+000 0.0000E+000 0.0000E+000 0.4979E+002 0.4981E+002 0.4987E+002
0.1726E+002 0.1000E+001 0.0000E+000 0.0000E+000 0.2250E+001 0.0000E+000 0.0000E+000 0.0000E+000 0.4976E+002 0.4979E+002 0.4984E+002
0.1725E+002 0.1000E+001 0.0000E+000 0.0000E+000 0.2250E+001 0.0000E+000 0.0000E+000 0.0000E+000 0.4973E+002 0.4976E+002 0.4981E+002
0.1724E+002 0.1000E+001 0.0000E+000 0.0000E+000 0.2250E+001 0.0000E+000 0.0000E+000 0.0000E+000 0.4970E+002 0.4973E+002 0.4979E+002
0.1723E+002 0.1000E+001 0.0000E+000 0.0000E+000 0.2250E+001 0.0000E+000 0.0000E+000 0.0000E+000 0.4968E+002 0.4970E+002 0.4976E+002
0.1722E+002 0.1000E+001 0.0000E+000 0.0000E+000 0.2250E+001 0.0000E+000 0.0000E+000 0.0000E+000 0.4965E+002 0.4968E+002 0.4973E+002
0.1721E+002 0.1000E+001 0.0000E+000 0.0000E+000 0.2250E+001 0.0000E+000 0.0000E+000 0.0000E+000 0.4962E+002 0.4965E+002 0.4970E+002
0.1720E+002 0.1000E+001 0.0000E+000 0.0000E+000 0.2250E+001 0.0000E+000 0.0000E+000 0.0000E+000 0.4960E+002 0.4962E+002 0.4968E+002
0.1719E+002 0.1000E+001 0.0000E+000 0.0000E+000 0.2250E+001 0.0000E+000 0.0000E+000 0.0000E+000 0.4957E+002 0.4960E+002 0.4965E+002
0.1718E+002 0.1000E+001 0.0000E+000 0.0000E+000 0.2250E+001 0.0000E+000 0.0000E+000 0.0000E+000 0.4954E+002 0.4957E+002 0.4962E+002
0.1717E+002 0.1000E+001 0.0000E+000 0.0000E+000 0.2250E+001 0.0000E+000 0.0000E+000 0.0000E+000 0.4951E+002 0.4954E+002 0.4960E+002
0.1716E+002 0.1000E+001 0.0000E+000 0.0000E+000 0.2250E+001 0.0000E+000 0.0000E+000 0.0000E+000 0.4949E+002 0.4951E+002 0.4957E+002
0.1715E+002 0.1000E+001 0.0000E+000 0.0000E+000 0.2250E+001 0.0000E+000 0.0000E+000 0.0000E+000 0.4946E+002 0.4949E+002 0.4954E+002
0.1714E+002 0.1000E+001 0.0000E+000 0.0000E+000 0.2250E+001 0.0000E+000 0.0000E+000 0.0000E+000 0.4943E+002 0.4946E+002 0.4951E+002
0.1713E+002 0.1000E+001 0.0000E+000 0.0000E+000 0.2250E+001 0.0000E+000 0.0000E+000 0.0000E+000 0.4940E+002 0.4943E+002 0.4949E+002
0.1712E+002 0.1000E+001 0.0000E+000 0.0000E+000 0.2250E+001 0.0000E+000 0.0000E+000 0.0000E+000 0.4938E+002 0.4940E+002 0.4946E+002
0.1711E+002 0.1000E+001 0.0000E+000 0.0000E+000 0.2250E+001 0.0000E+000 0.0000E+000 0.0000E+000 0.4935E+002 0.4938E+002 0.4943E+002
0.1710E+002 0.1000E+001 0.0000E+000 0.0000E+000 0.2250E+001 0.0000E+000 0.0000E+000 0.0000E+000 0.4932E+002 0.4935E+002 0.4940E+002
0.1709E+002 0.1000E+001 0.0000E+000 0.0000E+000 0.2250E+001 0.0000E+000 0.0000E+000 0.0000E+000 0.4929E+002 0.4932E+002 0.4938E+002
0.1708E+002 0.1000E+001 0.0000E+000 0.0000E+000 0.2250E+001 0.0000E+000 0.0000E+000 0.0000E+000 0.4927E+002 0.4929E+002 0.4935E+002
0.1707E+002 0.1000E+001 0.0000E+000 0.0000E+000 0.2250E+001 0.0000E+000 0.0000E+000 0.0000E+000 0.4924E+002 0.4927E+002 0.4932E+002
0.1706E+002 0.1000E+001 0.0000E+000 0.0000E+000 0.2250E+001 0.0000E+000 0.0000E+000 0.0000E+000 0.4921E+002 0.4924E+002 0.4929E+002
0.1705E+002 0.1000E+001 0.0000E+000 0.0000E+000 0.2250E+001 0.0000E+000 0.0000E+000 0.0000E+000 0.4919E+002 0.4921E+002 0.4927E+002
0.1704E+002 0.1000E+001 0.0000E+000 0.0000E+000 0.2250E+001 0.0000E+000 0.0000E+000 0.0000E+000 0.4916E+002 0.4919E+002 0.4924E+002
0.1703E+002 0.1000E+001 0.0000E+000 0.0000E+000 0.2250E+001 0.0000E+000 0.0000E+000 0.0000E+000 0.4913E+002 0.4916E+002 0.4921E+002
0.1702E+002 0.1000E+001 0.0000E+000 0.0000E+000 0.2250E+001 0.0000E+000 0.0000E+000 0.0000E+000 0.4910E+002 0.4913E+002 0.4919E+002
0.1701E+002 0.1000E+001 0.0000E+000 0.0000E+000 0.2250E+001 0.0000E+000 0.0000E+000 0.0000E+000 0.4908E+002 0.4910E+002 0.4916E+002
0.1700E+002 0.1000E+001 0.0000E+000 0.0000E+000 0.2250E+001 0.0000E+000 0.0000E+000 0.0000E+000 0.4905E+002 0.4908E+002 0.4913E+002
0.1699E+002 0.1000E+001 0.0000E+000 0.0000E+000 0.2250E+001 0.0000E+000 0.0000E+000 0.0000E+000 0.4902E+002 0.4905E+002 0.4910E+002
0.1698E+002 0.1000E+001 0.0000E+000 0.0000E+000 0.2250E+001 0.0000E+000 0.0000E+000 0.0000E+000 0.4899E+002 0.4902E+002 0.4908E+002
0.1697E+002 0.1000E+001 0.0000E+000 0.0000E+000 0.2250E+001 0.0000E+000 0.0000E+000 0.0000E+000 0.4897E+002 0.4899E+002 0.4905E+002
0.1696E+002 0.1000E+001 0.0000E+000 0.0000E+000 0.2250E+001 0.0000E+000 0.0000E+000 0.0000E+000 0.4894E+002 0.4897E+002 0.4902E+002
0.1695E+002 0.1000E+001 0.0000E+000 0.0000E+000 0.2250E+001 0.0000E+000 0.0000E+000 0.0000E+000 0.4891E+002 0.4894E+002 0.4899E+002
0.1694E+002 0.1000E+001 0.0000E+000 0.0000E+000 0.2250E+001 0.0000E+000 0.0000E+000 0.0000E+000 0.4889E+002 0.4891E+002 0.4897E+002
0.1693E+002 0.1000E+001 0.0000E+000 0.0000E+000 0.2250E+001 0.0000E+000 0.0000E+000 0.0000E+000 0.4886E+002 0.4889E+002 0.4894E+002
0.1692E+002 0.1000E+001 0.0000E+000 0.0000E+000 0.2250E+001 0.0000E+000 0.0000E+000 0.0000E+000 0.4883E+002 0.4886E+002 0.4891E+002
0.1691E+002 0.1000E+001 0.0000E+000 0.0000E+000 0.2250E+001 0.0000E+000 0.0000E+000 0.0000E+000 0.4880E+002 0.4883E+002 0.4889E+002
0.1690E+002 0.1000E+001 0.0000E+000 0.0000E+000 0.2250E+001 0.0000E+000 0.0000E+000 0.0000E+000 0.4878E+002 0.4880E+002 0.4886E+002
0.1689E+002 0.1000E+001 0.0000E+000 0.0000E+000 0.2250E+001 0.0000E+000 0.0000E+000 0.0000E+000 0.4875E+002 0.4878E+002 0.4883E+002
0.1688E+002 0.1000E+001 0.0000E+000 0.0000E+000 0.2250E+001 0.0000E+000 0.0000E+000 0.0000E+000 0.4872E+002 0.4875E+002 0.4880E+002
0.1687E+002 0.1000E+001 0.0000E+000 0.0000E+000 0.2250E+001 0.0000E+000 0.0000E+000 0.0000E+000 0.4869E+002 0.4872E+002 0.4878E+002
0.1686E+002 0.1000E+001 0.0000E+000 0.0000E+000 0.2250E+001 0.0000E+000 0.0000E+000 0.0000E+000 0.4867E+002 0.4869E+002 0.4875E+002
0.1685E+002 0.1000E+001 0.0000E+000 0.0000E+000 0.2250E+001 0.0000E+000 0.0000E+000 0.0000E+000 0.4864E+002 0.4867E+002 0.4872E+002
0.1684E+002 0.1000E+001 0.0000E+000 0.0000E+000 0.2250E+001 0.0000E+000 0.0000E+000 0.0000E+000 0.4861E+002 0.4864E+002 0.4869E+002
0.1683E+002 0.1000E+001 0.0000E+000 0.0000E+000 0.2250E+001 0.0000E+000 0.0000E+000 0.0000E+000 0.4859E+002 0.4861E+002 0.4867E+002
0.1682E+002 0.1000E+001 0.0000E+000 0.0000E+000 0.2250E+001 0.0000E+000 0.0000E+000 0.0000E+000 0.4856E+002 0.4859E+002 0.4864E+002
0.1681E+002 0.1000E+001 0.0000E+000 0.0000E+000 0.2250E+001 0.0000E+000 0.0000E+000 0.0000E+000 0.4853E+002 0.4856E+002 0.4861E+002
0.1680E+002 0.1000E+001 0.0000E+000 0.0000E+000 0.2250E+001 0.0000E+000 0.0000E+000 0.0000E+000 0.4850E+002 0.4853E+002 0.4859E+002
0.1679E+002 0.1000E+001 0.0000E+000 0.0000E+000 0.2250E+001 0.0000E+000 0.0000E+000 0.0000E+000 0.4848E+002 0.4850E+002 0.4856E+002
0.1678E+002 0.1000E+001 0.0000E+000 0.0000E+000 0.2250E+001 0.0000E+000 0.0000E+000 0.0000E+000 0.4845E+002 0.4848E+002 0.4853E+002
0.1677E+002 0.1000E+001 0.0000E+000 0.0000E+000 0.2250E+001 0.0000E+000 0.0000E+000 0.0000E+000 0.4842E+002 0.4845E+002 0.4850E+002
0.1676E+002 0.1000E+001 0.0000E+000 0.0000E+000 0.2250E+001 0.0000E+000 0.0000E+000 0.0000E+000 0.4839E+002 0.4842E+002 0.4848E+002
0.1675E+002 0.1000E+001 0.0000E+000 0.0000E+000 0.2250E+001 0.0000E+000 0.0000E+000 0.0000E+000 0.4837E+002 0.4839E+002 0.4845E+002
0.1674E+002 0.1000E+001 0.0000E+000 0.0000E+000 0.2250E+001 0.0000E+000 0.0000E+000 0.0000E+000 0.4834E+002 0.4837E+002 0.4842E+002
0.1673E+002 0.1000E+001 0.0000E+000 0.0000E+000 0.2250E+001 0.0000E+000 0.0000E+000 0.0000E+000 0.4831E+002 0.4834E+002 0.4839E+002
0.1672E+002 0.1000E+001 0.0000E+000 0.0000E+000 0.2250E+001 0.0000E+000 0.0000E+000 0.0000E+000 0.4829E+002 0.4831E+002 0.4837E+002
0.1671E+002 0.1000E+001 0.0000E+000 0.0000E+000 0.2250E+001 0.0000E+000 0.0000E+000 0.0000E+000 0.4826E+002 0.4829E+002 0.4834E+002
0.1670E+002 0.1000E+001 0.0000E+000 0.0000E+000 0.2250E+001 0.0000E+000 0.0000E+000 0.0000E+000 0.4823E+002 0.4826E+002 0.4831E+002
0.1669E+002 0.1000E+001 0.0000E+000 0.0000E+000 0.2250E+001 0.0000E+000 0.0000E+000 0.0000E+000 0.4820E+002 0.4823E+002 0.4829E+002
0.1668E+002 0.1000E+001 0.0000E+000 0.0000E+000 0.2250E+001 0.0000E+000 0.0000E+000 0.0000E+000 0.4818E+002 0.4820E+002 0.4826E+002
0.1667E+002 0.1000E+001 0.0000E+000 0.0000E+000 0.2250E+001 0.0000E+000 0.0000E+000 0.0000E+000 0.4815E+002 0.4818E+002 0.4823E+002
0.1666E+002 0.1000E+001 0.0000E+000 0.0000E+000 0.2250E+001 0.0000E+000 0.0000E+000 0.0000E+000 0.4812E+002 0.4815E+002 0.4820E+002
0.1665E+002 0.1000E+001 0.0000E+000 0.0000E+000 0.2250E+001 0.0000E+000 0.0000E+000 0.0000E+000 0.4809E+002 0.4812E+002 0.4818E+002
0.1664E+002 0.1000E+001 0.0000E+000 0.0000E+000 0.2250E+001 0.0000E+000 0.0000E+000 0.0000E+000 0.4807E+002 0.4809E+002 0.4815E+002
0.1663E+002 0.1000E+001 0.0000E+000 0.0000E+000 0.2250E+001 0.0000E+000 0.0000E+000 0.0000E+000 0.4804E+002 0.4807E+002 0.4812E+002
0.1662E+002 0.1000E+001 0.0000E+000 0.0000E+000 0.2250E+001 0.0000E+000 0.0000E+000 0.0000E+000 0.4801E+002 0.4804E+002 0.4809E+002
0.1661E+002 0.1000E+001 0.0000E+000 0.0000E+000 0.2250E+001 0.0000E+000 0.0000E+000 0.0000E+000 0.4799E+002 0.4801E+002 0.4807E+002
0.1660E+002 0.1000E+001 0.0000E+000 0.0000E+000 0.2250E+001 0.0000E+000 0.0000E+000 0.0000E+000 0.4796E+002 0.4799E+002 0.4804E+002
0.1659E+002 0.1000E+001 0.0000E+000 0.0000E+000 0.2250E+001 0.0000E+000 0.0000E+000 0.0000E+000 0.4793E+002 0.4796E+002 0.4801E+002
0.1658E+002 0.1000E+001 0.0000E+000 0.0000E+000 0.2250E+001 0.0000E+000 0.0000E+000 0.0000E+000 0.4790E+002 0.4793E+002 0.4799E+002
0.1657E+002 0.1000E+001 0.0000E+000 0.0000E+000 0.2250E+001 0.0000E+000 0.0000E+000 0.0000E+000 0.4788E+002 0.4790E+002 0.4796E+002
0.1656E+002 0.1000E+001 0.0000E+000 0.0000E+000 0.2250E+001 0.0000E+000 0.0000E+000 0.0000E+000 0.4785E+002 0.4788E+002 0.4793E+002
0.1655E+002 0.1000E+001 0.0000E+000 0.0000E+000 0.2250E+001 0.0000E+000 0.0000E+000 0.0000E+000 0.4782E+002 0.4785E+002 0.4790E+002
0.1654E+002 0.1000E+001 0.0000E+000 0.0000E+000 0.2250E+001 0.0000E+000 0.0000E+000 0.0000E+000 0.4779E+002 0.4782E+002 0.4788E+002
0.1653E+002 0.1000E+001 0.0000E+000 0.0000E+000 0.2250E+001 0.0000E+000 0.0000E+000 0.0000E+000 0.4777E+002 0.4779E+002 0.4785E+002
0.1652E+002 0.1000E+001 0.0000E+000 0.0000E+000 0.2250E+001 0.0000E+000 0.0000E+000 0.0000E+000 0.4774E+002 0.4777E+002 0.4782E+002
0.1651E+002 0.1000E+001 0.0000E+000 0.0000E+000 0.2250E+001 0.0000E+000 0.0000E+000 0.0000E+000 0.4771E+002 0.4774E+002 0.4779E+002
0.1650E+002 0.1000E+001 0.0000E+000 0.0000E+000 0.2250E+001 0.0000E+000 0.0000E+000 0.0000E+000 0.4769E+002 0.4771E+002 0.4777E+002
0.1649E+002 0.1000E+001 0.0000E+000 0.0000E+000 0.2250E+001 0.0000E+000 0.0000E+000 0.0000E+000 0.4766E+002 0.4769E+002 0.4774E+002
0.1648E+002 0.1000E+001 0.0000E+000 0.0000E+000 0.2250E+001 0.0000E+000 0.0000E+000 0.0000E+000 0.4763E+002 0.4766E+002 0.4771E+002
0.1647E+002 0.1000E+001 0.0000E+000 0.0000E+000 0.2250E+001 0.0000E+000 0.0000E+000 0.0000E+000 0.4760E+002 0.4763E+002 0.4769E+002
0.1646E+002 0.1000E+001 0.0000E+000 0.0000E+000 0.2250E+001 0.0000E+000 0.0000E+000 0.0000E+000 0.4758E+002 0.4760E+002 0.4766E+002
0.1645E+002 0.1000E+001 0.0000E+000 0.0000E+000 0.2250E+001 0.0000E+000 0.0000E+000 0.0000E+000 0.4755E+002 0.4758E+002 0.4763E+002
0.1644E+002 0.1000E+001 0.0000E+000 0.0000E+000 0.2250E+001 0.0000E+000 0.0000E+000 0.0000E+000 0.4752E+002 0.4755E+002 0.4760E+002
0.1643E+002 0.1000E+001 0.0000E+000 0.0000E+000 0.2250E+001 0.0000E+000 0.0000E+000 0.0000E+000 0.4749E+002 0.4752E+002 0.4758E+002
0.1642E+002 0.1000E+001 0.0000E+000 0.0000E+000 0.2250E+001 0.0000E+000 0.0000E+000 0.0000E+000 0.4747E+002 0.4749E+002 0.4755E+002
0.1641E+002 0.1000E+001 0.0000E+000 0.0000E+000 0.2250E+001 0.0000E+000 0.0000E+000 0.0000E+000 0.4744E+002 0.4747E+002 0.4752E+002
0.1640E+002 0.1000E+001 0.0000E+000 0.0000E+000 0.2250E+001 0.0000E+000 0.0000E+000 0.0000E+000 0.4741E+002 0.4744E+002 0.4749E+002
0.1639E+002 0.1000E+001 0.0000E+000 0.0000E+000 0.2250E+001 0.0000E+000 0.0000E+000 0.0000E+000 0.4739E+002 0.4741E+002 0.4747E+002
0.1638E+002 0.1000E+001 0.0000E+000 0.0000E+000 0.2250E+001 0.0000E+000 0.0000E+000 0.0000E+000 0.4736E+002 0.4739E+002 0.4744E+002
0.1637E+002 0.1000E+001 0.0000E+000 0.0000E+000 0.2250E+001 0.0000E+000 0.0000E+000 0.0000E+000 0.4733E+002 0.4736E+002 0.4741E+002
0.1636E+002 0.1000E+001 0.0000E+000 0.0000E+000 0.2250E+001 0.0000E+000 0.0000E+000 0.0000E+000 0.4730E+002 0.4733E+002 0.4739E+002
0.1635E+002 0.1000E+001 0.0000E+000 0.0000E+000 0.2250E+001 0.0000E+000 0.0000E+000 0.0000E+000 0.4728E+002 0.4730E+002 0.4736E+002
0.1634E+002 0.1000E+001 0.0000E+000 0.0000E+000 0.2250E+001 0.0000E+000 0.0000E+000 0.0000E+000 0.4725E+002 0.4728E+002 0.4733E+002
0.1633E+002 0.1000E+001 0.0000E+000 0.0000E+000 0.2250E+001 0.0000E+000 0.0000E+000 0.0000E+000 0.4722E+002 0.4725E+002 0.4730E+002
0.1632E+002 0.1000E+001 0.0000E+000 0.0000E+000 0.2250E+001 0.0000E+000 0.0000E+000 0.0000E+000 0.4719E+002 0.4722E+002 0.4728E+002
0.1631E+002 0.1000E+001 0.0000E+000 0.0000E+000 0.2250E+001 0.0000E+000 0.0000E+000 0.0000E+000 0.4717E+002 0.4719E+002 0.4725E+002
0.1630E+002 0.1000E+001 0.0000E+000 0.0000E+000 0.2250E+001 0.0000E+000 0.0000E+000 0.0000E+000 0.4714E+002 0.4717E+002 0.4722E+002
0.1629E+002 0.1000E+001 0.0000E+000 0.0000E+000 0.2250E+001 0.0000E+000 0.0000E+000 0.0000E+000 0.4711E+002 0.4714E+002 0.4719E+002
0.1628E+002 0.1000E+001 0.0000E+000 0.0000E+000 0.2250E+001 0.0000E+000 0.0000E+000 0.0000E+000 0.4709E+002 0.4711E+002 0.4717E+002
0.1627E+002 0.1000E+001 0.0000E+000 0.0000E+000 0.2250E+001 0.0000E+000 0.0000E+000 0.0000E+000 0.4706E+002 0.4709E+002 0.4714E+002
0.1626E+002 0.1000E+001 0.0000E+000 0.0000E+000 0.2250E+001 0.0000E+000 0.0000E+000 0.0000E+000 0.4703E+002 0.4706E+002 0.4711E+002
0.1625E+002 0.1000E+001 0.0000E+000 0.0000E+000 0.2250E+001 0.0000E+000 0.0000E+000 0.0000E+000 0.4700E+002 0.4703E+002 0.4709E+002
0.1624E+002 0.1000E+001 0.0000E+000 0.0000E+000 0.2250E+001 0.0000E+000 0.0000E+000 0.0000E+000 0.4698E+002 0.4700E+002 0.4706E+002
0.1623E+002 0.1000E+001 0.0000E+000 0.0000E+000 0.2250E+001 0.0000E+000 0.0000E+000 0.0000E+000 0.4695E+002 0.4698E+002 0.4703E+002
0.1622E+002 0.1000E+001 0.0000E+000 0.0000E+000 0.2250E+001 0.0000E+000 0.0000E+000 0.0000E+000 0.4692E+002 0.4695E+002 0.4700E+002
0.1621E+002 0.1000E+001 0.0000E+000 0.0000E+000 0.2250E+001 0.0000E+000 0.0000E+000 0.0000E+000 0.4689E+002 0.4692E+002 0.4698E+002
0.1620E+002 0.1000E+001 0.0000E+000 0.0000E+000 0.2250E+001 0.0000E+000 0.0000E+000 0.0000E+000 0.4687E+002 0.4689E+002 0.4695E+002
0.1619E+002 0.1000E+001 0.0000E+000 0.0000E+000 0.2250E+001 0.0000E+000 0.0000E+000 0.0000E+000 0.4684E+002 0.4687E+002 0.4692E+002
0.1618E+002 0.1000E+001 0.0000E+000 0.0000E+000 0.2250E+001 0.0000E+000 0.0000E+000 0.0000E+000 0.4681E+002 0.4684E+002 0.4689E+002
0.1617E+002 0.1000E+001 0.0000E+000 0.0000E+000 0.2250E+001 0.0000E+000 0.0000E+000 0.0000E+000 0.4679E+002 0.4681E+002 0.4687E+002
0.1616E+002 0.1000E+001 0.0000E+000 0.0000E+000 0.2250E+001 0.0000E+000 0.0000E+000 0.0000E+000 0.4676E+002 0.4679E+002 0.4684E+002
0.1615E+002 0.1000E+001 0.0000E+000 0.0000E+000 0.2250E+001 0.0000E+000 0.0000E+000 0.0000E+000 0.4673E+002 0.4676E+002 0.4681E+002
0.1614E+002 0.1000E+001 0.0000E+000 0.0000E+000 0.2250E+001 0.0000E+000 0.0000E+000 0.0000E+000 0.4670E+002 0.4673E+002 0.4679E+002
0.1613E+002 0.1000E+001 0.0000E+000 0.0000E+000 0.2250E+001 0.0000E+000 0.0000E+000 0.0000E+000 0.4668E+002 0.4670E+002 0.4676E+002
0.1612E+002 0.1000E+001 0.0000E+000 0.0000E+000 0.2250E+001 0.0000E+000 0.0000E+000 0.0000E+000 0.4665E+002 0.4668E+002 0.4673E+002
0.1611E+002 0.1000E+001 0.0000E+000 0.0000E+000 0.2250E+001 0.0000E+000 0.0000E+000 0.0000E+000 0.4662E+002 0.4665E+002 0.4670E+002
0.1610E+002 0.1000E+001 0.0000E+000 0.0000E+000 0.2250E+001 0.0000E+000 0.0000E+000 0.0000E+000 0.4659E+002 0.4662E+002 0.4668E+002
0.1609E+002 0.1000E+001 0.0000E+000 0.0000E+000 0.2250E+001 0.0000E+000 0.0000E+000 0.0000E+000 0.4657E+002 0.4659E+002 0.4665E+002
0.1608E+002 0.1000E+001 0.0000E+000 0.0000E+000 0.2250E+001 0.0000E+000 0.0000E+000 0.0000E+000 0.4654E+002 0.4657E+002 0.4662E+002
0.1607E+002 0.1000E+001 0.0000E+000 0.0000E+000 0.2250E+001 0.0000E+000 0.0000E+000 0.0000E+000 0.4651E+002 0.4654E+002 0.4659E+002
0.1606E+002 0.1000E+001 0.0000E+000 0.0000E+000 0.2250E+001 0.0000E+000 0.0000E+000 0.0000E+000 0.4649E+002 0.4651E+002 0.4657E+002
0.1605E+002 0.1000E+001 0.0000E+000 0.0000E+000 0.2250E+001 0.0000E+000 0.0000E+000 0.0000E+000 0.4646E+002 0.4649E+002 0.4654E+002
0.1604E+002 0.1000E+001 0.0000E+000 0.0000E+000 0.2250E+001 0.0000E+000 0.0000E+000 0.0000E+000 0.4643E+002 0.4646E+002 0.4651E+002
0.1603E+002 0.1000E+001 0.0000E+000 0.0000E+000 0.2250E+001 0.0000E+000 0.0000E+000 0.0000E+000 0.4640E+002 0.4643E+002 0.4649E+002
0.1602E+002 0.1000E+001 0.0000E+000 0.0000E+000 0.2250E+001 0.0000E+000 0.0000E+000 0.0000E+000 0.4638E+002 0.4640E+002 0.4646E+002
0.1601E+002 0.1000E+001 0.0000E+000 0.0000E+000 0.2250E+001 0.0000E+000 0.0000E+000 0.0000E+000 0.4635E+002 0.4638E+002 0.4643E+002
0.1600E+002 0.1000E+001 0.0000E+000 0.0000E+000 0.2250E+001 0.0000E+000 0.0000E+000 0.0000E+000 0.4632E+002 0.4635E+002 0.4640E+002
0.1599E+002 0.1000E+001 0.0000E+000 0.0000E+000 0.2250E+001 0.0000E+000 0.0000E+000 0.0000E+000 0.4629E+002 0.4632E+002 0.4638E+002
0.1598E+002 0.1000E+001 0.0000E+000 0.0000E+000 0.2250E+001 0.0000E+000 0.0000E+000 0.0000E+000 0.4627E+002 0.4629E+002 0.4635E+002
0.1597E+002 0.1000E+001 0.0000E+000 0.0000E+000 0.2250E+001 0.0000E+000 0.0000E+000 0.0000E+000 0.4624E+002 0.4627E+002 0.4632E+002
0.1596E+002 0.1000E+001 0.0000E+000 0.0000E+000 0.2250E+001 0.0000E+000 0.0000E+000 0.0000E+000 0.4621E+002 0.4624E+002 0.4629E+002
0.1595E+002 0.1000E+001 0.0000E+000 0.0000E+000 0.2250E+001 0.0000E+000 0.0000E+000 0.0000E+000 0.4619E+002 0.4621E+002 0.4627E+002
0.1594E+002 0.1000E+001 0.0000E+000 0.0000E+000 0.2250E+001 0.0000E+000 0.0000E+000 0.0000E+000 0.4616E+002 0.4619E+002 0.4624E+002
0.1593E+002 0.1000E+001 0.0000E+000 0.0000E+000 0.2250E+001 0.0000E+000 0.0000E+000 0.0000E+000 0.4613E+002 0.4616E+002 0.4621E+002
0.1592E+002 0.1000E+001 0.0000E+000 0.0000E+000 0.2250E+001 0.0000E+000 0.0000E+000 0.0000E+000 0.4610E+002 0.4613E+002 0.4619E+002
0.1591E+002 0.1000E+001 0.0000E+000 0.0000E+000 0.2250E+001 0.0000E+000 0.0000E+000 0.0000E+000 0.4608E+002 0.4610E+002 0.4616E+002
0.1590E+002 0.1000E+001 0.0000E+000 0.0000E+000 0.2250E+001 0.0000E+000 0.0000E+000 0.0000E+000 0.4605E+002 0.4608E+002 0.4613E+002
0.1589E+002 0.1000E+001 0.0000E+000 0.0000E+000 0.2250E+001 0.0000E+000 0.0000E+000 0.0000E+000 0.4602E+002 0.4605E+002 0.4610E+002
0.1588E+002 0.1000E+001 0.0000E+000 0.0000E+000 0.2250E+001 0.0000E+000 0.0000E+000 0.0000E+000 0.4599E+002 0.4602E+002 0.4608E+002
0.1587E+002 0.1000E+001 0.0000E+000 0.0000E+000 0.2250E+001 0.0000E+000 0.0000E+000 0.0000E+000 0.4597E+002 0.4599E+002 0.4605E+002
0.1586E+002 0.1000E+001 0.0000E+000 0.0000E+000 0.2250E+001 0.0000E+000 0.0000E+000 0.0000E+000 0.4594E+002 0.4597E+002 0.4602E+002
0.1585E+002 0.1000E+001 0.0000E+000 0.0000E+000 0.2250E+001 0.0000E+000 0.0000E+000 0.0000E+000 0.4591E+002 0.4594E+002 0.4599E+002
0.1584E+002 0.1000E+001 0.0000E+000 0.0000E+000 0.2250E+001 0.0000E+000 0.0000E+000 0.0000E+000 0.4588E+002 0.4591E+002 0.4597E+002
0.1583E+002 0.1000E+001 0.0000E+000 0.0000E+000 0.2250E+001 0.0000E+000 0.0000E+000 0.0000E+000 0.4586E+002 0.4588E+002 0.4594E+002
0.1582E+002 0.1000E+001 0.0000E+000 0.0000E+000 0.2250E+001 0.0000E+000 0.0000E+000 0.0000E+000 0.4583E+002 0.4586E+002 0.4591E+002
0.1581E+002 0.1000E+001 0.0000E+000 0.0000E+000 0.2250E+001 0.0000E+000 0.0000E+000 0.0000E+000 0.4580E+002 0.4583E+002 0.4588E+002
0.1580E+002 0.1000E+001 0.0000E+000 0.0000E+000 0.2250E+001 0.0000E+000 0.0000E+000 0.0000E+000 0.4578E+002 0.4580E+002 0.4586E+002
0.1579E+002 0.1000E+001 0.0000E+000 0.0000E+000 0.2250E+001 0.0000E+000 0.0000E+000 0.0000E+000 0.4575E+002 0.4578E+002 0.4583E+002
0.1578E+002 0.1000E+001 0.0000E+000 0.0000E+000 0.2250E+001 0.0000E+000 0.0000E+000 0.0000E+000 0.4572E+002 0.4575E+002 0.4580E+002
0.1577E+002 0.1000E+001 0.0000E+000 0.0000E+000 0.2250E+001 0.0000E+000 0.0000E+000 0.0000E+000 0.4569E+002 0.4572E+002 0.4578E+002
0.1576E+002 0.1000E+001 0.0000E+000 0.0000E+000 0.2250E+001 0.0000E+000 0.0000E+000 0.0000E+000 0.4567E+002 0.4569E+002 0.4575E+002
0.1575E+002 0.1000E+001 0.0000E+000 0.0000E+000 0.2250E+001 0.0000E+000 0.0000E+000 0.0000E+000 0.4564E+002 0.4567E+002 0.4572E+002
0.1574E+002 0.1000E+001 0.0000E+000 0.0000E+000 0.2250E+001 0.0000E+000 0.0000E+000 0.0000E+000 0.4561E+002 0.4564E+002 0.4569E+002
0.1573E+002 0.1000E+001 0.0000E+000 0.0000E+000 0.2250E+001 0.0000E+000 0.0000E+000 0.0000E+000 0.4558E+002 0.4561E+002 0.4567E+002
0.1572E+002 0.1000E+001 0.0000E+000 0.0000E+000 0.2250E+001 0.0000E+000 0.0000E+000 0.0000E+000 0.4556E+002 0.4558E+002 0.4564E+002
0.1571E+002 0.1000E+001 0.0000E+000 0.0000E+000 0.2250E+001 0.0000E+000 0.0000E+000 0.0000E+000 0.4553E+002 0.4556E+002 0.4561E+002
0.1570E+002 0.1000E+001 0.0000E+000 0.0000E+000 0.2250E+001 0.0000E+000 0.0000E+000 0.0000E+000 0.4550E+002 0.4553E+002 0.4558E+002
0.1569E+002 0.1000E+001 0.0000E+000 0.0000E+000 0.2250E+001 0.0000E+000 0.0000E+000 0.0000E+000 0.4548E+002 0.4550E+002 0.4556E+002
0.1568E+002 0.1000E+001 0.0000E+000 0.0000E+000 0.2250E+001 0.0000E+000 0.0000E+000 0.0000E+000 0.4545E+002 0.4548E+002 0.4553E+002
0.1567E+002 0.1000E+001 0.0000E+000 0.0000E+000 0.2250E+001 0.0000E+000 0.0000E+000 0.0000E+000 0.4542E+002 0.4545E+002 0.4550E+002
0.1566E+002 0.1000E+001 0.0000E+000 0.0000E+000 0.2250E+001 0.0000E+000 0.0000E+000 0.0000E+000 0.4539E+002 0.4542E+002 0.4548E+002
0.1565E+002 0.1000E+001 0.0000E+000 0.0000E+000 0.2250E+001 0.0000E+000 0.0000E+000 0.0000E+000 0.4537E+002 0.4539E+002 0.4545E+002
0.1564E+002 0.1000E+001 0.0000E+000 0.0000E+000 0.2250E+001 0.0000E+000 0.0000E+000 0.0000E+000 0.4534E+002 0.4537E+002 0.4542E+002
0.1563E+002 0.1000E+001 0.0000E+000 0.0000E+000 0.2250E+001 0.0000E+000 0.0000E+000 0.0000E+000 0.4531E+002 0.4534E+002 0.4539E+002
0.1562E+002 0.1000E+001 0.0000E+000 0.0000E+000 0.2250E+001 0.0000E+000 0.0000E+000 0.0000E+000 0.4528E+002 0.4531E+002 0.4537E+002
0.1561E+002 0.1000E+001 0.0000E+000 0.0000E+000 0.2250E+001 0.0000E+000 0.0000E+000 0.0000E+000 0.4526E+002 0.4528E+002 0.4534E+002
0.1560E+002 0.1000E+001 0.0000E+000 0.0000E+000 0.2250E+001 0.0000E+000 0.0000E+000 0.0000E+000 0.4523E+002 0.4526E+002 0.4531E+002
0.1559E+002 0.1000E+001 0.0000E+000 0.0000E+000 0.2250E+001 0.0000E+000 0.0000E+000 0.0000E+000 0.4520E+002 0.4523E+002 0.4528E+002
0.1558E+002 0.1000E+001 0.0000E+000 0.0000E+000 0.2250E+001 0.0000E+000 0.0000E+000 0.0000E+000 0.4518E+002 0.4520E+002 0.4526E+002
0.1557E+002 0.1000E+001 0.0000E+000 0.0000E+000 0.2250E+001 0.0000E+000 0.0000E+000 0.0000E+000 0.4515E+002 0.4518E+002 0.4523E+002
0.1556E+002 0.1000E+001 0.0000E+000 0.0000E+000 0.2250E+001 0.0000E+000 0.0000E+000 0.0000E+000 0.4512E+002 0.4515E+002 0.4520E+002
0.1555E+002 0.1000E+001 0.0000E+000 0.0000E+000 0.2250E+001 0.0000E+000 0.0000E+000 0.0000E+000 0.4509E+002 0.4512E+002 0.4518E+002
0.1554E+002 0.1000E+001 0.0000E+000 0.0000E+000 0.2250E+001 0.0000E+000 0.0000E+000 0.0000E+000 0.4507E+002 0.4509E+002 0.4515E+002
0.1553E+002 0.1000E+001 0.0000E+000 0.0000E+000 0.2250E+001 0.0000E+000 0.0000E+000 0.0000E+000 0.4504E+002 0.4507E+002 0.4512E+002
0.1552E+002 0.1000E+001 0.0000E+000 0.0000E+000 0.2250E+001 0.0000E+000 0.0000E+000 0.0000E+000 0.4501E+002 0.4504E+002 0.4509E+002
0.1551E+002 0.1000E+001 0.0000E+000 0.0000E+000 0.2250E+001 0.0000E+000 0.0000E+000 0.0000E+000 0.4498E+002 0.4501E+002 0.4507E+002
0.1550E+002 0.1000E+001 0.0000E+000 0.0000E+000 0.2250E+001 0.0000E+000 0.0000E+000 0.0000E+000 0.4496E+002 0.4498E+002 0.4504E+002
0.1549E+002 0.1000E+001 0.0000E+000 0.0000E+000 0.2250E+001 0.0000E+000 0.0000E+000 0.0000E+000 0.4493E+002 0.4496E+002 0.4501E+002
0.1548E+002 0.1000E+001 0.0000E+000 0.0000E+000 0.2250E+001 0.0000E+000 0.0000E+000 0.0000E+000 0.4490E+002 0.4493E+002 0.4498E+002
0.1547E+002 0.1000E+001 0.0000E+000 0.0000E+000 0.2250E+001 0.0000E+000 0.0000E+000 0.0000E+000 0.4488E+002 0.4490E+002 0.4496E+002
0.1546E+002 0.1000E+001 0.0000E+000 0.0000E+000 0.2250E+001 0.0000E+000 0.0000E+000 0.0000E+000 0.4485E+002 0.4488E+002 0.4493E+002
0.1545E+002 0.1000E+001 0.0000E+000 0.0000E+000 0.2250E+001 0.0000E+000 0.0000E+000 0.0000E+000 0.4482E+002 0.4485E+002 0.4490E+002
0.1544E+002 0.1000E+001 0.0000E+000 0.0000E+000 0.2250E+001 0.0000E+000 0.0000E+000 0.0000E+000 0.4479E+002 0.4482E+002 0.4488E+002
0.1543E+002 0.1000E+001 0.0000E+000 0.0000E+000 0.2250E+001 0.0000E+000 0.0000E+000 0.0000E+000 0.4477E+002 0.4479E+002 0.4485E+002
0.1542E+002 0.1000E+001 0.0000E+000 0.0000E+000 0.2250E+001 0.0000E+000 0.0000E+000 0.0000E+000 0.4474E+002 0.4477E+002 0.4482E+002
0.1541E+002 0.1000E+001 0.0000E+000 0.0000E+000 0.2250E+001 0.0000E+000 0.0000E+000 0.0000E+000 0.4471E+002 0.4474E+002 0.4479E+002
0.1540E+002 0.1000E+001 0.0000E+000 0.0000E+000 0.2250E+001 0.0000E+000 0.0000E+000 0.0000E+000 0.4468E+002 0.4471E+002 0.4477E+002
0.1539E+002 0.1000E+001 0.0000E+000 0.0000E+000 0.2250E+001 0.0000E+000 0.0000E+000 0.0000E+000 0.4466E+002 0.4468E+002 0.4474E+002
0.1538E+002 0.1000E+001 0.0000E+000 0.0000E+000 0.2250E+001 0.0000E+000 0.0000E+000 0.0000E+000 0.4463E+002 0.4466E+002 0.4471E+002
0.1537E+002 0.1000E+001 0.0000E+000 0.0000E+000 0.2250E+001 0.0000E+000 0.0000E+000 0.0000E+000 0.4460E+002 0.4463E+002 0.4468E+002
0.1536E+002 0.1000E+001 0.0000E+000 0.0000E+000 0.2250E+001 0.0000E+000 0.0000E+000 0.0000E+000 0.4458E+002 0.4460E+002 0.4466E+002
0.1535E+002 0.1000E+001 0.0000E+000 0.0000E+000 0.2250E+001 0.0000E+000 0.0000E+000 0.0000E+000 0.4455E+002 0.4458E+002 0.4463E+002
0.1534E+002 0.1000E+001 0.0000E+000 0.0000E+000 0.2250E+001 0.0000E+000 0.0000E+000 0.0000E+000 0.4452E+002 0.4455E+002 0.4460E+002
0.1533E+002 0.1000E+001 0.0000E+000 0.0000E+000 0.2250E+001 0.0000E+000 0.0000E+000 0.0000E+000 0.4449E+002 0.4452E+002 0.4458E+002
0.1532E+002 0.1000E+001 0.0000E+000 0.0000E+000 0.2250E+001 0.0000E+000 0.0000E+000 0.0000E+000 0.4447E+002 0.4449E+002 0.4455E+002
0.1531E+002 0.1000E+001 0.0000E+000 0.0000E+000 0.2250E+001 0.0000E+000 0.0000E+000 0.0000E+000 0.4444E+002 0.4447E+002 0.4452E+002
0.1530E+002 0.1000E+001 0.0000E+000 0.0000E+000 0.2250E+001 0.0000E+000 0.0000E+000 0.0000E+000 0.4441E+002 0.4444E+002 0.4449E+002
0.1529E+002 0.1000E+001 0.0000E+000 0.0000E+000 0.2250E+001 0.0000E+000 0.0000E+000 0.0000E+000 0.4438E+002 0.4441E+002 0.4447E+002
0.1528E+002 0.1000E+001 0.0000E+000 0.0000E+000 0.2250E+001 0.0000E+000 0.0000E+000 0.0000E+000 0.4436E+002 0.4438E+002 0.4444E+002
0.1527E+002 0.1000E+001 0.0000E+000 0.0000E+000 0.2250E+001 0.0000E+000 0.0000E+000 0.0000E+000 0.4433E+002 0.4436E+002 0.4441E+002
0.1526E+002 0.1000E+001 0.0000E+000 0.0000E+000 0.2250E+001 0.0000E+000 0.0000E+000 0.0000E+000 0.4430E+002 0.4433E+002 0.4438E+002
0.1525E+002 0.1000E+001 0.0000E+000 0.0000E+000 0.2250E+001 0.0000E+000 0.0000E+000 0.0000E+000 0.4428E+002 0.4430E+002 0.4436E+002
0.1524E+002 0.1000E+001 0.0000E+000 0.0000E+000 0.2250E+001 0.0000E+000 0.0000E+000 0.0000E+000 0.4425E+002 0.4428E+002 0.4433E+002
0.1523E+002 0.1000E+001 0.0000E+000 0.0000E+000 0.2250E+001 0.0000E+000 0.0000E+000 0.0000E+000 0.4422E+002 0.4425E+002 0.4430E+002
0.1522E+002 0.1000E+001 0.0000E+000 0.0000E+000 0.2250E+001 0.0000E+000 0.0000E+000 0.0000E+000 0.4419E+002 0.4422E+002 0.4428E+002
0.1521E+002 0.1000E+001 0.0000E+000 0.0000E+000 0.2250E+001 0.0000E+000 0.0000E+000 0.0000E+000 0.4417E+002 0.4419E+002 0.4425E+002
0.1520E+002 0.1000E+001 0.0000E+000 0.0000E+000 0.2250E+001 0.0000E+000 0.0000E+000 0.0000E+000 0.4414E+002 0.4417E+002 0.4422E+002
0.1519E+002 0.1000E+001 0.0000E+000 0.0000E+000 0.2250E+001 0.0000E+000 0.0000E+000 0.0000E+000 0.4411E+002 0.4414E+002 0.4419E+002
0.1518E+002 0.1000E+001 0.0000E+000 0.0000E+000 0.2250E+001 0.0000E+000 0.0000E+000 0.0000E+000 0.4408E+002 0.4411E+002 0.4417E+002
0.1517E+002 0.1000E+001 0.0000E+000 0.0000E+000 0.2250E+001 0.0000E+000 0.0000E+000 0.0000E+000 0.4406E+002 0.4408E+002 0.4414E+002
0.1516E+002 0.1000E+001 0.0000E+000 0.0000E+000 0.2250E+001 0.0000E+000 0.0000E+000 0.0000E+000 0.4403E+002 0.4406E+002 0.4411E+002
0.1515E+002 0.1000E+001 0.0000E+000 0.0000E+000 0.2250E+001 0.0000E+000 0.0000E+000 0.0000E+000 0.4400E+002 0.4403E+002 0.4408E+002
0.1514E+002 0.1000E+001 0.0000E+000 0.0000E+000 0.2250E+001 0.0000E+000 0.0000E+000 0.0000E+000 0.4398E+002 0.4400E+002 0.4406E+002
0.1513E+002 0.1000E+001 0.0000E+000 0.0000E+000 0.2250E+001 0.0000E+000 0.0000E+000 0.0000E+000 0.4395E+002 0.4398E+002 0.4403E+002
0.1512E+002 0.1000E+001 0.0000E+000 0.0000E+000 0.2250E+001 0.0000E+000 0.0000E+000 0.0000E+000 0.4392E+002 0.4395E+002 0.4400E+002
0.1511E+002 0.1000E+001 0.0000E+000 0.0000E+000 0.2250E+001 0.0000E+000 0.0000E+000 0.0000E+000 0.4389E+002 0.4392E+002 0.4398E+002
0.1510E+002 0.1000E+001 0.0000E+000 0.0000E+000 0.2250E+001 0.0000E+000 0.0000E+000 0.0000E+000 0.4387E+002 0.4389E+002 0.4395E+002
0.1509E+002 0.1000E+001 0.0000E+000 0.0000E+000 0.2250E+001 0.0000E+000 0.0000E+000 0.0000E+000 0.4384E+002 0.4387E+002 0.4392E+002
0.1508E+002 0.1000E+001 0.0000E+000 0.0000E+000 0.2250E+001 0.0000E+000 0.0000E+000 0.0000E+000 0.4381E+002 0.4384E+002 0.4389E+002
0.1507E+002 0.1000E+001 0.0000E+000 0.0000E+000 0.2250E+001 0.0000E+000 0.0000E+000 0.0000E+000 0.4378E+002 0.4381E+002 0.4387E+002
0.1506E+002 0.1000E+001 0.0000E+000 0.0000E+000 0.2250E+001 0.0000E+000 0.0000E+000 0.0000E+000 0.4376E+002 0.4378E+002 0.4384E+002
0.1505E+002 0.1000E+001 0.0000E+000 0.0000E+000 0.2250E+001 0.0000E+000 0.0000E+000 0.0000E+000 0.4373E+002 0.4376E+002 0.4381E+002
0.1504E+002 0.1000E+001 0.0000E+000 0.0000E+000 0.2250E+001 0.0000E+000 0.0000E+000 0.0000E+000 0.4370E+002 0.4373E+002 0.4378E+002
0.1503E+002 0.1000E+001 0.0000E+000 0.0000E+000 0.2250E+001 0.0000E+000 0.0000E+000 0.0000E+000 0.4368E+002 0.4370E+002 0.4376E+002
0.1502E+002 0.1000E+001 0.0000E+000 0.0000E+000 0.2250E+001 0.0000E+000 0.0000E+000 0.0000E+000 0.4365E+002 0.4368E+002 0.4373E+002
0.1501E+002 0.1000E+001 0.0000E+000 0.0000E+000 0.2250E+001 0.0000E+000 0.0000E+000 0.0000E+000 0.4362E+002 0.4365E+002 0.4370E+002
0.1500E+002 0.1000E+001 0.0000E+000 0.0000E+000 0.2250E+001 0.0000E+000 0.0000E+000 0.0000E+000 0.4359E+002 0.4362E+002 0.4368E+002
0.1400E+002 0.1000E+001 0.0000E+000 0.0000E+000 0.2250E+001 0.0000E+000 0.0000E+000 0.0000E+000 0.3565E+002 0.4359E+002 0.4365E+002
0.1300E+002 0.1000E+001 0.0000E+000 0.0000E+000 0.2250E+001 0.0000E+000 0.0000E+000 0.0000E+000 0.3293E+002 0.3565E+002 0.4092E+002
0.1200E+002 0.1000E+001 0.0000E+000 0.0000E+000 0.2250E+001 0.0000E+000 0.0000E+000 0.0000E+000 0.3022E+002 0.3293E+002 0.3819E+002
0.1100E+002 0.1000E+001 0.0000E+000 0.0000E+000 0.2250E+001 0.0000E+000 0.0000E+000 0.0000E+000 0.2751E+002 0.3022E+002 0.3546E+002
0.1000E+002 0.1000E+001 0.0000E+000 0.0000E+000 0.2250E+001 0.0000E+000 0.0000E+000 0.0000E+000 0.2480E+002 0.2751E+002 0.3274E+002
0.9000E+001 0.1000E+001 0.0000E+000 0.0000E+000 0.2250E+001 0.0000E+000 0.0000E+000 0.0000E+000 0.2210E+002 0.2480E+002 0.3001E+002
