   0.1973E+02  0.1000E+01  0.1000E+01  0.0000E+00  0.0000E+00  0.2266E+01  0.5655E+02
   0.2071E+02  0.0000E+00  0.0000E+00  0.1000E+01  0.0000E+00  0.2266E+01  0.5920E+02
   0.2070E+02  0.0000E+00  0.0000E+00  0.1000E+01  0.0000E+00  0.2266E+01  0.5917E+02
   0.2069E+02  0.0000E+00  0.0000E+00  0.1000E+01  0.0000E+00  0.2266E+01  0.5914E+02
   0.2068E+02  0.0000E+00  0.0000E+00  0.1000E+01  0.0000E+00  0.2266E+01  0.5912E+02
   0.2067E+02  0.0000E+00  0.0000E+00  0.1000E+01  0.0000E+00  0.2266E+01  0.5909E+02
   0.2066E+02  0.0000E+00  0.0000E+00  0.1000E+01  0.0000E+00  0.2266E+01  0.5906E+02
   0.2065E+02  0.0000E+00  0.0000E+00  0.1000E+01  0.0000E+00  0.2266E+01  0.5903E+02
   0.2064E+02  0.0000E+00  0.0000E+00  0.1000E+01  0.0000E+00  0.2266E+01  0.5901E+02
   0.2063E+02  0.0000E+00  0.0000E+00  0.1000E+01  0.0000E+00  0.2266E+01  0.5898E+02
   0.2062E+02  0.0000E+00  0.0000E+00  0.1000E+01  0.0000E+00  0.2266E+01  0.5895E+02
   0.2061E+02  0.0000E+00  0.0000E+00  0.1000E+01  0.0000E+00  0.2266E+01  0.5892E+02
   0.2060E+02  0.0000E+00  0.0000E+00  0.1000E+01  0.0000E+00  0.2266E+01  0.5890E+02
   0.2059E+02  0.0000E+00  0.0000E+00  0.1000E+01  0.0000E+00  0.2266E+01  0.5887E+02
   0.2058E+02  0.0000E+00  0.0000E+00  0.1000E+01  0.0000E+00  0.2266E+01  0.5884E+02
   0.2057E+02  0.0000E+00  0.0000E+00  0.1000E+01  0.0000E+00  0.2266E+01  0.5882E+02
   0.2056E+02  0.0000E+00  0.0000E+00  0.1000E+01  0.0000E+00  0.2266E+01  0.5879E+02
   0.2055E+02  0.0000E+00  0.0000E+00  0.1000E+01  0.0000E+00  0.2266E+01  0.5876E+02
   0.2054E+02  0.0000E+00  0.0000E+00  0.1000E+01  0.0000E+00  0.2266E+01  0.5873E+02
   0.2053E+02  0.0000E+00  0.0000E+00  0.1000E+01  0.0000E+00  0.2266E+01  0.5871E+02
   0.2052E+02  0.0000E+00  0.0000E+00  0.1000E+01  0.0000E+00  0.2266E+01  0.5868E+02
   0.2051E+02  0.0000E+00  0.0000E+00  0.1000E+01  0.0000E+00  0.2266E+01  0.5865E+02
   0.2050E+02  0.0000E+00  0.0000E+00  0.1000E+01  0.0000E+00  0.2266E+01  0.5862E+02
   0.2049E+02  0.0000E+00  0.0000E+00  0.1000E+01  0.0000E+00  0.2266E+01  0.5860E+02
   0.2048E+02  0.0000E+00  0.0000E+00  0.1000E+01  0.0000E+00  0.2266E+01  0.5857E+02
   0.2047E+02  0.0000E+00  0.0000E+00  0.1000E+01  0.0000E+00  0.2266E+01  0.5854E+02
   0.2046E+02  0.0000E+00  0.0000E+00  0.1000E+01  0.0000E+00  0.2266E+01  0.5852E+02
   0.2045E+02  0.0000E+00  0.0000E+00  0.1000E+01  0.0000E+00  0.2266E+01  0.5849E+02
   0.2044E+02  0.0000E+00  0.0000E+00  0.1000E+01  0.0000E+00  0.2266E+01  0.5846E+02
   0.2043E+02  0.0000E+00  0.0000E+00  0.1000E+01  0.0000E+00  0.2266E+01  0.5843E+02
   0.2042E+02  0.0000E+00  0.0000E+00  0.1000E+01  0.0000E+00  0.2266E+01  0.5841E+02
   0.2041E+02  0.0000E+00  0.0000E+00  0.1000E+01  0.0000E+00  0.2266E+01  0.5838E+02
   0.2040E+02  0.0000E+00  0.0000E+00  0.1000E+01  0.0000E+00  0.2266E+01  0.5835E+02
   0.2039E+02  0.0000E+00  0.0000E+00  0.1000E+01  0.0000E+00  0.2266E+01  0.5832E+02
   0.2038E+02  0.0000E+00  0.0000E+00  0.1000E+01  0.0000E+00  0.2266E+01  0.5830E+02
   0.2037E+02  0.0000E+00  0.0000E+00  0.1000E+01  0.0000E+00  0.2266E+01  0.5827E+02
   0.2036E+02  0.0000E+00  0.0000E+00  0.1000E+01  0.0000E+00  0.2266E+01  0.5824E+02
   0.2035E+02  0.0000E+00  0.0000E+00  0.1000E+01  0.0000E+00  0.2266E+01  0.5822E+02
   0.2034E+02  0.0000E+00  0.0000E+00  0.1000E+01  0.0000E+00  0.2266E+01  0.5819E+02
   0.2033E+02  0.0000E+00  0.0000E+00  0.1000E+01  0.0000E+00  0.2266E+01  0.5816E+02
   0.2032E+02  0.0000E+00  0.0000E+00  0.1000E+01  0.0000E+00  0.2266E+01  0.5813E+02
   0.2031E+02  0.0000E+00  0.0000E+00  0.1000E+01  0.0000E+00  0.2266E+01  0.5811E+02
   0.2030E+02  0.0000E+00  0.0000E+00  0.1000E+01  0.0000E+00  0.2266E+01  0.5808E+02
   0.2029E+02  0.0000E+00  0.0000E+00  0.1000E+01  0.0000E+00  0.2266E+01  0.5805E+02
   0.2028E+02  0.0000E+00  0.0000E+00  0.1000E+01  0.0000E+00  0.2266E+01  0.5802E+02
   0.2027E+02  0.0000E+00  0.0000E+00  0.1000E+01  0.0000E+00  0.2266E+01  0.5800E+02
   0.2026E+02  0.0000E+00  0.0000E+00  0.1000E+01  0.0000E+00  0.2266E+01  0.5797E+02
   0.2025E+02  0.0000E+00  0.0000E+00  0.1000E+01  0.0000E+00  0.2266E+01  0.5794E+02
   0.2024E+02  0.0000E+00  0.0000E+00  0.1000E+01  0.0000E+00  0.2266E+01  0.5792E+02
   0.2023E+02  0.0000E+00  0.0000E+00  0.1000E+01  0.0000E+00  0.2266E+01  0.5789E+02
   0.2022E+02  0.0000E+00  0.0000E+00  0.1000E+01  0.0000E+00  0.2266E+01  0.5786E+02
   0.2021E+02  0.0000E+00  0.0000E+00  0.1000E+01  0.0000E+00  0.2266E+01  0.5783E+02
   0.2020E+02  0.0000E+00  0.0000E+00  0.1000E+01  0.0000E+00  0.2266E+01  0.5781E+02
   0.2019E+02  0.0000E+00  0.0000E+00  0.1000E+01  0.0000E+00  0.2266E+01  0.5778E+02
   0.2018E+02  0.0000E+00  0.0000E+00  0.1000E+01  0.0000E+00  0.2266E+01  0.5775E+02
   0.2017E+02  0.0000E+00  0.0000E+00  0.1000E+01  0.0000E+00  0.2266E+01  0.5772E+02
   0.2016E+02  0.0000E+00  0.0000E+00  0.1000E+01  0.0000E+00  0.2266E+01  0.5770E+02
   0.2015E+02  0.0000E+00  0.0000E+00  0.1000E+01  0.0000E+00  0.2266E+01  0.5767E+02
   0.2014E+02  0.0000E+00  0.0000E+00  0.1000E+01  0.0000E+00  0.2266E+01  0.5764E+02
   0.2013E+02  0.0000E+00  0.0000E+00  0.1000E+01  0.0000E+00  0.2266E+01  0.5762E+02
   0.2012E+02  0.0000E+00  0.0000E+00  0.1000E+01  0.0000E+00  0.2266E+01  0.5759E+02
   0.2011E+02  0.0000E+00  0.0000E+00  0.1000E+01  0.0000E+00  0.2266E+01  0.5756E+02
   0.2010E+02  0.0000E+00  0.0000E+00  0.1000E+01  0.0000E+00  0.2266E+01  0.5753E+02
   0.2009E+02  0.0000E+00  0.0000E+00  0.1000E+01  0.0000E+00  0.2266E+01  0.5751E+02
   0.2008E+02  0.0000E+00  0.0000E+00  0.1000E+01  0.0000E+00  0.2266E+01  0.5748E+02
   0.2007E+02  0.0000E+00  0.0000E+00  0.1000E+01  0.0000E+00  0.2266E+01  0.5745E+02
   0.2006E+02  0.0000E+00  0.0000E+00  0.1000E+01  0.0000E+00  0.2266E+01  0.5742E+02
   0.2005E+02  0.0000E+00  0.0000E+00  0.1000E+01  0.0000E+00  0.2266E+01  0.5740E+02
   0.2004E+02  0.0000E+00  0.0000E+00  0.1000E+01  0.0000E+00  0.2266E+01  0.5737E+02
   0.2003E+02  0.0000E+00  0.0000E+00  0.1000E+01  0.0000E+00  0.2266E+01  0.5734E+02
   0.2002E+02  0.0000E+00  0.0000E+00  0.1000E+01  0.0000E+00  0.2266E+01  0.5732E+02
   0.2001E+02  0.0000E+00  0.0000E+00  0.1000E+01  0.0000E+00  0.2266E+01  0.5729E+02
   0.2000E+02  0.0000E+00  0.0000E+00  0.1000E+01  0.0000E+00  0.2266E+01  0.5726E+02
   0.1999E+02  0.0000E+00  0.0000E+00  0.1000E+01  0.0000E+00  0.2266E+01  0.5723E+02
   0.1998E+02  0.0000E+00  0.0000E+00  0.1000E+01  0.0000E+00  0.2266E+01  0.5721E+02
   0.1997E+02  0.0000E+00  0.0000E+00  0.1000E+01  0.0000E+00  0.2266E+01  0.5718E+02
   0.1996E+02  0.0000E+00  0.0000E+00  0.1000E+01  0.0000E+00  0.2266E+01  0.5715E+02
   0.1995E+02  0.0000E+00  0.0000E+00  0.1000E+01  0.0000E+00  0.2266E+01  0.5712E+02
   0.1994E+02  0.0000E+00  0.0000E+00  0.1000E+01  0.0000E+00  0.2266E+01  0.5710E+02
   0.1993E+02  0.0000E+00  0.0000E+00  0.1000E+01  0.0000E+00  0.2266E+01  0.5707E+02
   0.1992E+02  0.0000E+00  0.0000E+00  0.1000E+01  0.0000E+00  0.2266E+01  0.5704E+02
   0.1991E+02  0.0000E+00  0.0000E+00  0.1000E+01  0.0000E+00  0.2266E+01  0.5702E+02
   0.1990E+02  0.0000E+00  0.0000E+00  0.1000E+01  0.0000E+00  0.2266E+01  0.5699E+02
   0.1989E+02  0.0000E+00  0.0000E+00  0.1000E+01  0.0000E+00  0.2266E+01  0.5696E+02
   0.1988E+02  0.0000E+00  0.0000E+00  0.1000E+01  0.0000E+00  0.2266E+01  0.5693E+02
   0.1987E+02  0.0000E+00  0.0000E+00  0.1000E+01  0.0000E+00  0.2266E+01  0.5691E+02
   0.1986E+02  0.0000E+00  0.0000E+00  0.1000E+01  0.0000E+00  0.2266E+01  0.5688E+02
   0.1985E+02  0.0000E+00  0.0000E+00  0.1000E+01  0.0000E+00  0.2266E+01  0.5685E+02
   0.1984E+02  0.0000E+00  0.0000E+00  0.1000E+01  0.0000E+00  0.2266E+01  0.5682E+02
   0.1983E+02  0.0000E+00  0.0000E+00  0.1000E+01  0.0000E+00  0.2266E+01  0.5680E+02
   0.1982E+02  0.0000E+00  0.0000E+00  0.1000E+01  0.0000E+00  0.2266E+01  0.5677E+02
   0.1981E+02  0.0000E+00  0.0000E+00  0.1000E+01  0.0000E+00  0.2266E+01  0.5674E+02
   0.1980E+02  0.0000E+00  0.0000E+00  0.1000E+01  0.0000E+00  0.2266E+01  0.5672E+02
   0.1979E+02  0.0000E+00  0.0000E+00  0.1000E+01  0.0000E+00  0.2266E+01  0.5669E+02
   0.1978E+02  0.0000E+00  0.0000E+00  0.1000E+01  0.0000E+00  0.2266E+01  0.5666E+02
   0.1977E+02  0.0000E+00  0.0000E+00  0.1000E+01  0.0000E+00  0.2266E+01  0.5663E+02
   0.1976E+02  0.0000E+00  0.0000E+00  0.1000E+01  0.0000E+00  0.2266E+01  0.5661E+02
   0.1975E+02  0.0000E+00  0.0000E+00  0.1000E+01  0.0000E+00  0.2266E+01  0.5658E+02
   0.1974E+02  0.0000E+00  0.0000E+00  0.1000E+01  0.0000E+00  0.2266E+01  0.5655E+02
   0.1973E+02  0.0000E+00  0.0000E+00  0.1000E+01  0.0000E+00  0.2266E+01  0.5652E+02
   0.1972E+02  0.0000E+00  0.0000E+00  0.1000E+01  0.0000E+00  0.2266E+01  0.5650E+02
   0.1971E+02  0.0000E+00  0.0000E+00  0.1000E+01  0.0000E+00  0.2266E+01  0.5647E+02
   0.1970E+02  0.0000E+00  0.0000E+00  0.1000E+01  0.0000E+00  0.2266E+01  0.5644E+02
   0.1969E+02  0.0000E+00  0.0000E+00  0.1000E+01  0.0000E+00  0.2266E+01  0.5642E+02
   0.1968E+02  0.0000E+00  0.0000E+00  0.1000E+01  0.0000E+00  0.2266E+01  0.5639E+02
   0.1967E+02  0.0000E+00  0.0000E+00  0.1000E+01  0.0000E+00  0.2266E+01  0.5636E+02
   0.1966E+02  0.0000E+00  0.0000E+00  0.1000E+01  0.0000E+00  0.2266E+01  0.5633E+02
   0.1965E+02  0.0000E+00  0.0000E+00  0.1000E+01  0.0000E+00  0.2266E+01  0.5631E+02
   0.1964E+02  0.0000E+00  0.0000E+00  0.1000E+01  0.0000E+00  0.2266E+01  0.5628E+02
   0.1963E+02  0.0000E+00  0.0000E+00  0.1000E+01  0.0000E+00  0.2266E+01  0.5625E+02
   0.1962E+02  0.0000E+00  0.0000E+00  0.1000E+01  0.0000E+00  0.2266E+01  0.5622E+02
   0.1961E+02  0.0000E+00  0.0000E+00  0.1000E+01  0.0000E+00  0.2266E+01  0.5620E+02
   0.1960E+02  0.0000E+00  0.0000E+00  0.1000E+01  0.0000E+00  0.2266E+01  0.5617E+02
   0.1959E+02  0.0000E+00  0.0000E+00  0.1000E+01  0.0000E+00  0.2266E+01  0.5614E+02
   0.1958E+02  0.0000E+00  0.0000E+00  0.1000E+01  0.0000E+00  0.2266E+01  0.5611E+02
   0.1957E+02  0.0000E+00  0.0000E+00  0.1000E+01  0.0000E+00  0.2266E+01  0.5609E+02
   0.1956E+02  0.0000E+00  0.0000E+00  0.1000E+01  0.0000E+00  0.2266E+01  0.5606E+02
   0.1955E+02  0.0000E+00  0.0000E+00  0.1000E+01  0.0000E+00  0.2266E+01  0.5603E+02
   0.1954E+02  0.0000E+00  0.0000E+00  0.1000E+01  0.0000E+00  0.2266E+01  0.5601E+02
   0.1953E+02  0.0000E+00  0.0000E+00  0.1000E+01  0.0000E+00  0.2266E+01  0.5598E+02
   0.1952E+02  0.0000E+00  0.0000E+00  0.1000E+01  0.0000E+00  0.2266E+01  0.5595E+02
   0.1951E+02  0.0000E+00  0.0000E+00  0.1000E+01  0.0000E+00  0.2266E+01  0.5592E+02
   0.1950E+02  0.0000E+00  0.0000E+00  0.1000E+01  0.0000E+00  0.2266E+01  0.5590E+02
   0.1949E+02  0.0000E+00  0.0000E+00  0.1000E+01  0.0000E+00  0.2266E+01  0.5587E+02
   0.1948E+02  0.0000E+00  0.0000E+00  0.1000E+01  0.0000E+00  0.2266E+01  0.5584E+02
   0.1947E+02  0.0000E+00  0.0000E+00  0.1000E+01  0.0000E+00  0.2266E+01  0.5581E+02
   0.1946E+02  0.0000E+00  0.0000E+00  0.1000E+01  0.0000E+00  0.2266E+01  0.5579E+02
   0.1945E+02  0.0000E+00  0.0000E+00  0.1000E+01  0.0000E+00  0.2266E+01  0.5576E+02
   0.1944E+02  0.0000E+00  0.0000E+00  0.1000E+01  0.0000E+00  0.2266E+01  0.5573E+02
   0.1943E+02  0.0000E+00  0.0000E+00  0.1000E+01  0.0000E+00  0.2266E+01  0.5571E+02
   0.1942E+02  0.0000E+00  0.0000E+00  0.1000E+01  0.0000E+00  0.2266E+01  0.5568E+02
   0.1941E+02  0.0000E+00  0.0000E+00  0.1000E+01  0.0000E+00  0.2266E+01  0.5565E+02
   0.1940E+02  0.0000E+00  0.0000E+00  0.1000E+01  0.0000E+00  0.2266E+01  0.5562E+02
   0.1939E+02  0.0000E+00  0.0000E+00  0.1000E+01  0.0000E+00  0.2266E+01  0.5560E+02
   0.1938E+02  0.0000E+00  0.0000E+00  0.1000E+01  0.0000E+00  0.2266E+01  0.5557E+02
   0.1937E+02  0.0000E+00  0.0000E+00  0.1000E+01  0.0000E+00  0.2266E+01  0.5554E+02
   0.1936E+02  0.0000E+00  0.0000E+00  0.1000E+01  0.0000E+00  0.2266E+01  0.5551E+02
   0.1935E+02  0.0000E+00  0.0000E+00  0.1000E+01  0.0000E+00  0.2266E+01  0.5549E+02
   0.1934E+02  0.0000E+00  0.0000E+00  0.1000E+01  0.0000E+00  0.2266E+01  0.5546E+02
   0.1933E+02  0.0000E+00  0.0000E+00  0.1000E+01  0.0000E+00  0.2266E+01  0.5543E+02
   0.1932E+02  0.0000E+00  0.0000E+00  0.1000E+01  0.0000E+00  0.2266E+01  0.5541E+02
   0.1931E+02  0.0000E+00  0.0000E+00  0.1000E+01  0.0000E+00  0.2266E+01  0.5538E+02
   0.1930E+02  0.0000E+00  0.0000E+00  0.1000E+01  0.0000E+00  0.2266E+01  0.5535E+02
   0.1929E+02  0.0000E+00  0.0000E+00  0.1000E+01  0.0000E+00  0.2266E+01  0.5532E+02
   0.1928E+02  0.0000E+00  0.0000E+00  0.1000E+01  0.0000E+00  0.2266E+01  0.5530E+02
   0.1927E+02  0.0000E+00  0.0000E+00  0.1000E+01  0.0000E+00  0.2266E+01  0.5527E+02
   0.1926E+02  0.0000E+00  0.0000E+00  0.1000E+01  0.0000E+00  0.2266E+01  0.5524E+02
   0.1925E+02  0.0000E+00  0.0000E+00  0.1000E+01  0.0000E+00  0.2266E+01  0.5521E+02
   0.1924E+02  0.0000E+00  0.0000E+00  0.1000E+01  0.0000E+00  0.2266E+01  0.5519E+02
   0.1923E+02  0.0000E+00  0.0000E+00  0.1000E+01  0.0000E+00  0.2266E+01  0.5516E+02
   0.1922E+02  0.0000E+00  0.0000E+00  0.1000E+01  0.0000E+00  0.2266E+01  0.5513E+02
   0.1921E+02  0.0000E+00  0.0000E+00  0.1000E+01  0.0000E+00  0.2266E+01  0.5511E+02
   0.1920E+02  0.0000E+00  0.0000E+00  0.1000E+01  0.0000E+00  0.2266E+01  0.5508E+02
   0.1919E+02  0.0000E+00  0.0000E+00  0.1000E+01  0.0000E+00  0.2266E+01  0.5505E+02
   0.1918E+02  0.0000E+00  0.0000E+00  0.1000E+01  0.0000E+00  0.2266E+01  0.5502E+02
   0.1917E+02  0.0000E+00  0.0000E+00  0.1000E+01  0.0000E+00  0.2266E+01  0.5500E+02
   0.1916E+02  0.0000E+00  0.0000E+00  0.1000E+01  0.0000E+00  0.2266E+01  0.5497E+02
   0.1915E+02  0.0000E+00  0.0000E+00  0.1000E+01  0.0000E+00  0.2266E+01  0.5494E+02
   0.1914E+02  0.0000E+00  0.0000E+00  0.1000E+01  0.0000E+00  0.2266E+01  0.5491E+02
   0.1913E+02  0.0000E+00  0.0000E+00  0.1000E+01  0.0000E+00  0.2266E+01  0.5489E+02
   0.1912E+02  0.0000E+00  0.0000E+00  0.1000E+01  0.0000E+00  0.2266E+01  0.5486E+02
   0.1911E+02  0.0000E+00  0.0000E+00  0.1000E+01  0.0000E+00  0.2266E+01  0.5483E+02
   0.1910E+02  0.0000E+00  0.0000E+00  0.1000E+01  0.0000E+00  0.2266E+01  0.5481E+02
   0.1909E+02  0.0000E+00  0.0000E+00  0.1000E+01  0.0000E+00  0.2266E+01  0.5478E+02
   0.1908E+02  0.0000E+00  0.0000E+00  0.1000E+01  0.0000E+00  0.2266E+01  0.5475E+02
   0.1907E+02  0.0000E+00  0.0000E+00  0.1000E+01  0.0000E+00  0.2266E+01  0.5472E+02
   0.1906E+02  0.0000E+00  0.0000E+00  0.1000E+01  0.0000E+00  0.2266E+01  0.5470E+02
   0.1905E+02  0.0000E+00  0.0000E+00  0.1000E+01  0.0000E+00  0.2266E+01  0.5467E+02
   0.1904E+02  0.0000E+00  0.0000E+00  0.1000E+01  0.0000E+00  0.2266E+01  0.5464E+02
   0.1903E+02  0.0000E+00  0.0000E+00  0.1000E+01  0.0000E+00  0.2266E+01  0.5461E+02
   0.1902E+02  0.0000E+00  0.0000E+00  0.1000E+01  0.0000E+00  0.2266E+01  0.5459E+02
   0.1901E+02  0.0000E+00  0.0000E+00  0.1000E+01  0.0000E+00  0.2266E+01  0.5456E+02
   0.1900E+02  0.0000E+00  0.0000E+00  0.1000E+01  0.0000E+00  0.2266E+01  0.5453E+02
   0.1899E+02  0.0000E+00  0.0000E+00  0.1000E+01  0.0000E+00  0.2266E+01  0.5451E+02
   0.1898E+02  0.0000E+00  0.0000E+00  0.1000E+01  0.0000E+00  0.2266E+01  0.5448E+02
   0.1897E+02  0.0000E+00  0.0000E+00  0.1000E+01  0.0000E+00  0.2266E+01  0.5445E+02
   0.1896E+02  0.0000E+00  0.0000E+00  0.1000E+01  0.0000E+00  0.2266E+01  0.5442E+02
   0.1895E+02  0.0000E+00  0.0000E+00  0.1000E+01  0.0000E+00  0.2266E+01  0.5440E+02
   0.1894E+02  0.0000E+00  0.0000E+00  0.1000E+01  0.0000E+00  0.2266E+01  0.5437E+02
   0.1893E+02  0.0000E+00  0.0000E+00  0.1000E+01  0.0000E+00  0.2266E+01  0.5434E+02
   0.1892E+02  0.0000E+00  0.0000E+00  0.1000E+01  0.0000E+00  0.2266E+01  0.5431E+02
   0.1891E+02  0.0000E+00  0.0000E+00  0.1000E+01  0.0000E+00  0.2266E+01  0.5429E+02
   0.1890E+02  0.0000E+00  0.0000E+00  0.1000E+01  0.0000E+00  0.2266E+01  0.5426E+02
   0.1889E+02  0.0000E+00  0.0000E+00  0.1000E+01  0.0000E+00  0.2266E+01  0.5423E+02
   0.1888E+02  0.0000E+00  0.0000E+00  0.1000E+01  0.0000E+00  0.2266E+01  0.5421E+02
   0.1887E+02  0.0000E+00  0.0000E+00  0.1000E+01  0.0000E+00  0.2266E+01  0.5418E+02
   0.1886E+02  0.0000E+00  0.0000E+00  0.1000E+01  0.0000E+00  0.2266E+01  0.5415E+02
   0.1885E+02  0.0000E+00  0.0000E+00  0.1000E+01  0.0000E+00  0.2266E+01  0.5412E+02
   0.1884E+02  0.0000E+00  0.0000E+00  0.1000E+01  0.0000E+00  0.2266E+01  0.5410E+02
   0.1883E+02  0.0000E+00  0.0000E+00  0.1000E+01  0.0000E+00  0.2266E+01  0.5407E+02
   0.1882E+02  0.0000E+00  0.0000E+00  0.1000E+01  0.0000E+00  0.2266E+01  0.5404E+02
   0.1881E+02  0.0000E+00  0.0000E+00  0.1000E+01  0.0000E+00  0.2266E+01  0.5401E+02
   0.1880E+02  0.0000E+00  0.0000E+00  0.1000E+01  0.0000E+00  0.2266E+01  0.5399E+02
   0.1879E+02  0.0000E+00  0.0000E+00  0.1000E+01  0.0000E+00  0.2266E+01  0.5396E+02
   0.1878E+02  0.0000E+00  0.0000E+00  0.1000E+01  0.0000E+00  0.2266E+01  0.5393E+02
   0.1877E+02  0.0000E+00  0.0000E+00  0.1000E+01  0.0000E+00  0.2266E+01  0.5391E+02
   0.1876E+02  0.0000E+00  0.0000E+00  0.1000E+01  0.0000E+00  0.2266E+01  0.5388E+02
   0.1875E+02  0.0000E+00  0.0000E+00  0.1000E+01  0.0000E+00  0.2266E+01  0.5385E+02
   0.1874E+02  0.0000E+00  0.0000E+00  0.1000E+01  0.0000E+00  0.2266E+01  0.5382E+02
   0.1873E+02  0.0000E+00  0.0000E+00  0.1000E+01  0.0000E+00  0.2266E+01  0.5380E+02
   0.1872E+02  0.0000E+00  0.0000E+00  0.1000E+01  0.0000E+00  0.2266E+01  0.5377E+02
   0.1871E+02  0.0000E+00  0.0000E+00  0.1000E+01  0.0000E+00  0.2266E+01  0.5374E+02
   0.1870E+02  0.0000E+00  0.0000E+00  0.1000E+01  0.0000E+00  0.2266E+01  0.5371E+02
   0.1869E+02  0.0000E+00  0.0000E+00  0.1000E+01  0.0000E+00  0.2266E+01  0.5369E+02
   0.1868E+02  0.0000E+00  0.0000E+00  0.1000E+01  0.0000E+00  0.2266E+01  0.5366E+02
   0.1867E+02  0.0000E+00  0.0000E+00  0.1000E+01  0.0000E+00  0.2266E+01  0.5363E+02
   0.1866E+02  0.0000E+00  0.0000E+00  0.1000E+01  0.0000E+00  0.2266E+01  0.5361E+02
   0.1865E+02  0.0000E+00  0.0000E+00  0.1000E+01  0.0000E+00  0.2266E+01  0.5358E+02
   0.1864E+02  0.0000E+00  0.0000E+00  0.1000E+01  0.0000E+00  0.2266E+01  0.5355E+02
   0.1863E+02  0.0000E+00  0.0000E+00  0.1000E+01  0.0000E+00  0.2266E+01  0.5352E+02
   0.1862E+02  0.0000E+00  0.0000E+00  0.1000E+01  0.0000E+00  0.2266E+01  0.5350E+02
   0.1861E+02  0.0000E+00  0.0000E+00  0.1000E+01  0.0000E+00  0.2266E+01  0.5347E+02
   0.1860E+02  0.0000E+00  0.0000E+00  0.1000E+01  0.0000E+00  0.2266E+01  0.5344E+02
   0.1859E+02  0.0000E+00  0.0000E+00  0.1000E+01  0.0000E+00  0.2266E+01  0.5341E+02
   0.1858E+02  0.0000E+00  0.0000E+00  0.1000E+01  0.0000E+00  0.2266E+01  0.5339E+02
   0.1857E+02  0.0000E+00  0.0000E+00  0.1000E+01  0.0000E+00  0.2266E+01  0.5336E+02
   0.1856E+02  0.0000E+00  0.0000E+00  0.1000E+01  0.0000E+00  0.2266E+01  0.5333E+02
   0.1855E+02  0.0000E+00  0.0000E+00  0.1000E+01  0.0000E+00  0.2266E+01  0.5331E+02
   0.1854E+02  0.0000E+00  0.0000E+00  0.1000E+01  0.0000E+00  0.2266E+01  0.5328E+02
   0.1853E+02  0.0000E+00  0.0000E+00  0.1000E+01  0.0000E+00  0.2266E+01  0.5325E+02
   0.1852E+02  0.0000E+00  0.0000E+00  0.1000E+01  0.0000E+00  0.2266E+01  0.5322E+02
   0.1851E+02  0.0000E+00  0.0000E+00  0.1000E+01  0.0000E+00  0.2266E+01  0.5320E+02
   0.1850E+02  0.0000E+00  0.0000E+00  0.1000E+01  0.0000E+00  0.2266E+01  0.5317E+02
   0.1849E+02  0.0000E+00  0.0000E+00  0.1000E+01  0.0000E+00  0.2266E+01  0.5314E+02
   0.1848E+02  0.0000E+00  0.0000E+00  0.1000E+01  0.0000E+00  0.2266E+01  0.5311E+02
   0.1847E+02  0.0000E+00  0.0000E+00  0.1000E+01  0.0000E+00  0.2266E+01  0.5309E+02
   0.1846E+02  0.0000E+00  0.0000E+00  0.1000E+01  0.0000E+00  0.2266E+01  0.5306E+02
   0.1845E+02  0.0000E+00  0.0000E+00  0.1000E+01  0.0000E+00  0.2266E+01  0.5303E+02
   0.1844E+02  0.0000E+00  0.0000E+00  0.1000E+01  0.0000E+00  0.2266E+01  0.5301E+02
   0.1843E+02  0.0000E+00  0.0000E+00  0.1000E+01  0.0000E+00  0.2266E+01  0.5298E+02
   0.1842E+02  0.0000E+00  0.0000E+00  0.1000E+01  0.0000E+00  0.2266E+01  0.5295E+02
   0.1841E+02  0.0000E+00  0.0000E+00  0.1000E+01  0.0000E+00  0.2266E+01  0.5292E+02
   0.1840E+02  0.0000E+00  0.0000E+00  0.1000E+01  0.0000E+00  0.2266E+01  0.5290E+02
   0.1839E+02  0.0000E+00  0.0000E+00  0.1000E+01  0.0000E+00  0.2266E+01  0.5287E+02
   0.1838E+02  0.0000E+00  0.0000E+00  0.1000E+01  0.0000E+00  0.2266E+01  0.5284E+02
   0.1837E+02  0.0000E+00  0.0000E+00  0.1000E+01  0.0000E+00  0.2266E+01  0.5281E+02
   0.1836E+02  0.0000E+00  0.0000E+00  0.1000E+01  0.0000E+00  0.2266E+01  0.5279E+02
   0.1835E+02  0.0000E+00  0.0000E+00  0.1000E+01  0.0000E+00  0.2266E+01  0.5276E+02
   0.1834E+02  0.0000E+00  0.0000E+00  0.1000E+01  0.0000E+00  0.2266E+01  0.5273E+02
   0.1833E+02  0.0000E+00  0.0000E+00  0.1000E+01  0.0000E+00  0.2266E+01  0.5270E+02
   0.1832E+02  0.0000E+00  0.0000E+00  0.1000E+01  0.0000E+00  0.2266E+01  0.5268E+02
   0.1831E+02  0.0000E+00  0.0000E+00  0.1000E+01  0.0000E+00  0.2266E+01  0.5265E+02
   0.1830E+02  0.0000E+00  0.0000E+00  0.1000E+01  0.0000E+00  0.2266E+01  0.5262E+02
   0.1829E+02  0.0000E+00  0.0000E+00  0.1000E+01  0.0000E+00  0.2266E+01  0.5260E+02
   0.1828E+02  0.0000E+00  0.0000E+00  0.1000E+01  0.0000E+00  0.2266E+01  0.5257E+02
   0.1827E+02  0.0000E+00  0.0000E+00  0.1000E+01  0.0000E+00  0.2266E+01  0.5254E+02
   0.1826E+02  0.0000E+00  0.0000E+00  0.1000E+01  0.0000E+00  0.2266E+01  0.5251E+02
   0.1825E+02  0.0000E+00  0.0000E+00  0.1000E+01  0.0000E+00  0.2266E+01  0.5249E+02
   0.1824E+02  0.0000E+00  0.0000E+00  0.1000E+01  0.0000E+00  0.2266E+01  0.5246E+02
   0.1823E+02  0.0000E+00  0.0000E+00  0.1000E+01  0.0000E+00  0.2266E+01  0.5243E+02
   0.1822E+02  0.0000E+00  0.0000E+00  0.1000E+01  0.0000E+00  0.2266E+01  0.5240E+02
   0.1821E+02  0.0000E+00  0.0000E+00  0.1000E+01  0.0000E+00  0.2266E+01  0.5238E+02
   0.1820E+02  0.0000E+00  0.0000E+00  0.1000E+01  0.0000E+00  0.2266E+01  0.5235E+02
   0.1819E+02  0.0000E+00  0.0000E+00  0.1000E+01  0.0000E+00  0.2266E+01  0.5232E+02
   0.1818E+02  0.0000E+00  0.0000E+00  0.1000E+01  0.0000E+00  0.2266E+01  0.5230E+02
   0.1817E+02  0.0000E+00  0.0000E+00  0.1000E+01  0.0000E+00  0.2266E+01  0.5227E+02
   0.1816E+02  0.0000E+00  0.0000E+00  0.1000E+01  0.0000E+00  0.2266E+01  0.5224E+02
   0.1815E+02  0.0000E+00  0.0000E+00  0.1000E+01  0.0000E+00  0.2266E+01  0.5221E+02
   0.1814E+02  0.0000E+00  0.0000E+00  0.1000E+01  0.0000E+00  0.2266E+01  0.5219E+02
   0.1813E+02  0.0000E+00  0.0000E+00  0.1000E+01  0.0000E+00  0.2266E+01  0.5216E+02
   0.1812E+02  0.0000E+00  0.0000E+00  0.1000E+01  0.0000E+00  0.2266E+01  0.5213E+02
   0.1811E+02  0.0000E+00  0.0000E+00  0.1000E+01  0.0000E+00  0.2266E+01  0.5210E+02
   0.1810E+02  0.0000E+00  0.0000E+00  0.1000E+01  0.0000E+00  0.2266E+01  0.5208E+02
   0.1809E+02  0.0000E+00  0.0000E+00  0.1000E+01  0.0000E+00  0.2266E+01  0.5205E+02
   0.1808E+02  0.0000E+00  0.0000E+00  0.1000E+01  0.0000E+00  0.2266E+01  0.5202E+02
   0.1807E+02  0.0000E+00  0.0000E+00  0.1000E+01  0.0000E+00  0.2266E+01  0.5200E+02
   0.1806E+02  0.0000E+00  0.0000E+00  0.1000E+01  0.0000E+00  0.2266E+01  0.5197E+02
   0.1805E+02  0.0000E+00  0.0000E+00  0.1000E+01  0.0000E+00  0.2266E+01  0.5194E+02
   0.1804E+02  0.0000E+00  0.0000E+00  0.1000E+01  0.0000E+00  0.2266E+01  0.5191E+02
   0.1803E+02  0.0000E+00  0.0000E+00  0.1000E+01  0.0000E+00  0.2266E+01  0.5189E+02
   0.1802E+02  0.0000E+00  0.0000E+00  0.1000E+01  0.0000E+00  0.2266E+01  0.5186E+02
   0.1801E+02  0.0000E+00  0.0000E+00  0.1000E+01  0.0000E+00  0.2266E+01  0.5183E+02
   0.1800E+02  0.0000E+00  0.0000E+00  0.1000E+01  0.0000E+00  0.2266E+01  0.5180E+02
   0.1799E+02  0.0000E+00  0.0000E+00  0.1000E+01  0.0000E+00  0.2266E+01  0.5178E+02
   0.1798E+02  0.0000E+00  0.0000E+00  0.1000E+01  0.0000E+00  0.2266E+01  0.5175E+02
   0.1797E+02  0.0000E+00  0.0000E+00  0.1000E+01  0.0000E+00  0.2266E+01  0.5172E+02
   0.1796E+02  0.0000E+00  0.0000E+00  0.1000E+01  0.0000E+00  0.2266E+01  0.5170E+02
   0.1795E+02  0.0000E+00  0.0000E+00  0.1000E+01  0.0000E+00  0.2266E+01  0.5167E+02
   0.1794E+02  0.0000E+00  0.0000E+00  0.1000E+01  0.0000E+00  0.2266E+01  0.5164E+02
   0.1793E+02  0.0000E+00  0.0000E+00  0.1000E+01  0.0000E+00  0.2266E+01  0.5161E+02
   0.1792E+02  0.0000E+00  0.0000E+00  0.1000E+01  0.0000E+00  0.2266E+01  0.5159E+02
   0.1791E+02  0.0000E+00  0.0000E+00  0.1000E+01  0.0000E+00  0.2266E+01  0.5156E+02
   0.1790E+02  0.0000E+00  0.0000E+00  0.1000E+01  0.0000E+00  0.2266E+01  0.5153E+02
   0.1789E+02  0.0000E+00  0.0000E+00  0.1000E+01  0.0000E+00  0.2266E+01  0.5150E+02
   0.1788E+02  0.0000E+00  0.0000E+00  0.1000E+01  0.0000E+00  0.2266E+01  0.5148E+02
   0.1787E+02  0.0000E+00  0.0000E+00  0.1000E+01  0.0000E+00  0.2266E+01  0.5145E+02
   0.1786E+02  0.0000E+00  0.0000E+00  0.1000E+01  0.0000E+00  0.2266E+01  0.5142E+02
   0.1785E+02  0.0000E+00  0.0000E+00  0.1000E+01  0.0000E+00  0.2266E+01  0.5140E+02
   0.1784E+02  0.0000E+00  0.0000E+00  0.1000E+01  0.0000E+00  0.2266E+01  0.5137E+02
   0.1783E+02  0.0000E+00  0.0000E+00  0.1000E+01  0.0000E+00  0.2266E+01  0.5134E+02
   0.1782E+02  0.0000E+00  0.0000E+00  0.1000E+01  0.0000E+00  0.2266E+01  0.5131E+02
   0.1781E+02  0.0000E+00  0.0000E+00  0.1000E+01  0.0000E+00  0.2266E+01  0.5129E+02
   0.1780E+02  0.0000E+00  0.0000E+00  0.1000E+01  0.0000E+00  0.2266E+01  0.5126E+02
   0.1779E+02  0.0000E+00  0.0000E+00  0.1000E+01  0.0000E+00  0.2266E+01  0.5123E+02
   0.1778E+02  0.0000E+00  0.0000E+00  0.1000E+01  0.0000E+00  0.2266E+01  0.5120E+02
   0.1777E+02  0.0000E+00  0.0000E+00  0.1000E+01  0.0000E+00  0.2266E+01  0.5118E+02
   0.1776E+02  0.0000E+00  0.0000E+00  0.1000E+01  0.0000E+00  0.2266E+01  0.5115E+02
   0.1775E+02  0.0000E+00  0.0000E+00  0.1000E+01  0.0000E+00  0.2266E+01  0.5112E+02
   0.1774E+02  0.0000E+00  0.0000E+00  0.1000E+01  0.0000E+00  0.2266E+01  0.5110E+02
   0.1773E+02  0.0000E+00  0.0000E+00  0.1000E+01  0.0000E+00  0.2266E+01  0.5107E+02
   0.1772E+02  0.0000E+00  0.0000E+00  0.1000E+01  0.0000E+00  0.2266E+01  0.5104E+02
   0.1771E+02  0.0000E+00  0.0000E+00  0.1000E+01  0.0000E+00  0.2266E+01  0.5101E+02
   0.1770E+02  0.0000E+00  0.0000E+00  0.1000E+01  0.0000E+00  0.2266E+01  0.5099E+02
   0.1769E+02  0.0000E+00  0.0000E+00  0.1000E+01  0.0000E+00  0.2266E+01  0.5096E+02
   0.1768E+02  0.0000E+00  0.0000E+00  0.1000E+01  0.0000E+00  0.2266E+01  0.5093E+02
   0.1767E+02  0.0000E+00  0.0000E+00  0.1000E+01  0.0000E+00  0.2266E+01  0.5090E+02
   0.1766E+02  0.0000E+00  0.0000E+00  0.1000E+01  0.0000E+00  0.2266E+01  0.5088E+02
   0.1765E+02  0.0000E+00  0.0000E+00  0.1000E+01  0.0000E+00  0.2266E+01  0.5085E+02
   0.1764E+02  0.0000E+00  0.0000E+00  0.1000E+01  0.0000E+00  0.2266E+01  0.5082E+02
   0.1763E+02  0.0000E+00  0.0000E+00  0.1000E+01  0.0000E+00  0.2266E+01  0.5080E+02
   0.1762E+02  0.0000E+00  0.0000E+00  0.1000E+01  0.0000E+00  0.2266E+01  0.5077E+02
   0.1761E+02  0.0000E+00  0.0000E+00  0.1000E+01  0.0000E+00  0.2266E+01  0.5074E+02
   0.1760E+02  0.0000E+00  0.0000E+00  0.1000E+01  0.0000E+00  0.2266E+01  0.5071E+02
   0.1759E+02  0.0000E+00  0.0000E+00  0.1000E+01  0.0000E+00  0.2266E+01  0.5069E+02
   0.1758E+02  0.0000E+00  0.0000E+00  0.1000E+01  0.0000E+00  0.2266E+01  0.5066E+02
   0.1757E+02  0.0000E+00  0.0000E+00  0.1000E+01  0.0000E+00  0.2266E+01  0.5063E+02
   0.1756E+02  0.0000E+00  0.0000E+00  0.1000E+01  0.0000E+00  0.2266E+01  0.5060E+02
   0.1755E+02  0.0000E+00  0.0000E+00  0.1000E+01  0.0000E+00  0.2266E+01  0.5058E+02
   0.1754E+02  0.0000E+00  0.0000E+00  0.1000E+01  0.0000E+00  0.2266E+01  0.5055E+02
   0.1753E+02  0.0000E+00  0.0000E+00  0.1000E+01  0.0000E+00  0.2266E+01  0.5052E+02
   0.1752E+02  0.0000E+00  0.0000E+00  0.1000E+01  0.0000E+00  0.2266E+01  0.5050E+02
   0.1751E+02  0.0000E+00  0.0000E+00  0.1000E+01  0.0000E+00  0.2266E+01  0.5047E+02
   0.1750E+02  0.0000E+00  0.0000E+00  0.1000E+01  0.0000E+00  0.2266E+01  0.5044E+02
   0.1749E+02  0.0000E+00  0.0000E+00  0.1000E+01  0.0000E+00  0.2266E+01  0.5041E+02
   0.1748E+02  0.0000E+00  0.0000E+00  0.1000E+01  0.0000E+00  0.2266E+01  0.5039E+02
   0.1747E+02  0.0000E+00  0.0000E+00  0.1000E+01  0.0000E+00  0.2266E+01  0.5036E+02
   0.1746E+02  0.0000E+00  0.0000E+00  0.1000E+01  0.0000E+00  0.2266E+01  0.5033E+02
   0.1745E+02  0.0000E+00  0.0000E+00  0.1000E+01  0.0000E+00  0.2266E+01  0.5030E+02
   0.1744E+02  0.0000E+00  0.0000E+00  0.1000E+01  0.0000E+00  0.2266E+01  0.5028E+02
   0.1743E+02  0.0000E+00  0.0000E+00  0.1000E+01  0.0000E+00  0.2266E+01  0.5025E+02
   0.1742E+02  0.0000E+00  0.0000E+00  0.1000E+01  0.0000E+00  0.2266E+01  0.5022E+02
   0.1741E+02  0.0000E+00  0.0000E+00  0.1000E+01  0.0000E+00  0.2266E+01  0.5020E+02
   0.1740E+02  0.0000E+00  0.0000E+00  0.1000E+01  0.0000E+00  0.2266E+01  0.5017E+02
   0.1739E+02  0.0000E+00  0.0000E+00  0.1000E+01  0.0000E+00  0.2266E+01  0.5014E+02
   0.1738E+02  0.0000E+00  0.0000E+00  0.1000E+01  0.0000E+00  0.2266E+01  0.5011E+02
   0.1737E+02  0.0000E+00  0.0000E+00  0.1000E+01  0.0000E+00  0.2266E+01  0.5009E+02
   0.1736E+02  0.0000E+00  0.0000E+00  0.1000E+01  0.0000E+00  0.2266E+01  0.5006E+02
   0.1735E+02  0.0000E+00  0.0000E+00  0.1000E+01  0.0000E+00  0.2266E+01  0.5003E+02
   0.1734E+02  0.0000E+00  0.0000E+00  0.1000E+01  0.0000E+00  0.2266E+01  0.5000E+02
   0.1733E+02  0.0000E+00  0.0000E+00  0.1000E+01  0.0000E+00  0.2266E+01  0.4998E+02
   0.1732E+02  0.0000E+00  0.0000E+00  0.1000E+01  0.0000E+00  0.2266E+01  0.4995E+02
   0.1731E+02  0.0000E+00  0.0000E+00  0.1000E+01  0.0000E+00  0.2266E+01  0.4992E+02
   0.1730E+02  0.0000E+00  0.0000E+00  0.1000E+01  0.0000E+00  0.2266E+01  0.4990E+02
   0.1729E+02  0.0000E+00  0.0000E+00  0.1000E+01  0.0000E+00  0.2266E+01  0.4987E+02
   0.1728E+02  0.0000E+00  0.0000E+00  0.1000E+01  0.0000E+00  0.2266E+01  0.4984E+02
   0.1727E+02  0.0000E+00  0.0000E+00  0.1000E+01  0.0000E+00  0.2266E+01  0.4981E+02
   0.1726E+02  0.0000E+00  0.0000E+00  0.1000E+01  0.0000E+00  0.2266E+01  0.4979E+02
   0.1725E+02  0.0000E+00  0.0000E+00  0.1000E+01  0.0000E+00  0.2266E+01  0.4976E+02
   0.1724E+02  0.0000E+00  0.0000E+00  0.1000E+01  0.0000E+00  0.2266E+01  0.4973E+02
   0.1723E+02  0.0000E+00  0.0000E+00  0.1000E+01  0.0000E+00  0.2266E+01  0.4970E+02
   0.1722E+02  0.0000E+00  0.0000E+00  0.1000E+01  0.0000E+00  0.2266E+01  0.4968E+02
   0.1721E+02  0.0000E+00  0.0000E+00  0.1000E+01  0.0000E+00  0.2266E+01  0.4965E+02
   0.1720E+02  0.0000E+00  0.0000E+00  0.1000E+01  0.0000E+00  0.2266E+01  0.4962E+02
   0.1719E+02  0.0000E+00  0.0000E+00  0.1000E+01  0.0000E+00  0.2266E+01  0.4960E+02
   0.1718E+02  0.0000E+00  0.0000E+00  0.1000E+01  0.0000E+00  0.2266E+01  0.4957E+02
   0.1717E+02  0.0000E+00  0.0000E+00  0.1000E+01  0.0000E+00  0.2266E+01  0.4954E+02
   0.1716E+02  0.0000E+00  0.0000E+00  0.1000E+01  0.0000E+00  0.2266E+01  0.4951E+02
   0.1715E+02  0.0000E+00  0.0000E+00  0.1000E+01  0.0000E+00  0.2266E+01  0.4949E+02
   0.1714E+02  0.0000E+00  0.0000E+00  0.1000E+01  0.0000E+00  0.2266E+01  0.4946E+02
   0.1713E+02  0.0000E+00  0.0000E+00  0.1000E+01  0.0000E+00  0.2266E+01  0.4943E+02
   0.1712E+02  0.0000E+00  0.0000E+00  0.1000E+01  0.0000E+00  0.2266E+01  0.4940E+02
   0.1711E+02  0.0000E+00  0.0000E+00  0.1000E+01  0.0000E+00  0.2266E+01  0.4938E+02
   0.1710E+02  0.0000E+00  0.0000E+00  0.1000E+01  0.0000E+00  0.2266E+01  0.4935E+02
   0.1709E+02  0.0000E+00  0.0000E+00  0.1000E+01  0.0000E+00  0.2266E+01  0.4932E+02
   0.1708E+02  0.0000E+00  0.0000E+00  0.1000E+01  0.0000E+00  0.2266E+01  0.4929E+02
   0.1707E+02  0.0000E+00  0.0000E+00  0.1000E+01  0.0000E+00  0.2266E+01  0.4927E+02
   0.1706E+02  0.0000E+00  0.0000E+00  0.1000E+01  0.0000E+00  0.2266E+01  0.4924E+02
   0.1705E+02  0.0000E+00  0.0000E+00  0.1000E+01  0.0000E+00  0.2266E+01  0.4921E+02
   0.1704E+02  0.0000E+00  0.0000E+00  0.1000E+01  0.0000E+00  0.2266E+01  0.4919E+02
   0.1703E+02  0.0000E+00  0.0000E+00  0.1000E+01  0.0000E+00  0.2266E+01  0.4916E+02
   0.1702E+02  0.0000E+00  0.0000E+00  0.1000E+01  0.0000E+00  0.2266E+01  0.4913E+02
   0.1701E+02  0.0000E+00  0.0000E+00  0.1000E+01  0.0000E+00  0.2266E+01  0.4910E+02
   0.1700E+02  0.0000E+00  0.0000E+00  0.1000E+01  0.0000E+00  0.2266E+01  0.4908E+02
   0.1699E+02  0.0000E+00  0.0000E+00  0.1000E+01  0.0000E+00  0.2266E+01  0.4905E+02
   0.1698E+02  0.0000E+00  0.0000E+00  0.1000E+01  0.0000E+00  0.2266E+01  0.4902E+02
   0.1697E+02  0.0000E+00  0.0000E+00  0.1000E+01  0.0000E+00  0.2266E+01  0.4899E+02
   0.1696E+02  0.0000E+00  0.0000E+00  0.1000E+01  0.0000E+00  0.2266E+01  0.4897E+02
   0.1695E+02  0.0000E+00  0.0000E+00  0.1000E+01  0.0000E+00  0.2266E+01  0.4894E+02
   0.1694E+02  0.0000E+00  0.0000E+00  0.1000E+01  0.0000E+00  0.2266E+01  0.4891E+02
   0.1693E+02  0.0000E+00  0.0000E+00  0.1000E+01  0.0000E+00  0.2266E+01  0.4889E+02
   0.1692E+02  0.0000E+00  0.0000E+00  0.1000E+01  0.0000E+00  0.2266E+01  0.4886E+02
   0.1691E+02  0.0000E+00  0.0000E+00  0.1000E+01  0.0000E+00  0.2266E+01  0.4883E+02
   0.1690E+02  0.0000E+00  0.0000E+00  0.1000E+01  0.0000E+00  0.2266E+01  0.4880E+02
   0.1689E+02  0.0000E+00  0.0000E+00  0.1000E+01  0.0000E+00  0.2266E+01  0.4878E+02
   0.1688E+02  0.0000E+00  0.0000E+00  0.1000E+01  0.0000E+00  0.2266E+01  0.4875E+02
   0.1687E+02  0.0000E+00  0.0000E+00  0.1000E+01  0.0000E+00  0.2266E+01  0.4872E+02
   0.1686E+02  0.0000E+00  0.0000E+00  0.1000E+01  0.0000E+00  0.2266E+01  0.4869E+02
   0.1685E+02  0.0000E+00  0.0000E+00  0.1000E+01  0.0000E+00  0.2266E+01  0.4867E+02
   0.1684E+02  0.0000E+00  0.0000E+00  0.1000E+01  0.0000E+00  0.2266E+01  0.4864E+02
   0.1683E+02  0.0000E+00  0.0000E+00  0.1000E+01  0.0000E+00  0.2266E+01  0.4861E+02
   0.1682E+02  0.0000E+00  0.0000E+00  0.1000E+01  0.0000E+00  0.2266E+01  0.4859E+02
   0.1681E+02  0.0000E+00  0.0000E+00  0.1000E+01  0.0000E+00  0.2266E+01  0.4856E+02
   0.1680E+02  0.0000E+00  0.0000E+00  0.1000E+01  0.0000E+00  0.2266E+01  0.4853E+02
   0.1679E+02  0.0000E+00  0.0000E+00  0.1000E+01  0.0000E+00  0.2266E+01  0.4850E+02
   0.1678E+02  0.0000E+00  0.0000E+00  0.1000E+01  0.0000E+00  0.2266E+01  0.4848E+02
   0.1677E+02  0.0000E+00  0.0000E+00  0.1000E+01  0.0000E+00  0.2266E+01  0.4845E+02
   0.1676E+02  0.0000E+00  0.0000E+00  0.1000E+01  0.0000E+00  0.2266E+01  0.4842E+02
   0.1675E+02  0.0000E+00  0.0000E+00  0.1000E+01  0.0000E+00  0.2266E+01  0.4839E+02
   0.1674E+02  0.0000E+00  0.0000E+00  0.1000E+01  0.0000E+00  0.2266E+01  0.4837E+02
   0.1673E+02  0.0000E+00  0.0000E+00  0.1000E+01  0.0000E+00  0.2266E+01  0.4834E+02
   0.1672E+02  0.0000E+00  0.0000E+00  0.1000E+01  0.0000E+00  0.2266E+01  0.4831E+02
   0.1671E+02  0.0000E+00  0.0000E+00  0.1000E+01  0.0000E+00  0.2266E+01  0.4829E+02
   0.1670E+02  0.0000E+00  0.0000E+00  0.1000E+01  0.0000E+00  0.2266E+01  0.4826E+02
   0.1669E+02  0.0000E+00  0.0000E+00  0.1000E+01  0.0000E+00  0.2266E+01  0.4823E+02
   0.1668E+02  0.0000E+00  0.0000E+00  0.1000E+01  0.0000E+00  0.2266E+01  0.4820E+02
   0.1667E+02  0.0000E+00  0.0000E+00  0.1000E+01  0.0000E+00  0.2266E+01  0.4818E+02
   0.1666E+02  0.0000E+00  0.0000E+00  0.1000E+01  0.0000E+00  0.2266E+01  0.4815E+02
   0.1665E+02  0.0000E+00  0.0000E+00  0.1000E+01  0.0000E+00  0.2266E+01  0.4812E+02
   0.1664E+02  0.0000E+00  0.0000E+00  0.1000E+01  0.0000E+00  0.2266E+01  0.4809E+02
   0.1663E+02  0.0000E+00  0.0000E+00  0.1000E+01  0.0000E+00  0.2266E+01  0.4807E+02
   0.1662E+02  0.0000E+00  0.0000E+00  0.1000E+01  0.0000E+00  0.2266E+01  0.4804E+02
   0.1661E+02  0.0000E+00  0.0000E+00  0.1000E+01  0.0000E+00  0.2266E+01  0.4801E+02
   0.1660E+02  0.0000E+00  0.0000E+00  0.1000E+01  0.0000E+00  0.2266E+01  0.4799E+02
   0.1659E+02  0.0000E+00  0.0000E+00  0.1000E+01  0.0000E+00  0.2266E+01  0.4796E+02
   0.1658E+02  0.0000E+00  0.0000E+00  0.1000E+01  0.0000E+00  0.2266E+01  0.4793E+02
   0.1657E+02  0.0000E+00  0.0000E+00  0.1000E+01  0.0000E+00  0.2266E+01  0.4790E+02
   0.1656E+02  0.0000E+00  0.0000E+00  0.1000E+01  0.0000E+00  0.2266E+01  0.4788E+02
   0.1655E+02  0.0000E+00  0.0000E+00  0.1000E+01  0.0000E+00  0.2266E+01  0.4785E+02
   0.1654E+02  0.0000E+00  0.0000E+00  0.1000E+01  0.0000E+00  0.2266E+01  0.4782E+02
   0.1653E+02  0.0000E+00  0.0000E+00  0.1000E+01  0.0000E+00  0.2266E+01  0.4779E+02
   0.1652E+02  0.0000E+00  0.0000E+00  0.1000E+01  0.0000E+00  0.2266E+01  0.4777E+02
   0.1651E+02  0.0000E+00  0.0000E+00  0.1000E+01  0.0000E+00  0.2266E+01  0.4774E+02
   0.1650E+02  0.0000E+00  0.0000E+00  0.1000E+01  0.0000E+00  0.2266E+01  0.4771E+02
   0.1649E+02  0.0000E+00  0.0000E+00  0.1000E+01  0.0000E+00  0.2266E+01  0.4769E+02
   0.1648E+02  0.0000E+00  0.0000E+00  0.1000E+01  0.0000E+00  0.2266E+01  0.4766E+02
   0.1647E+02  0.0000E+00  0.0000E+00  0.1000E+01  0.0000E+00  0.2266E+01  0.4763E+02
   0.1646E+02  0.0000E+00  0.0000E+00  0.1000E+01  0.0000E+00  0.2266E+01  0.4760E+02
   0.1645E+02  0.0000E+00  0.0000E+00  0.1000E+01  0.0000E+00  0.2266E+01  0.4758E+02
   0.1644E+02  0.0000E+00  0.0000E+00  0.1000E+01  0.0000E+00  0.2266E+01  0.4755E+02
   0.1643E+02  0.0000E+00  0.0000E+00  0.1000E+01  0.0000E+00  0.2266E+01  0.4752E+02
   0.1642E+02  0.0000E+00  0.0000E+00  0.1000E+01  0.0000E+00  0.2266E+01  0.4749E+02
   0.1641E+02  0.0000E+00  0.0000E+00  0.1000E+01  0.0000E+00  0.2266E+01  0.4747E+02
   0.1640E+02  0.0000E+00  0.0000E+00  0.1000E+01  0.0000E+00  0.2266E+01  0.4744E+02
   0.1639E+02  0.0000E+00  0.0000E+00  0.1000E+01  0.0000E+00  0.2266E+01  0.4741E+02
   0.1638E+02  0.0000E+00  0.0000E+00  0.1000E+01  0.0000E+00  0.2266E+01  0.4739E+02
   0.1637E+02  0.0000E+00  0.0000E+00  0.1000E+01  0.0000E+00  0.2266E+01  0.4736E+02
   0.1636E+02  0.0000E+00  0.0000E+00  0.1000E+01  0.0000E+00  0.2266E+01  0.4733E+02
   0.1635E+02  0.0000E+00  0.0000E+00  0.1000E+01  0.0000E+00  0.2266E+01  0.4730E+02
   0.1634E+02  0.0000E+00  0.0000E+00  0.1000E+01  0.0000E+00  0.2266E+01  0.4728E+02
   0.1633E+02  0.0000E+00  0.0000E+00  0.1000E+01  0.0000E+00  0.2266E+01  0.4725E+02
   0.1632E+02  0.0000E+00  0.0000E+00  0.1000E+01  0.0000E+00  0.2266E+01  0.4722E+02
   0.1631E+02  0.0000E+00  0.0000E+00  0.1000E+01  0.0000E+00  0.2266E+01  0.4719E+02
   0.1630E+02  0.0000E+00  0.0000E+00  0.1000E+01  0.0000E+00  0.2266E+01  0.4717E+02
   0.1629E+02  0.0000E+00  0.0000E+00  0.1000E+01  0.0000E+00  0.2266E+01  0.4714E+02
   0.1628E+02  0.0000E+00  0.0000E+00  0.1000E+01  0.0000E+00  0.2266E+01  0.4711E+02
   0.1627E+02  0.0000E+00  0.0000E+00  0.1000E+01  0.0000E+00  0.2266E+01  0.4709E+02
   0.1626E+02  0.0000E+00  0.0000E+00  0.1000E+01  0.0000E+00  0.2266E+01  0.4706E+02
   0.1625E+02  0.0000E+00  0.0000E+00  0.1000E+01  0.0000E+00  0.2266E+01  0.4703E+02
   0.1624E+02  0.0000E+00  0.0000E+00  0.1000E+01  0.0000E+00  0.2266E+01  0.4700E+02
   0.1623E+02  0.0000E+00  0.0000E+00  0.1000E+01  0.0000E+00  0.2266E+01  0.4698E+02
   0.1622E+02  0.0000E+00  0.0000E+00  0.1000E+01  0.0000E+00  0.2266E+01  0.4695E+02
   0.1621E+02  0.0000E+00  0.0000E+00  0.1000E+01  0.0000E+00  0.2266E+01  0.4692E+02
   0.1620E+02  0.0000E+00  0.0000E+00  0.1000E+01  0.0000E+00  0.2266E+01  0.4689E+02
   0.1619E+02  0.0000E+00  0.0000E+00  0.1000E+01  0.0000E+00  0.2266E+01  0.4687E+02
   0.1618E+02  0.0000E+00  0.0000E+00  0.1000E+01  0.0000E+00  0.2266E+01  0.4684E+02
   0.1617E+02  0.0000E+00  0.0000E+00  0.1000E+01  0.0000E+00  0.2266E+01  0.4681E+02
   0.1616E+02  0.0000E+00  0.0000E+00  0.1000E+01  0.0000E+00  0.2266E+01  0.4679E+02
   0.1615E+02  0.0000E+00  0.0000E+00  0.1000E+01  0.0000E+00  0.2266E+01  0.4676E+02
   0.1614E+02  0.0000E+00  0.0000E+00  0.1000E+01  0.0000E+00  0.2266E+01  0.4673E+02
   0.1613E+02  0.0000E+00  0.0000E+00  0.1000E+01  0.0000E+00  0.2266E+01  0.4670E+02
   0.1612E+02  0.0000E+00  0.0000E+00  0.1000E+01  0.0000E+00  0.2266E+01  0.4668E+02
   0.1611E+02  0.0000E+00  0.0000E+00  0.1000E+01  0.0000E+00  0.2266E+01  0.4665E+02
   0.1610E+02  0.0000E+00  0.0000E+00  0.1000E+01  0.0000E+00  0.2266E+01  0.4662E+02
   0.1609E+02  0.0000E+00  0.0000E+00  0.1000E+01  0.0000E+00  0.2266E+01  0.4659E+02
   0.1608E+02  0.0000E+00  0.0000E+00  0.1000E+01  0.0000E+00  0.2266E+01  0.4657E+02
   0.1607E+02  0.0000E+00  0.0000E+00  0.1000E+01  0.0000E+00  0.2266E+01  0.4654E+02
   0.1606E+02  0.0000E+00  0.0000E+00  0.1000E+01  0.0000E+00  0.2266E+01  0.4651E+02
   0.1605E+02  0.0000E+00  0.0000E+00  0.1000E+01  0.0000E+00  0.2266E+01  0.4649E+02
   0.1604E+02  0.0000E+00  0.0000E+00  0.1000E+01  0.0000E+00  0.2266E+01  0.4646E+02
   0.1603E+02  0.0000E+00  0.0000E+00  0.1000E+01  0.0000E+00  0.2266E+01  0.4643E+02
   0.1602E+02  0.0000E+00  0.0000E+00  0.1000E+01  0.0000E+00  0.2266E+01  0.4640E+02
   0.1601E+02  0.0000E+00  0.0000E+00  0.1000E+01  0.0000E+00  0.2266E+01  0.4638E+02
   0.1600E+02  0.0000E+00  0.0000E+00  0.1000E+01  0.0000E+00  0.2266E+01  0.4635E+02
   0.1599E+02  0.0000E+00  0.0000E+00  0.1000E+01  0.0000E+00  0.2266E+01  0.4632E+02
   0.1598E+02  0.0000E+00  0.0000E+00  0.1000E+01  0.0000E+00  0.2266E+01  0.4629E+02
   0.1597E+02  0.0000E+00  0.0000E+00  0.1000E+01  0.0000E+00  0.2266E+01  0.4627E+02
   0.1596E+02  0.0000E+00  0.0000E+00  0.1000E+01  0.0000E+00  0.2266E+01  0.4624E+02
   0.1595E+02  0.0000E+00  0.0000E+00  0.1000E+01  0.0000E+00  0.2266E+01  0.4621E+02
   0.1594E+02  0.0000E+00  0.0000E+00  0.1000E+01  0.0000E+00  0.2266E+01  0.4619E+02
   0.1593E+02  0.0000E+00  0.0000E+00  0.1000E+01  0.0000E+00  0.2266E+01  0.4616E+02
   0.1592E+02  0.0000E+00  0.0000E+00  0.1000E+01  0.0000E+00  0.2266E+01  0.4613E+02
   0.1591E+02  0.0000E+00  0.0000E+00  0.1000E+01  0.0000E+00  0.2266E+01  0.4610E+02
   0.1590E+02  0.0000E+00  0.0000E+00  0.1000E+01  0.0000E+00  0.2266E+01  0.4608E+02
   0.1589E+02  0.0000E+00  0.0000E+00  0.1000E+01  0.0000E+00  0.2266E+01  0.4605E+02
   0.1588E+02  0.0000E+00  0.0000E+00  0.1000E+01  0.0000E+00  0.2266E+01  0.4602E+02
   0.1587E+02  0.0000E+00  0.0000E+00  0.1000E+01  0.0000E+00  0.2266E+01  0.4599E+02
   0.1586E+02  0.0000E+00  0.0000E+00  0.1000E+01  0.0000E+00  0.2266E+01  0.4597E+02
   0.1585E+02  0.0000E+00  0.0000E+00  0.1000E+01  0.0000E+00  0.2266E+01  0.4594E+02
   0.1584E+02  0.0000E+00  0.0000E+00  0.1000E+01  0.0000E+00  0.2266E+01  0.4591E+02
   0.1583E+02  0.0000E+00  0.0000E+00  0.1000E+01  0.0000E+00  0.2266E+01  0.4588E+02
   0.1582E+02  0.0000E+00  0.0000E+00  0.1000E+01  0.0000E+00  0.2266E+01  0.4586E+02
   0.1581E+02  0.0000E+00  0.0000E+00  0.1000E+01  0.0000E+00  0.2266E+01  0.4583E+02
   0.1580E+02  0.0000E+00  0.0000E+00  0.1000E+01  0.0000E+00  0.2266E+01  0.4580E+02
   0.1579E+02  0.0000E+00  0.0000E+00  0.1000E+01  0.0000E+00  0.2266E+01  0.4578E+02
   0.1578E+02  0.0000E+00  0.0000E+00  0.1000E+01  0.0000E+00  0.2266E+01  0.4575E+02
   0.1577E+02  0.0000E+00  0.0000E+00  0.1000E+01  0.0000E+00  0.2266E+01  0.4572E+02
   0.1576E+02  0.0000E+00  0.0000E+00  0.1000E+01  0.0000E+00  0.2266E+01  0.4569E+02
   0.1575E+02  0.0000E+00  0.0000E+00  0.1000E+01  0.0000E+00  0.2266E+01  0.4567E+02
   0.1574E+02  0.0000E+00  0.0000E+00  0.1000E+01  0.0000E+00  0.2266E+01  0.4564E+02
   0.1573E+02  0.0000E+00  0.0000E+00  0.1000E+01  0.0000E+00  0.2266E+01  0.4561E+02
   0.1572E+02  0.0000E+00  0.0000E+00  0.1000E+01  0.0000E+00  0.2266E+01  0.4558E+02
   0.1571E+02  0.0000E+00  0.0000E+00  0.1000E+01  0.0000E+00  0.2266E+01  0.4556E+02
   0.1570E+02  0.0000E+00  0.0000E+00  0.1000E+01  0.0000E+00  0.2266E+01  0.4553E+02
   0.1569E+02  0.0000E+00  0.0000E+00  0.1000E+01  0.0000E+00  0.2266E+01  0.4550E+02
   0.1568E+02  0.0000E+00  0.0000E+00  0.1000E+01  0.0000E+00  0.2266E+01  0.4548E+02
   0.1567E+02  0.0000E+00  0.0000E+00  0.1000E+01  0.0000E+00  0.2266E+01  0.4545E+02
   0.1566E+02  0.0000E+00  0.0000E+00  0.1000E+01  0.0000E+00  0.2266E+01  0.4542E+02
   0.1565E+02  0.0000E+00  0.0000E+00  0.1000E+01  0.0000E+00  0.2266E+01  0.4539E+02
   0.1564E+02  0.0000E+00  0.0000E+00  0.1000E+01  0.0000E+00  0.2266E+01  0.4537E+02
   0.1563E+02  0.0000E+00  0.0000E+00  0.1000E+01  0.0000E+00  0.2266E+01  0.4534E+02
   0.1562E+02  0.0000E+00  0.0000E+00  0.1000E+01  0.0000E+00  0.2266E+01  0.4531E+02
   0.1561E+02  0.0000E+00  0.0000E+00  0.1000E+01  0.0000E+00  0.2266E+01  0.4528E+02
   0.1560E+02  0.0000E+00  0.0000E+00  0.1000E+01  0.0000E+00  0.2266E+01  0.4526E+02
   0.1559E+02  0.0000E+00  0.0000E+00  0.1000E+01  0.0000E+00  0.2266E+01  0.4523E+02
   0.1558E+02  0.0000E+00  0.0000E+00  0.1000E+01  0.0000E+00  0.2266E+01  0.4520E+02
   0.1557E+02  0.0000E+00  0.0000E+00  0.1000E+01  0.0000E+00  0.2266E+01  0.4518E+02
   0.1556E+02  0.0000E+00  0.0000E+00  0.1000E+01  0.0000E+00  0.2266E+01  0.4515E+02
   0.1555E+02  0.0000E+00  0.0000E+00  0.1000E+01  0.0000E+00  0.2266E+01  0.4512E+02
   0.1554E+02  0.0000E+00  0.0000E+00  0.1000E+01  0.0000E+00  0.2266E+01  0.4509E+02
   0.1553E+02  0.0000E+00  0.0000E+00  0.1000E+01  0.0000E+00  0.2266E+01  0.4507E+02
   0.1552E+02  0.0000E+00  0.0000E+00  0.1000E+01  0.0000E+00  0.2266E+01  0.4504E+02
   0.1551E+02  0.0000E+00  0.0000E+00  0.1000E+01  0.0000E+00  0.2266E+01  0.4501E+02
   0.1550E+02  0.0000E+00  0.0000E+00  0.1000E+01  0.0000E+00  0.2266E+01  0.4498E+02
   0.1549E+02  0.0000E+00  0.0000E+00  0.1000E+01  0.0000E+00  0.2266E+01  0.4496E+02
   0.1548E+02  0.0000E+00  0.0000E+00  0.1000E+01  0.0000E+00  0.2266E+01  0.4493E+02
   0.1547E+02  0.0000E+00  0.0000E+00  0.1000E+01  0.0000E+00  0.2266E+01  0.4490E+02
   0.1546E+02  0.0000E+00  0.0000E+00  0.1000E+01  0.0000E+00  0.2266E+01  0.4488E+02
   0.1545E+02  0.0000E+00  0.0000E+00  0.1000E+01  0.0000E+00  0.2266E+01  0.4485E+02
   0.1544E+02  0.0000E+00  0.0000E+00  0.1000E+01  0.0000E+00  0.2266E+01  0.4482E+02
   0.1543E+02  0.0000E+00  0.0000E+00  0.1000E+01  0.0000E+00  0.2266E+01  0.4479E+02
   0.1542E+02  0.0000E+00  0.0000E+00  0.1000E+01  0.0000E+00  0.2266E+01  0.4477E+02
   0.1541E+02  0.0000E+00  0.0000E+00  0.1000E+01  0.0000E+00  0.2266E+01  0.4474E+02
   0.1540E+02  0.0000E+00  0.0000E+00  0.1000E+01  0.0000E+00  0.2266E+01  0.4471E+02
   0.1539E+02  0.0000E+00  0.0000E+00  0.1000E+01  0.0000E+00  0.2266E+01  0.4468E+02
   0.1538E+02  0.0000E+00  0.0000E+00  0.1000E+01  0.0000E+00  0.2266E+01  0.4466E+02
   0.1537E+02  0.0000E+00  0.0000E+00  0.1000E+01  0.0000E+00  0.2266E+01  0.4463E+02
   0.1536E+02  0.0000E+00  0.0000E+00  0.1000E+01  0.0000E+00  0.2266E+01  0.4460E+02
   0.1535E+02  0.0000E+00  0.0000E+00  0.1000E+01  0.0000E+00  0.2266E+01  0.4458E+02
   0.1534E+02  0.0000E+00  0.0000E+00  0.1000E+01  0.0000E+00  0.2266E+01  0.4455E+02
   0.1533E+02  0.0000E+00  0.0000E+00  0.1000E+01  0.0000E+00  0.2266E+01  0.4452E+02
   0.1532E+02  0.0000E+00  0.0000E+00  0.1000E+01  0.0000E+00  0.2266E+01  0.4449E+02
   0.1531E+02  0.0000E+00  0.0000E+00  0.1000E+01  0.0000E+00  0.2266E+01  0.4447E+02
   0.1530E+02  0.0000E+00  0.0000E+00  0.1000E+01  0.0000E+00  0.2266E+01  0.4444E+02
   0.1529E+02  0.0000E+00  0.0000E+00  0.1000E+01  0.0000E+00  0.2266E+01  0.4441E+02
   0.1528E+02  0.0000E+00  0.0000E+00  0.1000E+01  0.0000E+00  0.2266E+01  0.4438E+02
   0.1527E+02  0.0000E+00  0.0000E+00  0.1000E+01  0.0000E+00  0.2266E+01  0.4436E+02
   0.1526E+02  0.0000E+00  0.0000E+00  0.1000E+01  0.0000E+00  0.2266E+01  0.4433E+02
   0.1525E+02  0.0000E+00  0.0000E+00  0.1000E+01  0.0000E+00  0.2266E+01  0.4430E+02
   0.1524E+02  0.0000E+00  0.0000E+00  0.1000E+01  0.0000E+00  0.2266E+01  0.4428E+02
   0.1523E+02  0.0000E+00  0.0000E+00  0.1000E+01  0.0000E+00  0.2266E+01  0.4425E+02
   0.1522E+02  0.0000E+00  0.0000E+00  0.1000E+01  0.0000E+00  0.2266E+01  0.4422E+02
   0.1521E+02  0.0000E+00  0.0000E+00  0.1000E+01  0.0000E+00  0.2266E+01  0.4419E+02
   0.1520E+02  0.0000E+00  0.0000E+00  0.1000E+01  0.0000E+00  0.2266E+01  0.4417E+02
   0.1519E+02  0.0000E+00  0.0000E+00  0.1000E+01  0.0000E+00  0.2266E+01  0.4414E+02
   0.1518E+02  0.0000E+00  0.0000E+00  0.1000E+01  0.0000E+00  0.2266E+01  0.4411E+02
   0.1517E+02  0.0000E+00  0.0000E+00  0.1000E+01  0.0000E+00  0.2266E+01  0.4408E+02
   0.1516E+02  0.0000E+00  0.0000E+00  0.1000E+01  0.0000E+00  0.2266E+01  0.4406E+02
   0.1515E+02  0.0000E+00  0.0000E+00  0.1000E+01  0.0000E+00  0.2266E+01  0.4403E+02
   0.1514E+02  0.0000E+00  0.0000E+00  0.1000E+01  0.0000E+00  0.2266E+01  0.4400E+02
   0.1513E+02  0.0000E+00  0.0000E+00  0.1000E+01  0.0000E+00  0.2266E+01  0.4398E+02
   0.1512E+02  0.0000E+00  0.0000E+00  0.1000E+01  0.0000E+00  0.2266E+01  0.4395E+02
   0.1511E+02  0.0000E+00  0.0000E+00  0.1000E+01  0.0000E+00  0.2266E+01  0.4392E+02
   0.1510E+02  0.0000E+00  0.0000E+00  0.1000E+01  0.0000E+00  0.2266E+01  0.4389E+02
   0.1509E+02  0.0000E+00  0.0000E+00  0.1000E+01  0.0000E+00  0.2266E+01  0.4387E+02
   0.1508E+02  0.0000E+00  0.0000E+00  0.1000E+01  0.0000E+00  0.2266E+01  0.4384E+02
   0.1507E+02  0.0000E+00  0.0000E+00  0.1000E+01  0.0000E+00  0.2266E+01  0.4381E+02
   0.1506E+02  0.0000E+00  0.0000E+00  0.1000E+01  0.0000E+00  0.2266E+01  0.4378E+02
   0.1505E+02  0.0000E+00  0.0000E+00  0.1000E+01  0.0000E+00  0.2266E+01  0.4376E+02
   0.1504E+02  0.0000E+00  0.0000E+00  0.1000E+01  0.0000E+00  0.2266E+01  0.4373E+02
   0.1503E+02  0.0000E+00  0.0000E+00  0.1000E+01  0.0000E+00  0.2266E+01  0.4370E+02
   0.1502E+02  0.0000E+00  0.0000E+00  0.1000E+01  0.0000E+00  0.2266E+01  0.4368E+02
   0.1501E+02  0.0000E+00  0.0000E+00  0.1000E+01  0.0000E+00  0.2266E+01  0.4365E+02
   0.1500E+02  0.0000E+00  0.0000E+00  0.1000E+01  0.0000E+00  0.2266E+01  0.4362E+02
   0.1499E+02  0.0000E+00  0.0000E+00  0.1000E+01  0.0000E+00  0.2266E+01  0.4359E+02
   0.1300E+02  0.0000E+00  0.0000E+00  0.1000E+01  0.0000E+00  0.2266E+01  0.3565E+02
   0.1200E+02  0.0000E+00  0.0000E+00  0.1000E+01  0.0000E+00  0.2266E+01  0.3293E+02
   0.1100E+02  0.0000E+00  0.0000E+00  0.1000E+01  0.0000E+00  0.2266E+01  0.3022E+02
   0.1000E+02  0.0000E+00  0.0000E+00  0.1000E+01  0.0000E+00  0.2266E+01  0.2751E+02
   0.9000E+01  0.0000E+00  0.0000E+00  0.1000E+01  0.0000E+00  0.2266E+01  0.2480E+02
   0.8000E+01  0.0000E+00  0.0000E+00  0.1000E+01  0.0000E+00  0.2266E+01  0.2210E+02
