   1.0000000000000000        1.0000000000000000        10.725492068464847     
   1.0000000000000000        0.0000000000000000        56.551439999996049     
   0.0000000000000000        0.0000000000000000        59.197911177902810     
   0.0000000000000000        0.0000000000000000        59.170332565633984     
   0.0000000000000000        0.0000000000000000        59.143052571424597     
   0.0000000000000000        0.0000000000000000        59.115772577220554     
   0.0000000000000000        0.0000000000000000        59.088492583021846     
   0.0000000000000000        0.0000000000000000        59.061212588828504     
   0.0000000000000000        0.0000000000000000        59.033932594640518     
   0.0000000000000000        0.0000000000000000        59.006652600457905     
   0.0000000000000000        0.0000000000000000        58.979372606280663     
   0.0000000000000000        0.0000000000000000        58.952092612108807     
   0.0000000000000000        0.0000000000000000        58.924812617942344     
   0.0000000000000000        0.0000000000000000        58.897532623781281     
   0.0000000000000000        0.0000000000000000        58.870252629625618     
   0.0000000000000000        0.0000000000000000        58.842972635475370     
   0.0000000000000000        0.0000000000000000        58.815692641330550     
   0.0000000000000000        0.0000000000000000        58.788412647191151     
   0.0000000000000000        0.0000000000000000        58.761132653057196     
   0.0000000000000000        0.0000000000000000        58.733852658928683     
   0.0000000000000000        0.0000000000000000        58.706572664805620     
   0.0000000000000000        0.0000000000000000        58.679292670688014     
   0.0000000000000000        0.0000000000000000        58.652012676575879     
   0.0000000000000000        0.0000000000000000        58.624732682469215     
   0.0000000000000000        0.0000000000000000        58.597452688368037     
   0.0000000000000000        0.0000000000000000        58.570172694272344     
   0.0000000000000000        0.0000000000000000        58.542892700182151     
   0.0000000000000000        0.0000000000000000        58.515612706097464     
   0.0000000000000000        0.0000000000000000        58.488332712018298     
   0.0000000000000000        0.0000000000000000        58.461052717944646     
   0.0000000000000000        0.0000000000000000        58.433772723876515     
   0.0000000000000000        0.0000000000000000        58.406492729813927     
   0.0000000000000000        0.0000000000000000        58.379212735756880     
   0.0000000000000000        0.0000000000000000        58.351932741705390     
   0.0000000000000000        0.0000000000000000        58.324652747659457     
   0.0000000000000000        0.0000000000000000        58.297372753619086     
   0.0000000000000000        0.0000000000000000        58.270092759584294     
   0.0000000000000000        0.0000000000000000        58.242812765555087     
   0.0000000000000000        0.0000000000000000        58.215532771531464     
   0.0000000000000000        0.0000000000000000        58.188252777513448     
   0.0000000000000000        0.0000000000000000        58.160972783501030     
   0.0000000000000000        0.0000000000000000        58.133692789494226     
   0.0000000000000000        0.0000000000000000        58.106412795493050     
   0.0000000000000000        0.0000000000000000        58.079132801497501     
   0.0000000000000000        0.0000000000000000        58.051852807507593     
   0.0000000000000000        0.0000000000000000        58.024572813523328     
   0.0000000000000000        0.0000000000000000        57.997292819544718     
   0.0000000000000000        0.0000000000000000        57.970012825571779     
   0.0000000000000000        0.0000000000000000        57.942732831604502     
   0.0000000000000000        0.0000000000000000        57.915452837642903     
   0.0000000000000000        0.0000000000000000        57.888172843686988     
   0.0000000000000000        0.0000000000000000        57.860892849736764     
   0.0000000000000000        0.0000000000000000        57.833612855792246     
   0.0000000000000000        0.0000000000000000        57.806332861853434     
   0.0000000000000000        0.0000000000000000        57.779052867920349     
   0.0000000000000000        0.0000000000000000        57.751772873992984     
   0.0000000000000000        0.0000000000000000        57.724492880071352     
   0.0000000000000000        0.0000000000000000        57.697212886155462     
   0.0000000000000000        0.0000000000000000        57.669932892245328     
   0.0000000000000000        0.0000000000000000        57.642652898340948     
   0.0000000000000000        0.0000000000000000        57.615372904442339     
   0.0000000000000000        0.0000000000000000        57.588092910549499     
   0.0000000000000000        0.0000000000000000        57.560812916662449     
   0.0000000000000000        0.0000000000000000        57.533532922781184     
   0.0000000000000000        0.0000000000000000        57.506252928905724     
   0.0000000000000000        0.0000000000000000        57.478972935036069     
   0.0000000000000000        0.0000000000000000        57.451692941172233     
   0.0000000000000000        0.0000000000000000        57.424412947314224     
   0.0000000000000000        0.0000000000000000        57.397132953462048     
   0.0000000000000000        0.0000000000000000        57.369852959615706     
   0.0000000000000000        0.0000000000000000        57.342572965775219     
   0.0000000000000000        0.0000000000000000        57.315292971940586     
   0.0000000000000000        0.0000000000000000        57.288012978111823     
   0.0000000000000000        0.0000000000000000        57.260732984288929     
   0.0000000000000000        0.0000000000000000        57.233452990471925     
   0.0000000000000000        0.0000000000000000        57.206172996660804     
   0.0000000000000000        0.0000000000000000        57.178893002855588     
   0.0000000000000000        0.0000000000000000        57.151613009056284     
   0.0000000000000000        0.0000000000000000        57.124333015262891     
   0.0000000000000000        0.0000000000000000        57.097053021475425     
   0.0000000000000000        0.0000000000000000        57.069773027693891     
   0.0000000000000000        0.0000000000000000        57.042493033918298     
   0.0000000000000000        0.0000000000000000        57.015213040148659     
   0.0000000000000000        0.0000000000000000        56.987933046384981     
   0.0000000000000000        0.0000000000000000        56.960653052627265     
   0.0000000000000000        0.0000000000000000        56.933373058875524     
   0.0000000000000000        0.0000000000000000        56.906093065129781     
   0.0000000000000000        0.0000000000000000        56.878813071390027     
   0.0000000000000000        0.0000000000000000        56.851533077656271     
   0.0000000000000000        0.0000000000000000        56.824253083928525     
   0.0000000000000000        0.0000000000000000        56.796973090206798     
   0.0000000000000000        0.0000000000000000        56.769693096491096     
   0.0000000000000000        0.0000000000000000        56.742413102781441     
   0.0000000000000000        0.0000000000000000        56.715133109077826     
   0.0000000000000000        0.0000000000000000        56.687853115380264     
   0.0000000000000000        0.0000000000000000        56.660573121688763     
   0.0000000000000000        0.0000000000000000        56.633293128003338     
   0.0000000000000000        0.0000000000000000        56.606013134323987     
   0.0000000000000000        0.0000000000000000        56.578733140650733     
   0.0000000000000000        0.0000000000000000        56.551453146983576     
   0.0000000000000000        0.0000000000000000        56.524173153322522     
   0.0000000000000000        0.0000000000000000        56.496893159667586     
   0.0000000000000000        0.0000000000000000        56.469613166018775     
   0.0000000000000000        0.0000000000000000        56.442333172376095     
   0.0000000000000000        0.0000000000000000        56.415053178739562     
   0.0000000000000000        0.0000000000000000        56.387773185109182     
   0.0000000000000000        0.0000000000000000        56.360493191484963     
   0.0000000000000000        0.0000000000000000        56.333213197866904     
   0.0000000000000000        0.0000000000000000        56.305933204255027     
   0.0000000000000000        0.0000000000000000        56.278653210649338     
   0.0000000000000000        0.0000000000000000        56.251373217049846     
   0.0000000000000000        0.0000000000000000        56.224093223456556     
   0.0000000000000000        0.0000000000000000        56.196813229869477     
   0.0000000000000000        0.0000000000000000        56.169533236288629     
   0.0000000000000000        0.0000000000000000        56.142253242714006     
   0.0000000000000000        0.0000000000000000        56.114973249145628     
   0.0000000000000000        0.0000000000000000        56.087693255583503     
   0.0000000000000000        0.0000000000000000        56.060413262027630     
   0.0000000000000000        0.0000000000000000        56.033133268478032     
   0.0000000000000000        0.0000000000000000        56.005853274934708     
   0.0000000000000000        0.0000000000000000        55.978573281397672     
   0.0000000000000000        0.0000000000000000        55.951293287866939     
   0.0000000000000000        0.0000000000000000        55.924013294342501     
   0.0000000000000000        0.0000000000000000        55.896733300824380     
   0.0000000000000000        0.0000000000000000        55.869453307312590     
   0.0000000000000000        0.0000000000000000        55.842173313807130     
   0.0000000000000000        0.0000000000000000        55.814893320308009     
   0.0000000000000000        0.0000000000000000        55.787613326815247     
   0.0000000000000000        0.0000000000000000        55.760333333328838     
   0.0000000000000000        0.0000000000000000        55.733053339848801     
   0.0000000000000000        0.0000000000000000        55.705773346375139     
   0.0000000000000000        0.0000000000000000        55.678493352907871     
   0.0000000000000000        0.0000000000000000        55.651213359447006     
   0.0000000000000000        0.0000000000000000        55.623933365992542     
   0.0000000000000000        0.0000000000000000        55.596653372544495     
   0.0000000000000000        0.0000000000000000        55.569373379102878     
   0.0000000000000000        0.0000000000000000        55.542093385667691     
   0.0000000000000000        0.0000000000000000        55.514813392238956     
   0.0000000000000000        0.0000000000000000        55.487533398816673     
   0.0000000000000000        0.0000000000000000        55.460253405400856     
   0.0000000000000000        0.0000000000000000        55.432973411991512     
   0.0000000000000000        0.0000000000000000        55.405693418588655     
   0.0000000000000000        0.0000000000000000        55.378413425192292     
   0.0000000000000000        0.0000000000000000        55.351133431802424     
   0.0000000000000000        0.0000000000000000        55.323853438419079     
   0.0000000000000000        0.0000000000000000        55.296573445042256     
   0.0000000000000000        0.0000000000000000        55.269293451671956     
   0.0000000000000000        0.0000000000000000        55.242013458308200     
   0.0000000000000000        0.0000000000000000        55.214733464950996     
   0.0000000000000000        0.0000000000000000        55.187453471600350     
   0.0000000000000000        0.0000000000000000        55.160173478256276     
   0.0000000000000000        0.0000000000000000        55.132893484918782     
   0.0000000000000000        0.0000000000000000        55.105613491587881     
   0.0000000000000000        0.0000000000000000        55.078333498263575     
   0.0000000000000000        0.0000000000000000        55.051053504945884     
   0.0000000000000000        0.0000000000000000        55.023773511634808     
   0.0000000000000000        0.0000000000000000        54.996493518330368     
   0.0000000000000000        0.0000000000000000        54.969213525032558     
   0.0000000000000000        0.0000000000000000        54.941933531741405     
   0.0000000000000000        0.0000000000000000        54.914653538456903     
   0.0000000000000000        0.0000000000000000        54.887373545179074     
   0.0000000000000000        0.0000000000000000        54.860093551907923     
   0.0000000000000000        0.0000000000000000        54.832813558643466     
   0.0000000000000000        0.0000000000000000        54.805533565385709     
   0.0000000000000000        0.0000000000000000        54.778253572134652     
   0.0000000000000000        0.0000000000000000        54.750973578890317     
   0.0000000000000000        0.0000000000000000        54.723693585652711     
   0.0000000000000000        0.0000000000000000        54.696413592421841     
   0.0000000000000000        0.0000000000000000        54.669133599197728     
   0.0000000000000000        0.0000000000000000        54.641853605980366     
   0.0000000000000000        0.0000000000000000        54.614573612769775     
   0.0000000000000000        0.0000000000000000        54.587293619565962     
   0.0000000000000000        0.0000000000000000        54.560013626368942     
   0.0000000000000000        0.0000000000000000        54.532733633178715     
   0.0000000000000000        0.0000000000000000        54.505453639995302     
   0.0000000000000000        0.0000000000000000        54.478173646818711     
   0.0000000000000000        0.0000000000000000        54.450893653648947     
   0.0000000000000000        0.0000000000000000        54.423613660486026     
   0.0000000000000000        0.0000000000000000        54.396333667329955     
   0.0000000000000000        0.0000000000000000        54.369053674180748     
   0.0000000000000000        0.0000000000000000        54.341773681038404     
   0.0000000000000000        0.0000000000000000        54.314493687902946     
   0.0000000000000000        0.0000000000000000        54.287213694774387     
   0.0000000000000000        0.0000000000000000        54.259933701652727     
   0.0000000000000000        0.0000000000000000        54.232653708537981     
   0.0000000000000000        0.0000000000000000        54.205373715430149     
   0.0000000000000000        0.0000000000000000        54.178093722329258     
   0.0000000000000000        0.0000000000000000        54.150813729235310     
   0.0000000000000000        0.0000000000000000        54.123533736148318     
   0.0000000000000000        0.0000000000000000        54.096253743068289     
   0.0000000000000000        0.0000000000000000        54.068973749995237     
   0.0000000000000000        0.0000000000000000        54.041693756929170     
   0.0000000000000000        0.0000000000000000        54.014413763870103     
   0.0000000000000000        0.0000000000000000        53.987133770818041     
   0.0000000000000000        0.0000000000000000        53.959853777772999     
   0.0000000000000000        0.0000000000000000        53.932573784734984     
   0.0000000000000000        0.0000000000000000        53.905293791704004     
   0.0000000000000000        0.0000000000000000        53.878013798680080     
   0.0000000000000000        0.0000000000000000        53.850733805663218     
   0.0000000000000000        0.0000000000000000        53.823453812653426     
   0.0000000000000000        0.0000000000000000        53.796173819650711     
   0.0000000000000000        0.0000000000000000        53.768893826655095     
   0.0000000000000000        0.0000000000000000        53.741613833666591     
   0.0000000000000000        0.0000000000000000        53.714333840685192     
   0.0000000000000000        0.0000000000000000        53.687053847710914     
   0.0000000000000000        0.0000000000000000        53.659773854743776     
   0.0000000000000000        0.0000000000000000        53.632493861783786     
   0.0000000000000000        0.0000000000000000        53.605213868830958     
   0.0000000000000000        0.0000000000000000        53.577933875885293     
   0.0000000000000000        0.0000000000000000        53.550653882946811     
   0.0000000000000000        0.0000000000000000        53.523373890015520     
   0.0000000000000000        0.0000000000000000        53.496093897091427     
   0.0000000000000000        0.0000000000000000        53.468813904174553     
   0.0000000000000000        0.0000000000000000        53.441533911264898     
   0.0000000000000000        0.0000000000000000        53.414253918362483     
   0.0000000000000000        0.0000000000000000        53.386973925467309     
   0.0000000000000000        0.0000000000000000        53.359693932579397     
   0.0000000000000000        0.0000000000000000        53.332413939698746     
   0.0000000000000000        0.0000000000000000        53.305133946825379     
   0.0000000000000000        0.0000000000000000        53.277853953959301     
   0.0000000000000000        0.0000000000000000        53.250573961100528     
   0.0000000000000000        0.0000000000000000        53.223293968249074     
   0.0000000000000000        0.0000000000000000        53.196013975404938     
   0.0000000000000000        0.0000000000000000        53.168733982568135     
   0.0000000000000000        0.0000000000000000        53.141453989738686     
   0.0000000000000000        0.0000000000000000        53.114173996916584     
   0.0000000000000000        0.0000000000000000        53.086894004101858     
   0.0000000000000000        0.0000000000000000        53.059614011294514     
   0.0000000000000000        0.0000000000000000        53.032334018494559     
   0.0000000000000000        0.0000000000000000        53.005054025702009     
   0.0000000000000000        0.0000000000000000        52.977774032916876     
   0.0000000000000000        0.0000000000000000        52.950494040139169     
   0.0000000000000000        0.0000000000000000        52.923214047368901     
   0.0000000000000000        0.0000000000000000        52.895934054606080     
   0.0000000000000000        0.0000000000000000        52.868654061850719     
   0.0000000000000000        0.0000000000000000        52.841374069102834     
   0.0000000000000000        0.0000000000000000        52.814094076362430     
   0.0000000000000000        0.0000000000000000        52.786814083629523     
   0.0000000000000000        0.0000000000000000        52.759534090904118     
   0.0000000000000000        0.0000000000000000        52.732254098186239     
   0.0000000000000000        0.0000000000000000        52.704974105475891     
   0.0000000000000000        0.0000000000000000        52.677694112773089     
   0.0000000000000000        0.0000000000000000        52.650414120077834     
   0.0000000000000000        0.0000000000000000        52.623134127390145     
   0.0000000000000000        0.0000000000000000        52.595854134710031     
   0.0000000000000000        0.0000000000000000        52.568574142037512     
   0.0000000000000000        0.0000000000000000        52.541294149372590     
   0.0000000000000000        0.0000000000000000        52.514014156715284     
   0.0000000000000000        0.0000000000000000        52.486734164065602     
   0.0000000000000000        0.0000000000000000        52.459454171423559     
   0.0000000000000000        0.0000000000000000        52.432174178789161     
   0.0000000000000000        0.0000000000000000        52.404894186162423     
   0.0000000000000000        0.0000000000000000        52.377614193543359     
   0.0000000000000000        0.0000000000000000        52.350334200931975     
   0.0000000000000000        0.0000000000000000        52.323054208328294     
   0.0000000000000000        0.0000000000000000        52.295774215732322     
   0.0000000000000000        0.0000000000000000        52.268494223144067     
   0.0000000000000000        0.0000000000000000        52.241214230563543     
   0.0000000000000000        0.0000000000000000        52.213934237990770     
   0.0000000000000000        0.0000000000000000        52.186654245425750     
   0.0000000000000000        0.0000000000000000        52.159374252868503     
   0.0000000000000000        0.0000000000000000        52.132094260319036     
   0.0000000000000000        0.0000000000000000        52.104814267777357     
   0.0000000000000000        0.0000000000000000        52.077534275243487     
   0.0000000000000000        0.0000000000000000        52.050254282717432     
   0.0000000000000000        0.0000000000000000        52.022974290199215     
   0.0000000000000000        0.0000000000000000        51.995694297688836     
   0.0000000000000000        0.0000000000000000        51.968414305186307     
   0.0000000000000000        0.0000000000000000        51.941134312691652     
   0.0000000000000000        0.0000000000000000        51.913854320204877     
   0.0000000000000000        0.0000000000000000        51.886574327725988     
   0.0000000000000000        0.0000000000000000        51.859294335255008     
   0.0000000000000000        0.0000000000000000        51.832014342791943     
   0.0000000000000000        0.0000000000000000        51.804734350336808     
   0.0000000000000000        0.0000000000000000        51.777454357889610     
   0.0000000000000000        0.0000000000000000        51.750174365450377     
   0.0000000000000000        0.0000000000000000        51.722894373019102     
   0.0000000000000000        0.0000000000000000        51.695614380595813     
   0.0000000000000000        0.0000000000000000        51.668334388180511     
   0.0000000000000000        0.0000000000000000        51.641054395773224     
   0.0000000000000000        0.0000000000000000        51.613774403373945     
   0.0000000000000000        0.0000000000000000        51.586494410982702     
   0.0000000000000000        0.0000000000000000        51.559214418599495     
   0.0000000000000000        0.0000000000000000        51.531934426224353     
   0.0000000000000000        0.0000000000000000        51.504654433857269     
   0.0000000000000000        0.0000000000000000        51.477374441498270     
   0.0000000000000000        0.0000000000000000        51.450094449147372     
   0.0000000000000000        0.0000000000000000        51.422814456804574     
   0.0000000000000000        0.0000000000000000        51.395534464469897     
   0.0000000000000000        0.0000000000000000        51.368254472143356     
   0.0000000000000000        0.0000000000000000        51.340974479824958     
   0.0000000000000000        0.0000000000000000        51.313694487514717     
   0.0000000000000000        0.0000000000000000        51.286414495212654     
   0.0000000000000000        0.0000000000000000        51.259134502918769     
   0.0000000000000000        0.0000000000000000        51.231854510633092     
   0.0000000000000000        0.0000000000000000        51.204574518355614     
   0.0000000000000000        0.0000000000000000        51.177294526086371     
   0.0000000000000000        0.0000000000000000        51.150014533825356     
   0.0000000000000000        0.0000000000000000        51.122734541572598     
   0.0000000000000000        0.0000000000000000        51.095454549328110     
   0.0000000000000000        0.0000000000000000        51.068174557091886     
   0.0000000000000000        0.0000000000000000        51.040894564863962     
   0.0000000000000000        0.0000000000000000        51.013614572644336     
   0.0000000000000000        0.0000000000000000        50.986334580433024     
   0.0000000000000000        0.0000000000000000        50.959054588230046     
   0.0000000000000000        0.0000000000000000        50.931774596035410     
   0.0000000000000000        0.0000000000000000        50.904494603849130     
   0.0000000000000000        0.0000000000000000        50.877214611671221     
   0.0000000000000000        0.0000000000000000        50.849934619501703     
   0.0000000000000000        0.0000000000000000        50.822654627340576     
   0.0000000000000000        0.0000000000000000        50.795374635187855     
   0.0000000000000000        0.0000000000000000        50.768094643043568     
   0.0000000000000000        0.0000000000000000        50.740814650907708     
   0.0000000000000000        0.0000000000000000        50.713534658780311     
   0.0000000000000000        0.0000000000000000        50.686254666661370     
   0.0000000000000000        0.0000000000000000        50.658974674550912     
   0.0000000000000000        0.0000000000000000        50.631694682448945     
   0.0000000000000000        0.0000000000000000        50.604414690355490     
   0.0000000000000000        0.0000000000000000        50.577134698270555     
   0.0000000000000000        0.0000000000000000        50.549854706194147     
   0.0000000000000000        0.0000000000000000        50.522574714126293     
   0.0000000000000000        0.0000000000000000        50.495294722066994     
   0.0000000000000000        0.0000000000000000        50.468014730016272     
   0.0000000000000000        0.0000000000000000        50.440734737974140     
   0.0000000000000000        0.0000000000000000        50.413454745940612     
   0.0000000000000000        0.0000000000000000        50.386174753915697     
   0.0000000000000000        0.0000000000000000        50.358894761899421     
   0.0000000000000000        0.0000000000000000        50.331614769891786     
   0.0000000000000000        0.0000000000000000        50.304334777892805     
   0.0000000000000000        0.0000000000000000        50.277054785902500     
   0.0000000000000000        0.0000000000000000        50.249774793920885     
   0.0000000000000000        0.0000000000000000        50.222494801947967     
   0.0000000000000000        0.0000000000000000        50.195214809983774     
   0.0000000000000000        0.0000000000000000        50.167934818028300     
   0.0000000000000000        0.0000000000000000        50.140654826081580     
   0.0000000000000000        0.0000000000000000        50.113374834143606     
   0.0000000000000000        0.0000000000000000        50.086094842214415     
   0.0000000000000000        0.0000000000000000        50.058814850294013     
   0.0000000000000000        0.0000000000000000        50.031534858382408     
   0.0000000000000000        0.0000000000000000        50.004254866479620     
   0.0000000000000000        0.0000000000000000        49.976974874585657     
   0.0000000000000000        0.0000000000000000        49.949694882700541     
   0.0000000000000000        0.0000000000000000        49.922414890824285     
   0.0000000000000000        0.0000000000000000        49.895134898956904     
   0.0000000000000000        0.0000000000000000        49.867854907098405     
   0.0000000000000000        0.0000000000000000        49.840574915248816     
   0.0000000000000000        0.0000000000000000        49.813294923408137     
   0.0000000000000000        0.0000000000000000        49.786014931576396     
   0.0000000000000000        0.0000000000000000        49.758734939753595     
   0.0000000000000000        0.0000000000000000        49.731454947939760     
   0.0000000000000000        0.0000000000000000        49.704174956134906     
   0.0000000000000000        0.0000000000000000        49.676894964339034     
   0.0000000000000000        0.0000000000000000        49.649614972552172     
   0.0000000000000000        0.0000000000000000        49.622334980774333     
   0.0000000000000000        0.0000000000000000        49.595054989005526     
   0.0000000000000000        0.0000000000000000        49.567774997245763     
   0.0000000000000000        0.0000000000000000        49.540495005495075     
   0.0000000000000000        0.0000000000000000        49.513215013753474     
   0.0000000000000000        0.0000000000000000        49.485935022020954     
   0.0000000000000000        0.0000000000000000        49.458655030297550     
   0.0000000000000000        0.0000000000000000        49.431375038583269     
   0.0000000000000000        0.0000000000000000        49.404095046878126     
   0.0000000000000000        0.0000000000000000        49.376815055182142     
   0.0000000000000000        0.0000000000000000        49.349535063495331     
   0.0000000000000000        0.0000000000000000        49.322255071817700     
   0.0000000000000000        0.0000000000000000        49.294975080149271     
   0.0000000000000000        0.0000000000000000        49.267695088490058     
   0.0000000000000000        0.0000000000000000        49.240415096840081     
   0.0000000000000000        0.0000000000000000        49.213135105199349     
   0.0000000000000000        0.0000000000000000        49.185855113567882     
   0.0000000000000000        0.0000000000000000        49.158575121945688     
   0.0000000000000000        0.0000000000000000        49.131295130332788     
   0.0000000000000000        0.0000000000000000        49.104015138729196     
   0.0000000000000000        0.0000000000000000        49.076735147134933     
   0.0000000000000000        0.0000000000000000        49.049455155550007     
   0.0000000000000000        0.0000000000000000        49.022175163974431     
   0.0000000000000000        0.0000000000000000        48.994895172408242     
   0.0000000000000000        0.0000000000000000        48.967615180851425     
   0.0000000000000000        0.0000000000000000        48.940335189304015     
   0.0000000000000000        0.0000000000000000        48.913055197766020     
   0.0000000000000000        0.0000000000000000        48.885775206237462     
   0.0000000000000000        0.0000000000000000        48.858495214718353     
   0.0000000000000000        0.0000000000000000        48.831215223208702     
   0.0000000000000000        0.0000000000000000        48.803935231708543     
   0.0000000000000000        0.0000000000000000        48.776655240217870     
   0.0000000000000000        0.0000000000000000        48.749375248736719     
   0.0000000000000000        0.0000000000000000        48.722095257265096     
   0.0000000000000000        0.0000000000000000        48.694815265803015     
   0.0000000000000000        0.0000000000000000        48.667535274350492     
   0.0000000000000000        0.0000000000000000        48.640255282907553     
   0.0000000000000000        0.0000000000000000        48.612975291474200     
   0.0000000000000000        0.0000000000000000        48.585695300050460     
   0.0000000000000000        0.0000000000000000        48.558415308636349     
   0.0000000000000000        0.0000000000000000        48.531135317231872     
   0.0000000000000000        0.0000000000000000        48.503855325837058     
   0.0000000000000000        0.0000000000000000        48.476575334451923     
   0.0000000000000000        0.0000000000000000        48.449295343076479     
   0.0000000000000000        0.0000000000000000        48.422015351710733     
   0.0000000000000000        0.0000000000000000        48.394735360354709     
   0.0000000000000000        0.0000000000000000        48.367455369008432     
   0.0000000000000000        0.0000000000000000        48.340175377671905     
   0.0000000000000000        0.0000000000000000        48.312895386345154     
   0.0000000000000000        0.0000000000000000        48.285615395028195     
   0.0000000000000000        0.0000000000000000        48.258335403721034     
   0.0000000000000000        0.0000000000000000        48.231055412423700     
   0.0000000000000000        0.0000000000000000        48.203775421136207     
   0.0000000000000000        0.0000000000000000        48.176495429858569     
   0.0000000000000000        0.0000000000000000        48.149215438590801     
   0.0000000000000000        0.0000000000000000        48.121935447332923     
   0.0000000000000000        0.0000000000000000        48.094655456084951     
   0.0000000000000000        0.0000000000000000        48.067375464846904     
   0.0000000000000000        0.0000000000000000        48.040095473618798     
   0.0000000000000000        0.0000000000000000        48.012815482400640     
   0.0000000000000000        0.0000000000000000        47.985535491192465     
   0.0000000000000000        0.0000000000000000        47.958255499994280     
   0.0000000000000000        0.0000000000000000        47.930975508806107     
   0.0000000000000000        0.0000000000000000        47.903695517627952     
   0.0000000000000000        0.0000000000000000        47.876415526459837     
   0.0000000000000000        0.0000000000000000        47.849135535301784     
   0.0000000000000000        0.0000000000000000        47.821855544153806     
   0.0000000000000000        0.0000000000000000        47.794575553015925     
   0.0000000000000000        0.0000000000000000        47.767295561888147     
   0.0000000000000000        0.0000000000000000        47.740015570770503     
   0.0000000000000000        0.0000000000000000        47.712735579663004     
   0.0000000000000000        0.0000000000000000        47.685455588565667     
   0.0000000000000000        0.0000000000000000        47.658175597478511     
   0.0000000000000000        0.0000000000000000        47.630895606401552     
   0.0000000000000000        0.0000000000000000        47.603615615334810     
   0.0000000000000000        0.0000000000000000        47.576335624278300     
   0.0000000000000000        0.0000000000000000        47.549055633232037     
   0.0000000000000000        0.0000000000000000        47.521775642196047     
   0.0000000000000000        0.0000000000000000        47.494495651170340     
   0.0000000000000000        0.0000000000000000        47.467215660154935     
   0.0000000000000000        0.0000000000000000        47.439935669149854     
   0.0000000000000000        0.0000000000000000        47.412655678155119     
   0.0000000000000000        0.0000000000000000        47.385375687170729     
   0.0000000000000000        0.0000000000000000        47.358095696196720     
   0.0000000000000000        0.0000000000000000        47.330815705233100     
   0.0000000000000000        0.0000000000000000        47.303535714279896     
   0.0000000000000000        0.0000000000000000        47.276255723337115     
   0.0000000000000000        0.0000000000000000        47.248975732404780     
   0.0000000000000000        0.0000000000000000        47.221695741482911     
   0.0000000000000000        0.0000000000000000        47.194415750571530     
   0.0000000000000000        0.0000000000000000        47.167135759670643     
   0.0000000000000000        0.0000000000000000        47.139855768780279     
   0.0000000000000000        0.0000000000000000        47.112575777900453     
   0.0000000000000000        0.0000000000000000        47.085295787031178     
   0.0000000000000000        0.0000000000000000        47.058015796172484     
   0.0000000000000000        0.0000000000000000        47.030735805324376     
   0.0000000000000000        0.0000000000000000        47.003455814486884     
   0.0000000000000000        0.0000000000000000        46.976175823660014     
   0.0000000000000000        0.0000000000000000        46.948895832843803     
   0.0000000000000000        0.0000000000000000        46.921615842038250     
   0.0000000000000000        0.0000000000000000        46.894335851243390     
   0.0000000000000000        0.0000000000000000        46.867055860459232     
   0.0000000000000000        0.0000000000000000        46.839775869685788     
   0.0000000000000000        0.0000000000000000        46.812495878923094     
   0.0000000000000000        0.0000000000000000        46.785215888171152     
   0.0000000000000000        0.0000000000000000        46.757935897429995     
   0.0000000000000000        0.0000000000000000        46.730655906699631     
   0.0000000000000000        0.0000000000000000        46.703375915980082     
   0.0000000000000000        0.0000000000000000        46.676095925271369     
   0.0000000000000000        0.0000000000000000        46.648815934573513     
   0.0000000000000000        0.0000000000000000        46.621535943886535     
   0.0000000000000000        0.0000000000000000        46.594255953210443     
   0.0000000000000000        0.0000000000000000        46.566975962545264     
   0.0000000000000000        0.0000000000000000        46.539695971891014     
   0.0000000000000000        0.0000000000000000        46.512415981247713     
   0.0000000000000000        0.0000000000000000        46.485135990615383     
   0.0000000000000000        0.0000000000000000        46.457855999994045     
   0.0000000000000000        0.0000000000000000        46.430576009383714     
   0.0000000000000000        0.0000000000000000        46.403296018784403     
   0.0000000000000000        0.0000000000000000        46.376016028196148     
   0.0000000000000000        0.0000000000000000        46.348736037618970     
   0.0000000000000000        0.0000000000000000        46.321456047052862     
   0.0000000000000000        0.0000000000000000        46.294176056497868     
   0.0000000000000000        0.0000000000000000        46.266896065953993     
   0.0000000000000000        0.0000000000000000        46.239616075421260     
   0.0000000000000000        0.0000000000000000        46.212336084899704     
   0.0000000000000000        0.0000000000000000        46.185056094389324     
   0.0000000000000000        0.0000000000000000        46.157776103890150     
   0.0000000000000000        0.0000000000000000        46.130496113402195     
   0.0000000000000000        0.0000000000000000        46.103216122925481     
   0.0000000000000000        0.0000000000000000        46.075936132460043     
   0.0000000000000000        0.0000000000000000        46.048656142005882     
   0.0000000000000000        0.0000000000000000        46.021376151563018     
   0.0000000000000000        0.0000000000000000        45.994096161131480     
   0.0000000000000000        0.0000000000000000        45.966816170711297     
   0.0000000000000000        0.0000000000000000        45.939536180302476     
   0.0000000000000000        0.0000000000000000        45.912256189905023     
   0.0000000000000000        0.0000000000000000        45.884976199518981     
   0.0000000000000000        0.0000000000000000        45.857696209144379     
   0.0000000000000000        0.0000000000000000        45.830416218781210     
   0.0000000000000000        0.0000000000000000        45.803136228429501     
   0.0000000000000000        0.0000000000000000        45.775856238089283     
   0.0000000000000000        0.0000000000000000        45.748576247760582     
   0.0000000000000000        0.0000000000000000        45.721296257443399     
   0.0000000000000000        0.0000000000000000        45.694016267137762     
   0.0000000000000000        0.0000000000000000        45.666736276843686     
   0.0000000000000000        0.0000000000000000        45.639456286561220     
   0.0000000000000000        0.0000000000000000        45.612176296290357     
   0.0000000000000000        0.0000000000000000        45.584896306031112     
   0.0000000000000000        0.0000000000000000        45.557616315783527     
   0.0000000000000000        0.0000000000000000        45.530336325547623     
   0.0000000000000000        0.0000000000000000        45.503056335323400     
   0.0000000000000000        0.0000000000000000        45.475776345110894     
   0.0000000000000000        0.0000000000000000        45.448496354910120     
   0.0000000000000000        0.0000000000000000        45.421216364721111     
   0.0000000000000000        0.0000000000000000        45.393936374543884     
   0.0000000000000000        0.0000000000000000        45.366656384378444     
   0.0000000000000000        0.0000000000000000        45.339376394224821     
   0.0000000000000000        0.0000000000000000        45.312096404083050     
   0.0000000000000000        0.0000000000000000        45.284816413953152     
   0.0000000000000000        0.0000000000000000        45.257536423835120     
   0.0000000000000000        0.0000000000000000        45.230256433728997     
   0.0000000000000000        0.0000000000000000        45.202976443634810     
   0.0000000000000000        0.0000000000000000        45.175696453552575     
   0.0000000000000000        0.0000000000000000        45.148416463482299     
   0.0000000000000000        0.0000000000000000        45.121136473424009     
   0.0000000000000000        0.0000000000000000        45.093856483377749     
   0.0000000000000000        0.0000000000000000        45.066576493343526     
   0.0000000000000000        0.0000000000000000        45.039296503321353     
   0.0000000000000000        0.0000000000000000        45.012016513311252     
   0.0000000000000000        0.0000000000000000        44.984736523313266     
   0.0000000000000000        0.0000000000000000        44.957456533327409     
   0.0000000000000000        0.0000000000000000        44.930176543353681     
   0.0000000000000000        0.0000000000000000        44.902896553392125     
   0.0000000000000000        0.0000000000000000        44.875616563442762     
   0.0000000000000000        0.0000000000000000        44.848336573505620     
   0.0000000000000000        0.0000000000000000        44.821056583580699     
   0.0000000000000000        0.0000000000000000        44.793776593668035     
   0.0000000000000000        0.0000000000000000        44.766496603767656     
   0.0000000000000000        0.0000000000000000        44.739216613879584     
   0.0000000000000000        0.0000000000000000        44.711936624003826     
   0.0000000000000000        0.0000000000000000        44.684656634140417     
   0.0000000000000000        0.0000000000000000        44.657376644289378     
   0.0000000000000000        0.0000000000000000        44.630096654450732     
   0.0000000000000000        0.0000000000000000        44.602816664624491     
   0.0000000000000000        0.0000000000000000        44.575536674810699     
   0.0000000000000000        0.0000000000000000        44.548256685009370     
   0.0000000000000000        0.0000000000000000        44.520976695220519     
   0.0000000000000000        0.0000000000000000        44.493696705444165     
   0.0000000000000000        0.0000000000000000        44.466416715680346     
   0.0000000000000000        0.0000000000000000        44.439136725929089     
   0.0000000000000000        0.0000000000000000        44.411856736190401     
   0.0000000000000000        0.0000000000000000        44.384576746464305     
   0.0000000000000000        0.0000000000000000        44.357296756750827     
   0.0000000000000000        0.0000000000000000        44.330016767050012     
   0.0000000000000000        0.0000000000000000        44.302736777361858     
   0.0000000000000000        0.0000000000000000        44.275456787686387     
   0.0000000000000000        0.0000000000000000        44.248176798023636     
   0.0000000000000000        0.0000000000000000        44.220896808373631     
   0.0000000000000000        0.0000000000000000        44.193616818736380     
   0.0000000000000000        0.0000000000000000        44.166336829111913     
   0.0000000000000000        0.0000000000000000        44.139056839500249     
   0.0000000000000000        0.0000000000000000        44.111776849901439     
   0.0000000000000000        0.0000000000000000        44.084496860315475     
   0.0000000000000000        0.0000000000000000        44.057216870742387     
   0.0000000000000000        0.0000000000000000        44.029936881182202     
   0.0000000000000000        0.0000000000000000        44.002656891634956     
   0.0000000000000000        0.0000000000000000        43.975376902100663     
   0.0000000000000000        0.0000000000000000        43.948096912579331     
   0.0000000000000000        0.0000000000000000        43.920816923071008     
   0.0000000000000000        0.0000000000000000        43.893536933575717     
   0.0000000000000000        0.0000000000000000        43.866256944093472     
   0.0000000000000000        0.0000000000000000        43.838976954624300     
   0.0000000000000000        0.0000000000000000        43.811696965168217     
   0.0000000000000000        0.0000000000000000        43.784416975725271     
   0.0000000000000000        0.0000000000000000        43.757136986295471     
   0.0000000000000000        0.0000000000000000        43.729856996878830     
   0.0000000000000000        0.0000000000000000        43.702577007475384     
   0.0000000000000000        0.0000000000000000        43.675297018085175     
   0.0000000000000000        0.0000000000000000        43.648017028708210     
   0.0000000000000000        0.0000000000000000        43.620737039344505     
   0.0000000000000000        0.0000000000000000        43.593457049994100     
   0.0000000000000000        0.0000000000000000        35.645866666674976     
   0.0000000000000000        0.0000000000000000        32.930857142873030     
   0.0000000000000000        0.0000000000000000        30.217846153874788     
   0.0000000000000000        0.0000000000000000        27.507333333384320     
   0.0000000000000000        0.0000000000000000        24.800000000092179     
