   59.279439999996050        7.6799039588239441E-216          36
   59.279439999996050        7.6799039588239441E-216          36
   59.252159999996046        6.0895961569250557E-216          36
   59.224879999996041        4.8275660611754885E-216          36
   59.197599999996037        3.8262633586711506E-216          36
   59.170319999996032        3.0319934842960545E-216          36
   59.143039999996027        2.4020846640267170E-216          36
   59.115759999996023        1.9026323198047504E-216          36
   59.088479999996018        1.5067035504979273E-216          36
   59.061199999996020        1.1929081510498968E-216          36
   59.033919999996016        9.4426158698742163E-217          36
   59.006639999996011        7.4728046798432226E-217          36
   58.979359999996007        5.9126313289909806E-217          36
   58.952079999996002        4.6771758569352530E-217          36
   58.924799999995997        3.6990669929018772E-217          36
   58.897519999995993        2.9248672612927995E-217          36
   58.870239999995988        2.3122003424817988E-217          36
   58.842959999995983        1.8274687711926746E-217          36
   58.815679999995979        1.4440410469133833E-217          36
   58.788399999995974        1.1408119209926423E-217          36
   58.761119999995969        9.0105929055021701E-218          36
   58.733839999995965        7.1153678934836579E-218          36
   58.706559999995960        5.6175363344703561E-218          36
   58.679279999995956        4.4340320345322067E-218          36
   58.651999999995951        3.4990974272380222E-218          36
   58.624719999995946        2.7606883443959059E-218          36
   58.597439999995942        2.1776231878573011E-218          36
   58.570159999995937        1.7173228658557557E-218          36
   58.542879999995939        1.3540194640880760E-218          36
   58.515599999995935        1.0673367473092761E-218          36
   58.488319999995930        8.4116555629902228E-219          36
   58.461039999995926        6.6277303242796890E-219          36
   58.433759999995921        5.2209720749151043E-219          36
   58.406479999995916        4.1118850835243807E-219          36
   58.379199999995912        3.2376767613999571E-219          36
   58.351919999995907        2.5487591144699372E-219          36
   58.324639999995902        2.0059806674160241E-219          36
   58.297359999995898        1.5784368274398452E-219          36
   58.270079999995893        1.2417381962817905E-219          36
   58.242799999995889        9.7664135766296584E-220          36
   58.215519999995884        7.6796650784158356E-220          36
   58.188239999995879        6.0374202761800558E-220          36
   58.160959999995875        4.7452856351065935E-220          36
   58.133679999995870        3.7288506786530216E-220          36
   58.106399999995865        2.9294707749156647E-220          36
   58.079119999995861        2.3009371284035946E-220          36
   58.051839999995856        1.8068479191433547E-220          36
   58.024559999995859        1.4185334256161841E-220          36
   57.997279999995854        1.1134187579704854E-220          36
   57.969999999995849        8.7373219650674030E-221          36
   57.942719999995845        6.8548641256621554E-221          36
   57.915439999995840        5.3767510289780035E-221          36
   57.888159999995835        4.2163963315683420E-221          36
   57.860879999995831        3.3056982610335401E-221          36
   57.833599999995826        2.5911057194210741E-221          36
   57.806319999995821        2.0305189920130178E-221          36
   57.779039999995817        1.5908485491571401E-221          36
   57.751759999995812        1.2460926418689974E-221          36
   57.724479999995808        9.7582378452189330E-222          36
   57.697199999995803        7.6399742830561809E-222          36
   57.669919999995798        5.9801445344007464E-222          36
   57.642639999995794        4.6798357164975030E-222          36
   57.615359999995789        3.6614114399511990E-222          36
   57.588079999995784        2.8639492389602199E-222          36
   57.560799999995780        2.2396533783895674E-222          36
   57.533519999995775        1.7510351734003546E-222          36
   57.506239999995771        1.3686971167085764E-222          36
   57.478959999995773        1.0695919161731059E-222          36
   57.451679999995768        8.3565497546575663E-223          36
   57.424399999995764        6.5273046175556158E-223          36
   57.397119999995759        5.0972812713783685E-223          36
   57.369839999995754        3.9796145603476179E-223          36
   57.342559999995750        3.1062826522526860E-223          36
   57.315279999995745        2.4240319096373409E-223          36
   57.287999999995741        1.8911803553074437E-223          36
   57.260719999995736        1.4751108939706851E-223          36
   57.233439999995731        1.1503059128271980E-223          36
   57.206159999995727        8.9680670282770526E-224          36
   57.178879999995722        6.9900615914485912E-224          36
   57.151599999995717        5.4470288370442069E-224          36
   57.124319999995713        4.2436026597989125E-224          36
   57.097039999995708        3.3052625957920193E-224          36
   57.069759999995703        2.5737910905277943E-224          36
   57.042479999995699        2.0037177074862263E-224          36
   57.015199999995694        1.5595365163496997E-224          36
   56.987919999995690        1.2135290551805442E-224          36
   56.960639999995692        9.4406148119281315E-225          36
   56.933359999995687        7.3425294207106893E-225          36
   56.906079999995683        5.7093448985830462E-225          36
   56.878799999995678        4.4383533922491090E-225          36
   56.851519999995674        3.4494697630085833E-225          36
   56.824239999995669        2.6802636607423366E-225          36
   56.796959999995664        2.0820792407738855E-225          36
   56.769679999995660        1.6170051296477175E-225          36
   56.742399999995655        1.2555089013436732E-225          36
   56.715119999995650        9.7459077577292039E-226          36
   56.687839999995646        7.5634291964989128E-226          36
   56.660559999995641        5.8682551671296534E-226          36
   56.633279999995636        4.5519017043222073E-226          36
   56.605999999995632        3.5299637652425264E-226          36
   56.578719999995627        2.7367867095720679E-226          36
   56.551439999995623        2.1213133962423251E-226          36
   56.524159999995618        1.6438483103129975E-226          36
   56.496879999995613        1.2735368380708599E-226          36
   56.469599999995609        9.8640211667914659E-227          36
   56.442319999995611        7.6381649821096515E-227          36
   56.415039999995606        5.9131170134352138E-227          36
   56.387759999995602        4.5765283219971765E-227          36
   56.360479999995597        3.5411793350965814E-227          36
   56.333199999995593        2.7393758108201775E-227          36
   56.305919999995588        2.1185908043396696E-227          36
   56.278639999995583        1.6380764341491390E-227          36
   56.251359999995579        1.2662302867014992E-227          36
   56.224079999995574        9.7854888941575867E-228          36
   56.196799999995569        7.5603777888540068E-228          36
   56.169519999995565        5.8397660045123627E-228          36
   56.142239999995560        4.5096019861236678E-228          36
   56.114959999995556        3.4815420137022906E-228          36
   56.087679999995551        2.6871726312737139E-228          36
   56.060399999995546        2.0735276660069056E-228          36
   56.033119999995542        1.5996106242780209E-228          36
   56.005839999995537        1.2336976675308976E-228          36
   55.978559999995532        9.5124648305654314E-229          36
   55.951279999995528        7.3327533977677591E-229          36
   55.923999999995523        5.6510692445232085E-229          36
   55.896719999995526        4.3539511207203593E-229          36
   55.869439999995521        3.3537113303717789E-229          36
   55.842159999995516        2.5825982532530313E-229          36
   55.814879999995512        1.9882770998784291E-229          36
   55.787599999995507        1.5303320976709708E-229          36
   55.760319999995502        1.1775599317795908E-229          36
   55.733039999995498        9.0587597861264936E-230          36
   55.705759999995493        6.9669500081955621E-230          36
   55.678479999995488        5.3567910605364111E-230          36
   55.651199999995484        4.1176991940444802E-230          36
   55.623919999995479        3.1644064373160509E-230          36
   55.596639999995475        2.4311819757879417E-230          36
   55.569359999995470        1.8673687011584816E-230          36
   55.542079999995465        1.4339364915159673E-230          36
   55.514799999995461        1.1008213036316942E-230          36
   55.487519999995456        8.4487144917430373E-231          36
   55.460239999995451        6.4826291137950376E-231          36
   55.432959999995447        4.9727689530614991E-231          36
   55.405679999995442        3.8135705417658311E-231          36
   55.378399999995445        2.9238259450818928E-231          36
   55.351119999995440        2.2410797261459018E-231          36
   55.323839999995435        1.7173111465961946E-231          36
   55.296559999995431        1.3156076565505481E-231          36
   55.269279999995426        1.0076027580628373E-231          36
   55.241999999995421        7.7150311633089055E-232          36
   55.214719999995417        5.9056979788178620E-232          36
   55.187439999995412        4.5194940842065498E-232          36
   55.160159999995408        3.4577475406254556E-232          36
   55.132879999995403        2.6447305885473551E-232          36
   55.105599999995398        2.0223397675564739E-232          36
   55.078319999995394        1.5460059471861822E-232          36
   55.051039999995389        1.1815507511999328E-232          36
   55.023759999995384        9.0277102244169175E-233          36
   54.996479999995380        6.8958320658162925E-233          36
   54.969199999995375        5.2659824281541226E-233          36
   54.941919999995370        4.0202737268409321E-233          36
   54.914639999995366        3.0684224873952223E-233          36
   54.887359999995361        2.3413041264941258E-233          36
   54.860079999995364        1.7860082882565711E-233          36
   54.832799999995359        1.3620463914418129E-233          36
   54.805519999995354        1.0384436738454326E-233          36
   54.778239999995350        7.9151004200596354E-234          36
   54.750959999995345        6.0313172949389778E-234          36
   54.723679999995340        4.5946243514688177E-234          36
   54.696399999995336        3.4992079559252879E-234          36
   54.669119999995331        2.6642270197280324E-234          36
   54.641839999995327        2.0279360630426541E-234          36
   54.614559999995322        1.5431873867983226E-234          36
   54.587279999995317        1.1739896544350034E-234          36
   54.559999999995313        8.9287547506560976E-235          36
   54.532719999995308        6.7888835481146525E-235          36
   54.505439999995303        5.1604370566242155E-235          36
   54.478159999995299        3.9215259443327222E-235          36
   54.450879999995294        2.9792297849086524E-235          36
   54.423599999995290        2.2627315400407459E-235          36
   54.396319999995285        1.7180745302359794E-235          36
   54.369039999995280        1.3041595544075232E-235          36
   54.341759999995276        9.8968965842045117E-236          36
   54.314479999995278        7.5083884349179104E-236          36
   54.287199999995273        5.6947366441608214E-236          36
   54.259919999995269        4.3179696695908997E-236          36
   54.232639999995264        3.2731384596773894E-236          36
   54.205359999995260        2.4804348837027872E-236          36
   54.178079999995255        1.8791859794476348E-236          36
   54.150799999995250        1.4232788384146553E-236          36
   54.123519999995246        1.0776762998830693E-236          36
   54.096239999995241        8.1576411675191959E-237          36
   54.068959999995236        6.1733173727655570E-237          36
   54.041679999995232        4.6703579434923575E-237          36
   54.014399999995227        3.5323123364207765E-237          36
   53.987119999995222        2.6708236428091777E-237          36
   53.959839999995218        2.0188698487793818E-237          36
   53.932559999995213        1.5256265598050672E-237          36
   53.905279999995209        1.1525632845088074E-237          36
   53.877999999995204        8.7047790910978993E-238          36
   53.850719999995199        6.5724451807230056E-238          36
   53.823439999995195        4.9610344983559419E-238          36
   53.796159999995197        3.7436340517553742E-238          36
   53.768879999995193        2.8241659237094005E-238          36
   53.741599999995188        2.1299161965054648E-238          36
   53.714319999995183        1.6058690250603065E-238          36
   53.687039999995179        1.2104109210636137E-238          36
   53.659759999995174        9.1207481080628747E-239          36
   53.632479999995169        6.8707289296339642E-239          36
   53.605199999995165        5.1742773085173124E-239          36
   53.577919999995160        3.8955692303400765E-239          36
   53.550639999995155        2.9320157664482213E-239          36
   53.523359999995151        2.2061530141928181E-239          36
   53.496079999995146        1.6595055998775749E-239          36
   53.468799999995142        1.2479448166901843E-239          36
   53.441519999995137        9.3817836730877147E-240          36
   53.414239999995132        7.0509661069222552E-240          36
   53.386959999995128        5.2976690469159250E-240          36
   53.359679999995123        3.9791820558800819E-240          36
   53.332399999995118        2.9879641907005714E-240          36
   53.305119999995114        2.2430004685563764E-240          36
   53.277839999995116        1.6832768116327420E-240          36
   53.250559999995112        1.2628556764657953E-240          36
   53.223279999995107        9.4716078074915512E-241          36
   53.195999999995102        7.1017487152004624E-241          36
   53.168719999995098        5.3232676915467795E-241          36
   53.141439999995093        3.9889860956108338E-241          36
   53.114159999995088        2.9882556650604590E-241          36
   53.086879999995084        2.2379160641396758E-241          36
   53.059599999995079        1.6754846345401704E-241          36
   53.032319999995075        1.2540288219438346E-241          36
   53.005039999995070        9.3830666142564465E-242          36
   52.977759999995065        7.0186258633934498E-242          36
   52.950479999995061        5.2484274141507186E-242          36
   52.923199999995056        3.9235203208096299E-242          36
   52.895919999995051        2.9321894245860808E-242          36
   52.868639999995047        2.1906719273257660E-242          36
   52.841359999995042        1.6361821967262893E-242          36
   52.814079999995037        1.2216724467357992E-242          36
   52.786799999995033        9.1189847129613696E-243          36
   52.759519999995028        6.8046624137335853E-243          36
   52.732239999995031        5.0761548747686938E-243          36
   52.704959999995026        3.7855686095921254E-243          36
   52.677679999995021        2.8222478550034883E-243          36
   52.650399999995017        2.1034236257931025E-243          36
   52.623119999995012        1.5672046198003984E-243          36
   52.595839999995007        1.1673250663284806E-243          36
   52.568559999995003        8.6921030144458287E-244          36
   52.541279999994998        6.4703035448920661E-244          36
   52.513999999994994        4.8149410599641755E-244          36
   52.486719999994989        3.5819837845316841E-244          36
   52.459439999994984        2.6639272904778636E-244          36
   52.432159999994980        1.9805555148982843E-244          36
   52.404879999994975        1.4720323862903709E-244          36
   52.377599999994970        1.0937377229842704E-244          36
   52.350319999994966        8.1240818013603821E-245          36
   52.323039999994961        6.0325432353155190E-245          36
   52.295759999994957        4.4780758557128401E-245          36
   52.268479999994952        3.3231281078243545E-245          36
   52.241199999994947        2.4652850613002301E-245          36
   52.213919999994950        1.8283166470954650E-245          36
   52.186639999994945        1.3555004899233397E-245          36
   52.159359999994940        1.0046429152223933E-245          36
   52.132079999994936        7.4436739243823785E-246          36
   52.104799999994931        5.5134863925270706E-246          36
   52.077519999994927        4.0825208451522060E-246          36
   52.050239999994922        3.0219928746841293E-246          36
   52.022959999994917        2.2362541840841161E-246          36
   51.995679999994913        1.6542890100396568E-246          36
   51.968399999994908        1.2233870364219096E-246          36
   51.941119999994903        9.0443720107855675E-247          36
   51.913839999994899        6.6842824934347608E-247          36
   51.886559999994894        4.9384742247215281E-247          36
   51.859279999994889        3.6474738319053323E-247          36
   51.831999999994885        2.6931017162977961E-247          36
   51.804719999994880        1.9878073270024981E-247          36
   51.777439999994876        1.4667515491947955E-247          36
   51.750159999994871        1.0819304440115327E-247          36
   51.722879999994866        7.9781541481209304E-248          36
   51.695599999994869        5.8811949970943916E-248          36
   51.668319999994864        4.3339968065379866E-248          36
   51.641039999994859        3.1927963920760311E-248          36
   51.613759999994855        2.3513282787880935E-248          36
   51.586479999994850        1.7310694514111984E-248          36
   51.559199999994846        1.2740153945288052E-248          36
   51.531919999994841        9.3733232149253773E-249          36
   51.504639999994836        6.8939958594083116E-249          36
   51.477359999994832        5.0688183347700371E-249          36
   51.450079999994827        3.7256366013463767E-249          36
   51.422799999994822        2.7374871347499167E-249          36
   51.395519999994818        2.0107648525800914E-249          36
   51.368239999994813        1.4764809893860075E-249          36
   51.340959999994809        1.0838060760962336E-249          36
   51.313679999994804        7.9530227104559269E-250          36
   51.286399999994799        5.8340420365082541E-250          36
   51.259119999994795        4.2782222920328690E-250          36
   51.231839999994790        3.1362694629209288E-250          36
   51.204559999994785        2.2983670826648107E-250          36
   51.177279999994781        1.6837638695923574E-250          36
   51.149999999994783        1.2331006234675355E-250          36
   51.122719999994779        9.0275760296478257E-251          36
   51.095439999994774        6.6069172263760955E-251          36
   51.068159999994769        4.8337192006181247E-251          36
   51.040879999994765        3.5352373531625393E-251          36
   51.013599999994760        2.5846998064752240E-251          36
   50.986319999994755        1.8891036295168460E-251          36
   50.959039999994751        1.3802423818575933E-251          36
   50.931759999994746        1.0081115810651440E-251          36
   50.904479999994741        7.3606349910843897E-252          36
   50.877199999994737        5.3724843161911149E-252          36
   50.849919999994732        3.9200173595963906E-252          36
   50.822639999994728        2.8592593256670711E-252          36
   50.795359999994723        2.0848345056273705E-252          36
   50.768079999994718        1.5196440431580932E-252          36
   50.740799999994714        1.1072971046782376E-252          36
   50.713519999994709        8.0656286688316181E-253          36
   50.686239999994704        5.8730515159234418E-253          36
   50.658959999994700        4.2750449295491550E-253          36
   50.631679999994702        3.1107750139762578E-253          36
   50.604399999994698        2.2628060150906199E-253          36
   50.577119999994693        1.6454193826247019E-253          36
   50.549839999994688        1.1960689395375276E-253          36
   50.522559999994684        8.6913230378921684E-254          36
   50.495279999994679        6.3134304998429516E-254          36
   50.467999999994674        4.5845266761014610E-254          36
   50.440719999994670        3.3279205360098393E-254          36
   50.413439999994665        2.4149074393470868E-254          36
   50.386159999994661        1.7517691889907598E-254          36
   50.358879999994656        1.2702870878073034E-254          36
   50.331599999994651        9.2082105883611974E-255          36
   50.304319999994647        6.6726249331983567E-255          36
   50.277039999994642        4.8335481452937159E-255          36
   50.249759999994637        3.5001205224203353E-255          36
   50.222479999994633        2.5336540520034556E-255          36
   50.195199999994628        1.8334064243406856E-255          36
   50.167919999994623        1.3262245064964603E-255          36
   50.140639999994619        9.5900741384946844E-256          36
   50.113359999994621        6.9322344984810468E-256          36
   50.086079999994617        5.0092261487831513E-256          36
   50.058799999994612        3.6183776602141338E-256          36
   50.031519999994607        2.6127794748737960E-256          36
   50.004239999994603        1.8859795205526727E-256          36
   49.976959999994598        1.3608689017949473E-256          36
   49.949679999994594        9.8161334301694105E-257          36
   49.922399999994589        7.0779779820067025E-257          36
   49.895119999994584        5.1017866944122068E-257          36
   49.867839999994580        3.6760335415688380E-257          36
   49.840559999994575        2.6477712142320513E-257          36
   49.813279999994570        1.9064482119076388E-257          36
   49.785999999994566        1.3721856566833887E-257          36
   49.758719999994561        9.8728783799961692E-258          36
   49.731439999994556        7.1009669052525615E-258          36
   49.704159999994552        5.1054463884370753E-258          36
   49.676879999994547        3.6693760458542299E-258          36
   49.649599999994543        2.6362872672966214E-258          36
   49.622319999994538        1.8933678159000224E-258          36
   49.595039999994533        1.3593106983840507E-258          36
   49.567759999994536        9.7553690358301332E-259          36
   49.540479999994531        6.9985751665813955E-259          36
   49.513199999994526        5.0189891484063645E-259          36
   49.485919999994522        3.5980178586766492E-259          36
   49.458639999994517        2.5784014718298361E-259          36
   49.431359999994513        1.8470458177970420E-259          36
   49.404079999994508        1.3226484686813466E-259          36
   49.376799999994503        9.4678325475738534E-260          36
   49.349519999994499        6.7747894998149440E-260          36
   49.322239999994494        4.8459605954049773E-260          36
   49.294959999994489        3.4649942460528298E-260          36
   49.267679999994485        2.4766432623227382E-260          36
   49.240399999994480        1.7695482968305088E-260          36
   49.213119999994476        1.2638605095774665E-260          36
   49.185839999994471        9.0234653561229000E-261          36
   49.158559999994466        6.4399839136626357E-261          36
   49.131279999994462        4.5944460265914097E-261          36
   49.103999999994457        3.2765605432783271E-261          36
   49.076719999994452        2.3358214311505959E-261          36
   49.049439999994455        1.6645513801503839E-261          36
   49.022159999994450        1.1857431433839726E-261          36
   48.994879999994446        8.4434437458681496E-262          36
   48.967599999994441        6.0101305589702996E-262          36
   48.940319999994436        4.2764482613678655E-262          36
   48.913039999994432        3.0417063514306157E-262          36
   48.885759999994427        2.1626478935445903E-262          36
   48.858479999994422        1.5370519271845449E-262          36
   48.831199999994418        1.0920063798141613E-262          36
   48.803919999994413        7.7552436148893971E-263          36
   48.776639999994408        5.5055291620342274E-263          36
   48.749359999994404        3.9069311933653049E-263          36
   48.722079999994399        2.7714385253520110E-263          36
   48.694799999994395        1.9652022220422272E-263          36
   48.667519999994390        1.3929690614636800E-263          36
   48.640239999994385        9.8697837896330611E-264          36
   48.612959999994381        6.9904553783678671E-264          36
   48.585679999994376        4.9491962235032457E-264          36
   48.558399999994371        3.5026356932918438E-264          36
   48.531119999994374        2.4779130939354424E-264          36
   48.503839999994369        1.7522968949600178E-264          36
   48.476559999994365        1.2386811950171418E-264          36
   48.449279999994360        8.7526858696074385E-265          36
   48.421999999994355        6.1823387273918472E-265          36
   48.394719999994351        4.3650941739797468E-265          36
   48.367439999994346        3.0808000829741364E-265          36
   48.340159999994341        2.1735128125370105E-265          36
   48.312879999994337        1.5328137546303511E-265          36
   48.285599999994332        1.0805497781359912E-265          36
   48.258319999994328        7.6142666449279919E-266          36
   48.231039999994323        5.3633853894268819E-266          36
   48.203759999994318        3.7763936152123640E-266          36
   48.176479999994314        2.6579238704468566E-266          36
   48.149199999994309        1.8699696512540569E-266          36
   48.121919999994304        1.3150825686047700E-266          36
   48.094639999994300        9.2448023479670908E-267          36
   48.067359999994295        6.4963301641096170E-267          36
   48.040079999994290        4.5631432147546953E-267          36
   48.012799999994286        3.2039472949117325E-267          36
   47.985519999994288        2.2487003213020750E-267          36
   47.958239999994284        1.5776201903363311E-267          36
   47.930959999994279        1.1063631047097774E-267          36
   47.903679999994274        7.7556279477462982E-268          36
   47.876399999994270        5.4345051154359124E-268          36
   47.849119999994265        3.8065057205540864E-268          36
   47.821839999994260        2.6651160131305487E-268          36
   47.794559999994256        1.8652136881278986E-268          36
   47.767279999994251        1.3048590681016198E-268          36
   47.739999999994247        9.1247475095239725E-269          36
   47.712719999994242        6.3782278846938899E-269          36
   47.685439999994237        4.4565709944036789E-269          36
   47.658159999994233        3.1125973339725628E-269          36
   47.630879999994228        2.1730316876111037E-269          36
   47.603599999994223        1.5164562150964499E-269          36
   47.576319999994219        1.0578256168057824E-269          36
   47.549039999994214        7.3759567733873451E-270          36
   47.521759999994210        5.1409385600394349E-270          36
   47.494479999994205        3.5816728970382712E-270          36
   47.467199999994207        2.4942993390350591E-270          36
   47.439919999994203        1.7363211439922172E-270          36
   47.412639999994198        1.2081755808723793E-270          36
   47.385359999994193        8.4032688189057520E-271          36
   47.358079999994189        5.8423066440978502E-271          36
   47.330799999994184        4.0601119775513888E-271          36
   47.303519999994180        2.8203884725163896E-271          36
   47.276239999994175        1.9583792050369616E-271          36
   47.248959999994170        1.3592560275369577E-271          36
   47.221679999994166        9.4302248495915097E-272          36
   47.194399999994161        6.5397148275373091E-272          36
   47.167119999994156        4.5332663416123913E-272          36
   47.139839999994152        3.1410800321121219E-272          36
   47.112559999994147        2.1755135257102374E-272          36
   47.085279999994142        1.5061189421526766E-272          36
   47.057999999994138        1.0422481365474739E-272          36
   47.030719999994133        7.2093653351540773E-273          36
   47.003439999994129        4.9846729141028344E-273          36
   46.976159999994124        3.4450037390954742E-273          36
   46.948879999994126        2.3798840748090198E-273          36
   46.921599999994122        1.6433673519464253E-273          36
   46.894319999994117        1.1342947592866398E-273          36
   46.867039999994113        7.8258097666365472E-274          36
   46.839759999994108        5.3969004704044538E-274          36
   46.812479999994103        3.7202400358647861E-274          36
   46.785199999994099        2.5633541721328097E-274          36
   46.757919999994094        1.7654565677714514E-274          36
   46.730639999994089        1.2153906651344231E-274          36
   46.703359999994085        8.3634383149375893E-275          36
   46.676079999994080        5.7525922125560940E-275          36
   46.648799999994075        3.9550479625057143E-275          36
   46.621519999994071        2.7179972880881717E-275          36
   46.594239999994066        1.8670461215145814E-275          36
   46.566959999994062        1.2819453149866239E-275          36
   46.539679999994057        8.7981637447937177E-276          36
   46.512399999994052        6.0356261384570526E-276          36
   46.485119999994048        4.1386626779717226E-276          36
   46.457839999994043        2.8366437718119533E-276          36
   46.430559999994038        1.9433735974397974E-276          36
   46.403279999994041        1.3308042610939758E-276          36
   46.375999999994036        9.1091554057728544E-277          36
   46.348719999994039        6.2322912461106117E-277          36
   46.321439999994041        4.2620910760433326E-277          36
   46.294159999994037        2.9134174852034126E-277          36
   46.266879999994039        1.9906155124607193E-277          36
   46.239599999994041        1.3594910861880191E-277          36
   46.212319999994044        9.2804559913780363E-278          36
   46.185039999994039        6.3323642659143637E-278          36
   46.157759999994035        4.3188262933711192E-278          36
   46.130479999994044        2.9442081284648553E-278          36
   46.103199999994047        2.0061982653833897E-278          36
   46.075919999994042        1.3664112047175217E-278          36
   46.048639999994037        9.3023108289625369E-279          36
   46.021359999994047        6.3299720788303737E-279          36
   45.994079999994050        4.3054039261640746E-279          36
   45.966799999994045        2.9270275921728723E-279          36
   45.939519999994040        1.9890247177197637E-279          36
   45.912239999994050        1.3509946743642285E-279          36
   45.884959999994052        9.1720587834001201E-280          36
   45.857679999994048        6.2241406629167186E-280          36
   45.830399999994043        4.2217351682080181E-280          36
   45.803119999994053        2.8622082637969491E-280          36
   45.775839999994055        1.9395892701834256E-280          36
   45.748559999994050        1.3137606490875458E-280          36
   45.721279999994046        8.8944745710524581E-281          36
   45.693999999994055        6.0189613521931496E-281          36
   45.666719999994058        4.0711739181681251E-281          36
   45.639439999994053        2.7524170221139917E-281          36
   45.612159999994049        1.8599656636105019E-281          36
   45.584879999994058        1.2562942267496525E-281          36
   45.557599999994061        8.4815099984392122E-282          36
   45.530319999994056        5.7233459946486509E-282          36
   45.503039999994051        3.8603036074185839E-282          36
   45.475759999994054        2.6024787504647305E-282          36
   45.448479999994063        1.7536657419563309E-282          36
   45.421199999994059        1.1811361670373499E-282          36
   45.393919999994054        7.9514488346598918E-283          36
   45.366639999994057        5.3503888439512974E-283          36
   45.339359999994066        3.5984612004470382E-283          36
   45.312079999994062        2.4190248410101732E-283          36
   45.284799999994057        1.6253821286646065E-283          36
   45.257519999994059        1.0915959179433926E-283          36
   45.230239999994069        7.3275572001922554E-284          36
   45.202959999994064        4.9163981173407854E-284          36
   45.175679999994060        3.2970459628048094E-284          36
   45.148399999994062        2.2100022163375277E-284          36
   45.121119999994072        1.4806410451517381E-284          36
   45.093839999994067        9.9150713455620582E-285          36
   45.066559999994062        6.6363686421701322E-285          36
   45.039279999994065        4.4396974556294869E-285          36
   45.011999999994075        2.9686847244234945E-285          36
   44.984719999994070        1.9840938948267701E-285          36
   44.957439999994065        1.3254013752132556E-285          36
   44.930159999994068        8.8495110750835614E-286          36
   44.902879999994077        5.9057819958870707E-286          36
   44.875599999994073        3.9393215258520958E-286          36
   44.848319999994068        2.6263399402383071E-286          36
   44.821039999994071        1.7501108044649919E-286          36
   44.793759999994080        1.1656411171923784E-286          36
   44.766479999994075        7.7597634269780435E-287          36
   44.739199999994071        5.1631651659174118E-287          36
   44.711919999994073        3.4337373519679717E-287          36
   44.684639999994076        2.2824498684017901E-287          36
   44.657359999994071        1.5164152514452797E-287          36
   44.630079999994074        1.0069719238412133E-287          36
   44.602799999994076        6.6834161108617291E-288          36
   44.575519999994079        4.4336474907712350E-288          36
   44.548239999994074        2.9397130258713743E-288          36
   44.520959999994069        1.9481815531470839E-288          36
   44.493679999994079        1.2904293314855764E-288          36
   44.466399999994081        8.5431676479424498E-289          36
   44.439119999994077        5.6530539331531246E-289          36
   44.411839999994072        3.7387499351480414E-289          36
   44.384559999994082        2.4714304272868932E-289          36
   44.357279999994084        1.6328588015580016E-289          36
   44.329999999994079        1.0782680450874866E-289          36
   44.302719999994075        7.1167594672796761E-290          36
   44.275439999994084        4.6947760191478645E-290          36
   44.248159999994087        3.0954521191449588E-290          36
   44.220879999994082        2.0399029806891218E-290          36
   44.193599999994078        1.3436022657132172E-290          36
   44.166319999994087        8.8451931096212448E-291          36
   44.139039999994090        5.8199448474764837E-291          36
   44.111759999994085        3.8274097535135173E-291          36
   44.084479999994080        2.5157366090669119E-291          36
   44.057199999994090        1.6527192270339733E-291          36
   44.029919999994092        1.0851912089973330E-291          36
   44.002639999994088        7.1217431908989341E-292          36
   43.975359999994083        4.6713109969001202E-292          36
   43.948079999994093        3.0624094785716635E-292          36
   43.920799999994095        2.0065931179751392E-292          36
   43.893519999994091        1.3140942924439461E-292          36
   43.866239999994086        8.6013072974405485E-293          36
   43.838959999994096        5.6269453060739262E-293          36
   43.811679999994098        3.6791779048991480E-293          36
   43.784399999994093        2.4043534788054193E-293          36
   43.757119999994089        1.5704164832056384E-293          36
   43.729839999994091        1.0251795652866092E-293          36
   43.702559999994101        6.6888763751225953E-294          36
   43.675279999994096        4.3618838273684914E-294          36
   43.647999999994099        2.8429045579568741E-294          36
   40.919999999994097        4.0464654044956615E-314          36
   38.191999999994096        0.0000000000000000               36
   35.463999999994094        0.0000000000000000               36
   32.735999999994092        0.0000000000000000               36
   30.007999999994095        0.0000000000000000               36
