  0.68869377813438093     
  0.68868254051621347     
  0.68867130515075092     
  0.68866007203844504     
  0.68864884117974778     
  0.68863761257511158     
  0.68862638622498895     
  0.68861516212983265     
  0.68860394029009597     
  0.68859272070623223     
  0.68858150337869506     
  0.68857028830793854     
  0.68855907549441664     
  0.68854786493858411     
  0.68853665664089558     
  0.68852545060180603     
  0.68851424682177098     
  0.68850304530124584     
  0.68849184604068658     
  0.68848064904054929     
  0.68846945430129047     
  0.68845826182336667     
  0.68844707160723506     
  0.68843588365335273     
  0.68842469796217720     
  0.68841351453416644     
  0.68840233336977830     
  0.68839115446947141     
  0.68837997783370419     
  0.68836880346293561     
  0.68835763135762496     
  0.68834646151823176     
  0.68833529394521553     
  0.68832412863903647     
  0.68831296560015487     
  0.68830180482903136     
  0.68829064632612680     
  0.68827949009190237     
  0.68826833612681948     
  0.68825718443133976     
  0.68824603500592541     
  0.68823488785103859     
  0.68822374296714195     
  0.68821260035469833     
  0.68820146001417071     
  0.68819032194602270     
  0.68817918615071794     
  0.68816805262872049     
  0.68815692138049445     
  0.68814579240650453     
  0.68813466570721549     
  0.68812354128309239     
  0.68811241913460086     
  0.68810129926220642     
  0.68809018166637514     
  0.68807906634757321     
  0.68806795330626735     
  0.68805684254292421     
  0.68804573405801095     
  0.68803462785199510     
  0.68802352392534427     
  0.68801242227852644     
  0.68800132291200999     
  0.68799022582626346     
  0.68797913102175567     
  0.68796803849895571     
  0.68795694825833320     
  0.68794586030035776     
  0.68793477462549935     
  0.68792369123422836     
  0.68791261012701543     
  0.68790153130433140     
  0.68789045476664734     
  0.68787938051443498     
  0.68786830854816583     
  0.68785723886831207     
  0.68784617147534610     
  0.68783510636974043     
  0.68782404355196813     
  0.68781298302250227     
  0.68780192478181656     
  0.68779086883038476     
  0.68777981516868092     
  0.68776876379717944     
  0.68775771471635516     
  0.68774666792668293     
  0.68773562342863803     
  0.68772458122269620     
  0.68771354130933326     
  0.68770250368902530     
  0.68769146836224893     
  0.68768043532948087     
  0.68766940459119819     
  0.68765837614787828     
  0.68764734999999877     
  0.68763632614803760     
  0.68762530459247317     
  0.68761428533378388     
  0.68760326837244878     
  0.68759225370894683     
  0.68758124134375764     
  0.68757023127736105     
  0.68755922351023691     
  0.68754821804286559     
  0.68753721487572794     
  0.68752621400930491     
  0.68751521544407757     
  0.68750421918052773     
  0.68749322521913714     
  0.68748223356038796     
  0.68747124420476269     
  0.68746025715274417     
  0.68744927240481546     
  0.68743828996145995     
  0.68742730982316136     
  0.68741633199040353     
  0.68740535646367107     
  0.68739438324344826     
  0.68738341233022027     
  0.68737244372447226     
  0.68736147742668963     
  0.68735051343735842     
  0.68733955175696460     
  0.68732859238599475     
  0.68731763532493551     
  0.68730668057427402     
  0.68729572813449769     
  0.68728477800609411     
  0.68727383018955135     
  0.68726288468535757     
  0.68725194149400159     
  0.68724100061597215     
  0.68723006205175863     
  0.68721912580185052     
  0.68720819186673765     
  0.68719726024691008     
  0.68718633094285841     
  0.68717540395507348     
  0.68716447928404634     
  0.68715355693026825     
  0.68714263689423116     
  0.68713171917642690     
  0.68712080377734797     
  0.68710989069748707     
  0.68709897993733704     
  0.68708807149739126     
  0.68707716537814323     
  0.68706626158008699     
  0.68705536010371682     
  0.68704446094952709     
  0.68703356411801286     
  0.68702266960966918     
  0.68701177742499164     
  0.68700088756447597     
  0.68699000002861843     
  0.68697911481791540     
  0.68696823193286360     
  0.68695735137396030     
  0.68694647314170276     
  0.68693559723658881     
  0.68692472365911639     
  0.68691385240978398     
  0.68690298348909018     
  0.68689211689753404     
  0.68688125263561484     
  0.68687039070383238     
  0.68685953110268649     
  0.68684867383267756     
  0.68683781889430617     
  0.68682696628807327     
  0.68681611601448012     
  0.68680526807402831     
  0.68679442246721967     
  0.68678357919455657     
  0.68677273825654161     
  0.68676189965367751     
  0.68675106338646752     
  0.68674022945541524     
  0.68672939786102460     
  0.68671856860379954     
  0.68670774168424487     
  0.68669691710286518     
  0.68668609486016585     
  0.68667527495665226     
  0.68666445739283022     
  0.68665364216920588     
  0.68664282928628584     
  0.68663201874457680     
  0.68662121054458591     
  0.68661040468682066     
  0.68659960117178886     
  0.68658879999999856     
  0.68657800117195833     
  0.68656720468817700     
  0.68655641054916350     
  0.68654561875542741     
  0.68653482930747856     
  0.68652404220582708     
  0.68651325745098324     
  0.68650247504345796     
  0.68649169498376239     
  0.68648091727240790     
  0.68647014190990630     
  0.68645936889676984     
  0.68644859823351079     
  0.68643782992064195     
  0.68642706395867659     
  0.68641630034812817     
  0.68640553908951041     
  0.68639478018333744     
  0.68638402363012374     
  0.68637326943038413     
  0.68636251758463385     
  0.68635176809338838     
  0.68634102095716343     
  0.68633027617647513     
  0.68631953375184018     
  0.68630879368377540     
  0.68629805597279792     
  0.68628732061942521     
  0.68627658762417520     
  0.68626585698756615     
  0.68625512871011651     
  0.68624440279234522     
  0.68623367923477152     
  0.68622295803791500     
  0.68621223920229568     
  0.68620152272843371     
  0.68619080861684967     
  0.68618009686806458     
  0.68616938748259970     
  0.68615868046097672     
  0.68614797580371767     
  0.68613727351134490     
  0.68612657358438089     
  0.68611587602334889     
  0.68610518082877225     
  0.68609448800117456     
  0.68608379754108006     
  0.68607310944901301     
  0.68606242372549830     
  0.68605174037106109     
  0.68604105938622673     
  0.68603038077152112     
  0.68601970452747030     
  0.68600903065460095     
  0.68599835915343987     
  0.68598769002451421     
  0.68597702326835175     
  0.68596635888548019     
  0.68595569687642799     
  0.68594503724172362     
  0.68593437998189610     
  0.68592372509747490     
  0.68591307258898959     
  0.68590242245697031     
  0.68589177470194729     
  0.68588112932445144     
  0.68587048632501391     
  0.68585984570416603     
  0.68584920746243960     
  0.68583857160036699     
  0.68582793811848064     
  0.68581730701731336     
  0.68580667829739861     
  0.68579605195926985     
  0.68578542800346098     
  0.68577480643050659     
  0.68576418724094113     
  0.68575357043529983     
  0.68574295601411794     
  0.68573234397793137     
  0.68572173432727612     
  0.68571112706268877     
  0.68570052218470623     
  0.68568991969386561     
  0.68567931959070461     
  0.68566872187576100     
  0.68565812654957325     
  0.68564753361268005     
  0.68563694306562029     
  0.68562635490893353     
  0.68561576914315947     
  0.68560518576883822     
  0.68559460478651035     
  0.68558402619671666     
  0.68557344999999847     
  0.68556287619689726     
  0.68555230478795515     
  0.68554173577371436     
  0.68553116915471757     
  0.68552060493150802     
  0.68551004310462904     
  0.68549948367462454     
  0.68548892664203853     
  0.68547837200741579     
  0.68546781977130100     
  0.68545726993423972     
  0.68544672249677752     
  0.68543617745946039     
  0.68542563482283470     
  0.68541509458744743     
  0.68540455675384571     
  0.68539402132257687     
  0.68538348829418905     
  0.68537295766923045     
  0.68536242944824977     
  0.68535190363179599     
  0.68534138022041857     
  0.68533085921466741     
  0.68532034061509250     
  0.68530982442224442     
  0.68529931063667415     
  0.68528879925893305     
  0.68527829028957266     
  0.68526778372914521     
  0.68525727957820304     
  0.68524677783729904     
  0.68523627850698632     
  0.68522578158781844     
  0.68521528708034951     
  0.68520479498513387     
  0.68519430530272618     
  0.68518381803368156     
  0.68517333317855544     
  0.68516285073790384     
  0.68515237071228297     
  0.68514189310224949     
  0.68513141790836041     
  0.68512094513117328     
  0.68511047477124565     
  0.68510000682913597     
  0.68508954130540256     
  0.68507907820060465     
  0.68506861751530146     
  0.68505815925005287     
  0.68504770340541876     
  0.68503724998195981     
  0.68502679898023700     
  0.68501635040081155     
  0.68500590424424501     
  0.68499546051109972     
  0.68498501920193799     
  0.68497458031732283     
  0.68496414385781734     
  0.68495370982398518     
  0.68494327821639056     
  0.68493284903559770     
  0.68492242228217159     
  0.68491199795667745     
  0.68490157605968083     
  0.68489115659174771     
  0.68488073955344464     
  0.68487032494533828     
  0.68485991276799607     
  0.68484950302198533     
  0.68483909570787427     
  0.68482869082623110     
  0.68481828837762482     
  0.68480788836262452     
  0.68479749078179986     
  0.68478709563572071     
  0.68477670292495763     
  0.68476631265008137     
  0.68475592481166303     
  0.68474553941027427     
  0.68473515644648719     
  0.68472477592087400     
  0.68471439783400778     
  0.68470402218646143     
  0.68469364897880891     
  0.68468327821162400     
  0.68467290988548113     
  0.68466254400095539     
  0.68465218055862165     
  0.68464181955905590     
  0.68463146100283401     
  0.68462110489053241     
  0.68461075122272808     
  0.68460039999999833     
  0.68459005122292071     
  0.68457970489207343     
  0.68456936100803500     
  0.68455901957138432     
  0.68454868058270069     
  0.68453834404256386     
  0.68452800995155394     
  0.68451767831025168     
  0.68450734911923783     
  0.68449702237909393     
  0.68448669809040186     
  0.68447637625374358     
  0.68446605686970197     
  0.68445573993886000     
  0.68444542546180109     
  0.68443511343910923     
  0.68442480387136861     
  0.68441449675916410     
  0.68440419210308068     
  0.68439388990370398     
  0.68438359016161998     
  0.68437329287741511     
  0.68436299805167611     
  0.68435270568499029     
  0.68434241577794519     
  0.68433212833112900     
  0.68432184334513024     
  0.68431156082053779     
  0.68430128075794094     
  0.68429100315792957     
  0.68428072802109374     
  0.68427045534802411     
  0.68426018513931186     
  0.68424991739554830     
  0.68423965211732540     
  0.68422938930523558     
  0.68421912895987136     
  0.68420887108182604     
  0.68419861567169316     
  0.68418836273006689     
  0.68417811225754155     
  0.68416786425471221     
  0.68415761872217395     
  0.68414737566052275     
  0.68413713507035467     
  0.68412689695226636     
  0.68411666130685478     
  0.68410642813471756     
  0.68409619743645256     
  0.68408596921265807     
  0.68407574346393296     
  0.68406552019087641     
  0.68405529939408805     
  0.68404508107416795     
  0.68403486523171675     
  0.68402465186733530     
  0.68401444098162500     
  0.68400423257518783     
  0.68399402664862585     
  0.68398382320254203     
  0.68397362223753921     
  0.68396342375422126     
  0.68395322775319212     
  0.68394303423505631     
  0.68393284320041858     
  0.68392265464988455     
  0.68391246858405985     
  0.68390228500355077     
  0.68389210390896393     
  0.68388192530090663     
  0.68387174917998628     
  0.68386157554681115     
  0.68385140440198944     
  0.68384123574613020     
  0.68383106957984274     
  0.68382090590373701     
  0.68381074471842307     
  0.68380058602451188     
  0.68379042982261440     
  0.68378027611334224     
  0.68377012489730760     
  0.68375997617512296     
  0.68374982994740119     
  0.68373968621475578     
  0.68372954497780070     
  0.68371940623715000     
  0.68370926999341874     
  0.68369913624722201     
  0.68368900499917551     
  0.68367887624989532     
  0.68366874999999827     
  0.68365862625010110     
  0.68364850500082153     
  0.68363838625277751     
  0.68362827000658744     
  0.68361815626287026     
  0.68360804502224515     
  0.68359793628533205     
  0.68358783005275126     
  0.68357772632512348     
  0.68356762510306990     
  0.68355752638721212     
  0.68354743017817221     
  0.68353733647657289     
  0.68352724528303721     
  0.68351715659818857     
  0.68350707042265091     
  0.68349698675704884     
  0.68348690560200709     
  0.68347682695815126     
  0.68346675082610697     
  0.68345667720650061     
  0.68344660609995889     
  0.68343653750710920     
  0.68342647142857915     
  0.68341640786499691     
  0.68340634681699131     
  0.68339628828519128     
  0.68338623227022643     
  0.68337617877272694     
  0.68336612779332340     
  0.68335607933264664     
  0.68334603339132838     
  0.68333598997000045     
  0.68332594906929522     
  0.68331591068984587     
  0.68330587483228566     
  0.68329584149724831     
  0.68328581068536853     
  0.68327578239728082     
  0.68326575663362066     
  0.68325573339502388     
  0.68324571268212664     
  0.68323569449556587     
  0.68322567883597862     
  0.68321566570400261     
  0.68320565510027620     
  0.68319564702543800     
  0.68318564148012728     
  0.68317563846498341     
  0.68316563798064689     
  0.68315564002775808     
  0.68314564460695826     
  0.68313565171888901     
  0.68312566136419239     
  0.68311567354351088     
  0.68310568825748774     
  0.68309570550676635     
  0.68308572529199096     
  0.68307574761380596     
  0.68306577247285638     
  0.68305579986978782     
  0.68304582980524631     
  0.68303586227987823     
  0.68302589729433072     
  0.68301593484925116     
  0.68300597494528770     
  0.68299601758308870     
  0.68298606276330331     
  0.68297611048658080     
  0.68296616075357131     
  0.68295621356492520     
  0.68294626892129362     
  0.68293632682332783     
  0.68292638727168009     
  0.68291645026700265     
  0.68290651580994854     
  0.68289658390117136     
  0.68288665454132502     
  0.68287672773106400     
  0.68286680347104334     
  0.68285688176191850     
  0.68284696260434552     
  0.68283704599898087     
  0.68282713194648170     
  0.68281722044750548     
  0.68280731150271012     
  0.68279740511275444     
  0.68278750127829724     
  0.68277759999999810     
  0.68276770127851727     
  0.68275780511451523     
  0.68274791150865322     
  0.68273802046159260     
  0.68272813197399573     
  0.68271824604652509     
  0.68270836267984403     
  0.68269848187461601     
  0.68268860363150541     
  0.68267872795117679     
  0.68266885483429551     
  0.68265898428152716     
  0.68264911629353819     
  0.68263925087099520     
  0.68262938801456552     
  0.68261952772491719     
  0.68260967000271822     
  0.68259981484863774     
  0.68258996226334501     
  0.68258011224751003     
  0.68257026480180316     
  0.68256041992689542     
  0.68255057762345828     
  0.68254073789216374     
  0.68253090073368439     
  0.68252106614869323     
  0.68251123413786396     
  0.68250140470187060     
  0.68249157784138792     
  0.68248175355709095     
  0.68247193184965560     
  0.68246211271975799     
  0.68245229616807490     
  0.68244248219528370     
  0.68243267080206227     
  0.68242286198908897     
  0.68241305575704281     
  0.68240325210660302     
  0.68239345103844984     
  0.68238365255326361     
  0.68237385665172556     
  0.68236406333451716     
  0.68235427260232073     
  0.68234448445581886     
  0.68233469889569476     
  0.68232491592263222     
  0.68231513553731560     
  0.68230535774042966     
  0.68229558253265998     
  0.68228580991469234     
  0.68227603988721330     
  0.68226627245090998     
  0.68225650760646983     
  0.68224674535458107     
  0.68223698569593239     
  0.68222722863121288     
  0.68221747416111256     
  0.68220772228632154     
  0.68219797300753093     
  0.68218822632543197     
  0.68217848224071675     
  0.68216874075407774     
  0.68215900186620815     
  0.68214926557780153     
  0.68213953188955212     
  0.68212980080215468     
  0.68212007231630456     
  0.68211034643269763     
  0.68210062315203035     
  0.68209090247499971     
  0.68208118440230314     
  0.68207146893463899     
  0.68206175607270569     
  0.68205204581720269     
  0.68204233816882975     
  0.68203263312828710     
  0.68202293069627584     
  0.68201323087349752     
  0.68200353366065403     
  0.68199383905844801     
  0.68198414706758281     
  0.68197445768876208     
  0.68196477092269026     
  0.68195508677007211     
  0.68194540523161329     
  0.68193572630801969     
  0.68192604999999806     
  0.68191637630825552     
  0.68190670523349983     
  0.68189703677643942     
  0.68188737093778318     
  0.68187770771824063     
  0.68186804711852178     
  0.68185838913933727     
  0.68184873378139843     
  0.68183908104541702     
  0.68182943093210546     
  0.68181978344217664     
  0.68181013857634420     
  0.68180049633532225     
  0.68179085671982542     
  0.68178121973056927     
  0.68177158536826932     
  0.68176195363364234     
  0.68175232452740531     
  0.68174269805027587     
  0.68173307420297224     
  0.68172345298621329     
  0.68171383440071842     
  0.68170421844720752     
  0.68169460512640134     
  0.68168499443902109     
  0.68167538638578840     
  0.68166578096742581     
  0.68165617818465618     
  0.68164657803820305     
  0.68163698052879074     
  0.68162738565714376     
  0.68161779342398776     
  0.68160820383004850     
  0.68159861687605261     
  0.68158903256272729     
  0.68157945089080019     
  0.68156987186099971     
  0.68156029547405483     
  0.68155072173069520     
  0.68154115063165077     
  0.68153158217765253     
  0.68152201636943177     
  0.68151245320772047     
  0.68150289269325126     
  0.68149333482675734     
  0.68148377960897255     
  0.68147422704063132     
  0.68146467712246861     
  0.68145512985522005     
  0.68144558523962206     
  0.68143604327641139     
  0.68142650396632554     
  0.68141696731010271     
  0.68140743330848152     
  0.68139790196220140     
  0.68138837327200219     
  0.68137884723862452     
  0.68136932386280968     
  0.68135980314529943     
  0.68135028508683615     
  0.68134076968816293     
  0.68133125695002339     
  0.68132174687316205     
  0.68131223945832364     
  0.68130273470625380     
  0.68129323261769870     
  0.68128373319340518     
  0.68127423643412066     
  0.68126474234059320     
  0.68125525091357164     
  0.68124576215380506     
  0.68123627606204362     
  0.68122679263903785     
  0.68121731188553902     
  0.68120783380229888     
  0.68119835839007015     
  0.68118888564960578     
  0.68117941558165962     
  0.68116994818698606     
  0.68116048346634028     
  0.68115102142047779     
  0.68114156205015497     
  0.68113210535612889     
  0.68112265133915717     
  0.68111319999999798     
  0.68110375133941026     
  0.68109430535815352     
  0.68108486205698815     
  0.68107542143667477     
  0.68106598349797498     
  0.68105654824165096     
  0.68104711566846543     
  0.68103768577918189     
  0.68102825857456450     
  0.68101883405537789     
  0.68100941222238742     
  0.68099999307635939     
  0.68099057661806039     
  0.68098116284825772     
  0.68097175176771940     
  0.68096234337721429     
  0.68095293767751164     
  0.68094353466938151     
  0.68093413435359451     
  0.68092473673092191     
  0.68091534180213587     
  0.68090594956800898     
  0.68089656002931453     
  0.68088717318682657     
  0.68087778904131968     
  0.68086840759356926     
  0.68085902884435134     
  0.68084965279444254     
  0.68084027944462022     
  0.68083090879566233     
  0.68082154084834756     
  0.68081217560345531     
  0.68080281306176571     
  0.68079345322405926     
  0.68078409609111745     
  0.68077474166372243     
  0.68076538994265678     
  0.68075604092870401     
  0.68074669462264814     
  0.68073735102527411     
  0.68072801013736728     
  0.68071867195971381     
  0.68070933649310050     
  0.68070000373831507     
  0.68069067369614544     
  0.68068134636738065     
  0.68067202175281027     
  0.68066269985322458     
  0.68065338066941450     
  0.68064406420217183     
  0.68063475045228872     
  0.68062543942055831     
  0.68061613110777441     
  0.68060682551473128     
  0.68059752264222428     
  0.68058822249104900     
  0.68057892506200213     
  0.68056963035588069     
  0.68056033837348295     
  0.68055104911560726     
  0.68054176258305299     
  0.68053247877662026     
  0.68052319769710978     
  0.68051391934532290     
  0.68050464372206199     
  0.68049537082812972     
  0.68048610066432969     
  0.68047683323146624     
  0.68046756853034440     
  0.68045830656176975     
  0.68044904732654876     
  0.68043979082548867     
  0.68043053705939704     
  0.68042128602908281     
  0.68041203773535497     
  0.68040279217902366     
  0.68039354936089957     
  0.68038430928179416     
  0.68037507194251956     
  0.68036583734388867     
  0.68035660548671506     
  0.68034737637181320     
  0.68033814999999787     
  0.68032892637208520     
  0.68031970548889154     
  0.68031048735123401     
  0.68030127195993084     
  0.68029205931580061     
  0.68028284941966266     
  0.68027364227233733     
  0.68026443787464552     
  0.68025523622740880     
  0.68024603733144950     
  0.68023684118759087     
  0.68022764779665679     
  0.68021845715947160     
  0.68020926927686098     
  0.68020008414965083     
  0.68019090177866792     
  0.68018172216474004     
  0.68017254530869531     
  0.68016337121136283     
  0.68015419987357240     
  0.68014503129615467     
  0.68013586547994087     
  0.68012670242576323     
  0.68011754213445430     
  0.68010838460684786     
  0.68009922984377813     
  0.68009007784608022     
  0.68008092861458991     
  0.68007178215014397     
  0.68006263845357962     
  0.68005349752573496     
  0.68004435936744889     
  0.68003522397956118     
  0.68002609136291203     
  0.68001696151834268     
  0.68000783444669521     
  0.67999871014881219     
  0.67998958862553704     
  0.67998046987771410     
  0.67997135390618846     
  0.67996224071180567     
  0.67995313029541260     
  0.67994402265785625     
  0.67993491779998505     
  0.67992581572264765     
  0.67991671642669382     
  0.67990761991297399     
  0.67989852618233948     
  0.67988943523564205     
  0.67988034707373479     
  0.67987126169747103     
  0.67986217910770530     
  0.67985309930529270     
  0.67984402229108909     
  0.67983494806595135     
  0.67982587663073679     
  0.67981680798630384     
  0.67980774213351169     
  0.67979867907322000     
  0.67978961880628963     
  0.67978056133358200     
  0.67977150665595942     
  0.67976245477428499     
  0.67975340568942255     
  0.67974435940223676     
  0.67973531591359315     
  0.67972627522435802     
  0.67971723733539835     
  0.67970820224758222     
  0.67969916996177826     
  0.67969014047885590     
  0.67968111379968543     
  0.67967208992513828     
  0.67966306885608607     
  0.67965405059340178     
  0.67964503513795882     
  0.67963602249063171     
  0.67962701265229564     
  0.67961800562382668     
  0.67960900140610148     
  0.67959999999999798     
  0.67871421252896469     
  0.67785748051222339     
  0.67703082498715295     
  0.67623538290724616     
  0.67547243090408471     
  0.69431552342912828     
  0.69430325628552647     
  0.69429099120553717     
  0.69427872818950742     
  0.69426646723778485     
  0.69425420835071683     
  0.69424195152865142     
  0.69422969677193636     
  0.69421744408091990     
  0.69420519345595044     
  0.69419294489737626     
  0.69418069840554619     
  0.69416845398080906     
  0.69415621162351382     
  0.69414397133400974     
  0.69413173311264620     
  0.69411949695977271     
  0.69410726287573898     
  0.69409503086089497     
  0.69408280091559083     
  0.69407057304017672     
  0.69405834723500315     
  0.69404612350042061     
  0.69403390183678015     
  0.69402168224443250     
  0.69400946472372893     
  0.69399724927502071     
  0.69398503589865945     
  0.69397282459499676     
  0.69396061536438458     
  0.69394840820717485     
  0.69393620312371995     
  0.69392400011437227     
  0.69391179917948420     
  0.69389960031940878     
  0.69388740353449874     
  0.69387520882510734     
  0.69386301619158786     
  0.69385082563429368     
  0.69383863715357863     
  0.69382645074979654     
  0.69381426642330146     
  0.69380208417444744     
  0.69378990400358898     
  0.69377772591108078     
  0.69376554989727734     
  0.69375337596253384     
  0.69374120410720530     
  0.69372903433164701     
  0.69371686663621446     
  0.69370470102126325     
  0.69369253748714943     
  0.69368037603422883     
  0.69366821666285783     
  0.69365605937339270     
  0.69364390416619004     
  0.69363175104160668     
  0.69361959999999956     
  0.69360745104172583     
  0.69359530416714266     
  0.69358315937660775     
  0.69357101667047860     
  0.69355887604911315     
  0.69354673751286955     
  0.69353460106210596     
  0.69352246669718076     
  0.69351033441845267     
  0.69349820422628039     
  0.69348607612102287     
  0.69347395010303936     
  0.69346182617268914     
  0.69344970433033171     
  0.69343758457632698     
  0.69342546691103468     
  0.69341335133481485     
  0.69340123784802798     
  0.69338912645103445     
  0.69337701714419486     
  0.69336490992787003     
  0.69335280480242101     
  0.69334070176820906     
  0.69332860082559555     
  0.69331650197494210     
  0.69330440521661041     
  0.69329231055096252     
  0.69328021797836048     
  0.69326812749916666     
  0.69325603911374367     
  0.69324395282245421     
  0.69323186862566111     
  0.69321978652372751     
  0.69320770651701669     
  0.69319562860589201     
  0.69318355279071731     
  0.69317147907185639     
  0.69315940744967319     
  0.69314733792453198     
  0.69313527049679724     
  0.69312320516683357     
  0.69311114193500567     
  0.69309908080167859     
  0.69308702176721759     
  0.69307496483198783     
  0.69306290999635511     
  0.69305085726068505     
  0.69303880662534356     
  0.69302675809069691     
  0.69301471165711137     
  0.69300266732495330     
  0.69299062509458964     
  0.69297858496638720     
  0.69296654694071302     
  0.69295451101793448     
  0.69294247719841895     
  0.69293044548253424     
  0.69291841587064817     
  0.69290638836312868     
  0.69289436296034412     
  0.69288233966266288     
  0.69287031847045366     
  0.69285829938408527     
  0.69284628240392676     
  0.69283426753034738     
  0.69282225476371639     
  0.69281024410440351     
  0.69279823555277853     
  0.69278622910921150     
  0.69277422477407247     
  0.69276222254773190     
  0.69275022243056039     
  0.69273822442292876     
  0.69272622852520793     
  0.69271423473776905     
  0.69270224306098349     
  0.69269025349522284     
  0.69267826604085891     
  0.69266628069826353     
  0.69265429746780893     
  0.69264231634986739     
  0.69263033734481161     
  0.69261836045301417     
  0.69260638567484800     
  0.69259441301068636     
  0.69258244246090250     
  0.69257047402587002     
  0.69255850770596261     
  0.69254654350155420     
  0.69253458141301882     
  0.69252262144073096     
  0.69251066358506508     
  0.69249870784639578     
  0.69248675422509820     
  0.69247480272154738     
  0.69246285333611857     
  0.69245090606918736     
  0.69243896092112944     
  0.69242701789232075     
  0.69241507698313731     
  0.69240313819395560     
  0.69239120152515210     
  0.69237926697710339     
  0.69236733455018662     
  0.69235540424477882     
  0.69234347606125723     
  0.69233154999999935     
  0.69231962606138309     
  0.69230770424578636     
  0.69229578455358709     
  0.69228386698516375     
  0.69227195154089494     
  0.69226003822115934     
  0.69224812702633576     
  0.69223621795680357     
  0.69222431101294191     
  0.69221240619513047     
  0.69220050350374895     
  0.69218860293917739     
  0.69217670450179580     
  0.69216480819198467     
  0.69215291401012458     
  0.69214102195659610     
  0.69212913203178039     
  0.69211724423605869     
  0.69210535856981226     
  0.69209347503342267     
  0.69208159362727184     
  0.69206971435174169     
  0.69205783720721437     
  0.69204596219407244     
  0.69203408931269839     
  0.69202221856347523     
  0.69201034994678579     
  0.69199848346301329     
  0.69198661911254145     
  0.69197475689575361     
  0.69196289681303380     
  0.69195103886476605     
  0.69193918305133462     
  0.69192732937312407     
  0.69191547783051899     
  0.69190362842390440     
  0.69189178115366523     
  0.69187993602018683     
  0.69186809302385488     
  0.69185625216505497     
  0.69184441344417313     
  0.69183257686159538     
  0.69182074241770819     
  0.69180891011289813     
  0.69179707994755191     
  0.69178525192205653     
  0.69177342603679925     
  0.69176160229216754     
  0.69174978068854875     
  0.69173796122633102     
  0.69172614390590215     
  0.69171432872765048     
  0.69170251569196461     
  0.69169070479923300     
  0.69167889604984467     
  0.69166708944418864     
  0.69165528498265416     
  0.69164348266563103     
  0.69163168249350870     
  0.69161988446667721     
  0.69160808858552669     
  0.69159629485044760     
  0.69158450326183041     
  0.69157271382006602     
  0.69156092652554546     
  0.69154914137865986     
  0.69153735837980068     
  0.69152557752935950     
  0.69151379882772845     
  0.69150202227529933     
  0.69149024787246460     
  0.69147847561961673     
  0.69146670551714839     
  0.69145493756545262     
  0.69144317176492243     
  0.69143140811595138     
  0.69141964661893296     
  0.69140788727426106     
  0.69139613008232959     
  0.69138437504353278     
  0.69137262215826523     
  0.69136087142692138     
  0.69134912284989636     
  0.69133737642758519     
  0.69132563216038312     
  0.69131389004868582     
  0.69130215009288887     
  0.69129041229338850     
  0.69127867665058063     
  0.69126694316486192     
  0.69125521183662886     
  0.69124348266627833     
  0.69123175565420736     
  0.69122003080081329     
  0.69120830810649370     
  0.69119658757164626     
  0.69118486919666877     
  0.69117315298195969     
  0.69116143892791715     
  0.69114972703493982     
  0.69113801730342672     
  0.69112630973377664     
  0.69111460432638905     
  0.69110290108166328     
  0.69109119999999924     
  0.69107950108179661     
  0.69106780432745585     
  0.69105610973737708     
  0.69104441731196109     
  0.69103272705160856     
  0.69102103895672062     
  0.69100935302769850     
  0.69099766926494377     
  0.69098598766885810     
  0.69097430823984352     
  0.69096263097830202     
  0.69095095588463606     
  0.69093928295924834     
  0.69092761220254151     
  0.69091594361491893     
  0.69090427719678360     
  0.69089261294853910     
  0.69088095087058932     
  0.69086929096333816     
  0.69085763322718963     
  0.69084597766254841     
  0.69083432426981894     
  0.69082267304940614     
  0.69081102400171512     
  0.69079937712715134     
  0.69078773242612013     
  0.69077608989902728     
  0.69076444954627902     
  0.69075281136828126     
  0.69074117536544066     
  0.69072954153816390     
  0.69071790988685788     
  0.69070628041192972     
  0.69069465311378675     
  0.69068302799283665     
  0.69067140504948721     
  0.69065978428414643     
  0.69064816569722276     
  0.69063654928912444     
  0.69062493506026057     
  0.69061332301103984     
  0.69060171314187158     
  0.69059010545316524     
  0.69057849994533038     
  0.69056689661877713     
  0.69055529547391536     
  0.69054369651115555     
  0.69053209973090823     
  0.69052050513358443     
  0.69050891271959491     
  0.69049732248935125     
  0.69048573444326478     
  0.69047414858174727     
  0.69046256490521074     
  0.69045098341406752     
  0.69043940410872984     
  0.69042782698961058     
  0.69041625205712265     
  0.69040467931167904     
  0.69039310875369331     
  0.69038154038357902     
  0.69036997420175006     
  0.69035841020862054     
  0.69034684840460470     
  0.69033528879011707     
  0.69032373136557268     
  0.69031217613138640     
  0.69030062308797346     
  0.69028907223574953     
  0.69027752357513028     
  0.69026597710653159     
  0.69025443283036980     
  0.69024289074706136     
  0.69023135085702292     
  0.69021981316067149     
  0.69020827765842407     
  0.69019674435069822     
  0.69018521323791160     
  0.69017368432048198     
  0.69016215759882760     
  0.69015063307336677     
  0.69013911074451806     
  0.69012759061270035     
  0.69011607267833264     
  0.69010455694183437     
  0.69009304340362509     
  0.69008153206412459     
  0.69007002292375275     
  0.69005851598293011     
  0.69004701124207701     
  0.69003550870161434     
  0.69002400836196298     
  0.69001251022354426     
  0.69000101428677962     
  0.68998952055209084     
  0.68997802901989991     
  0.68996653969062893     
  0.68995505256470058     
  0.68994356764253728     
  0.68993208492456226     
  0.68992060441119851     
  0.68990912610286959     
  0.68989764999999903     
  0.68988617610301084     
  0.68987470441232934     
  0.68986323492837864     
  0.68985176765158362     
  0.68984030258236906     
  0.68982883972116027     
  0.68981737906838236     
  0.68980592062446133     
  0.68979446438982273     
  0.68978301036489298     
  0.68977155855009820     
  0.68976010894586515     
  0.68974866155262071     
  0.68973721637079199     
  0.68972577340080643     
  0.68971433264309145     
  0.68970289409807506     
  0.68969145776618535     
  0.68968002364785064     
  0.68966859174349959     
  0.68965716205356109     
  0.68964573457846412     
  0.68963430931863812     
  0.68962288627451274     
  0.68961146544651775     
  0.68960004683508336     
  0.68958863044063978     
  0.68957721626361779     
  0.68956580430444814     
  0.68955439456356193     
  0.68954298704139061     
  0.68953158173836571     
  0.68952017865491910     
  0.68950877779148301     
  0.68949737914848963     
  0.68948598272637174     
  0.68947458852556220     
  0.68946319654649413     
  0.68945180678960083     
  0.68944041925531596     
  0.68942903394407351     
  0.68941765085630746     
  0.68940626999245247     
  0.68939489135294296     
  0.68938351493821381     
  0.68937214074870046     
  0.68936076878483810     
  0.68934939904706238     
  0.68933803153580941     
  0.68932666625151529     
  0.68931530319461642     
  0.68930394236554959     
  0.68929258376475167     
  0.68928122739265996     
  0.68926987324971178     
  0.68925852133634513     
  0.68924717165299776     
  0.68923582420010798     
  0.68922447897811434     
  0.68921313598745559     
  0.68920179522857061     
  0.68919045670189893     
  0.68917912040787999     
  0.68916778634695353     
  0.68915645451955965     
  0.68914512492613877     
  0.68913379756713122     
  0.68912247244297820     
  0.68911114955412045     
  0.68909982890099952     
  0.68908851048405717     
  0.68907719430373504     
  0.68906588036047534     
  0.68905456865472059     
  0.68904325918691334     
  0.68903195195749656     
  0.68902064696691356     
  0.68900934421560767     
  0.68899804370402273     
  0.68898674543260263     
  0.68897544940179178     
  0.68896415561203450     
  0.68895286406377565     
  0.68894157475746032     
  0.68893028769353382     
  0.68891900287244168     
  0.68890772029462988     
  0.68889643996054439     
  0.68888516187063165     
  0.68887388602533828     
  0.68886261242511115     
  0.68885134107039758     
  0.68884007196164487     
  0.68882880509930089     
  0.68881754048381350     
  0.68880627811563089     
  0.68879501799520171     
  0.68878376012297482     
  0.68877250449939909     
  0.68876125112492392     
  0.68874999999999886     
  0.68873875112507388     
  0.68872750450059905     
  0.68871626012702480     
  0.68870501800480177     
  0.68869377813438093     
  0.68868254051621347     
  0.68867130515075092     
  0.68866007203844504     
  0.68864884117974778     
  0.68863761257511158     
  0.68862638622498895     
  0.68861516212983265     
  0.68860394029009597     
  0.68859272070623223     
  0.68858150337869506     
  0.68857028830793854     
  0.68855907549441664     
  0.68854786493858411     
  0.68853665664089558     
  0.68852545060180603     
  0.68851424682177098     
  0.68850304530124584     
  0.68849184604068658     
  0.68848064904054929     
  0.68846945430129047     
  0.68845826182336667     
  0.68844707160723506     
  0.68843588365335273     
  0.68842469796217720     
  0.68841351453416644     
  0.68840233336977830     
  0.68839115446947141     
  0.68837997783370419     
  0.68836880346293561     
  0.68835763135762496     
  0.68834646151823176     
  0.68833529394521553     
  0.68832412863903647     
  0.68831296560015487     
  0.68830180482903136     
  0.68829064632612680     
  0.68827949009190237     
  0.68826833612681948     
  0.68825718443133976     
  0.68824603500592541     
  0.68823488785103859     
  0.68822374296714195     
  0.68821260035469833     
  0.68820146001417071     
  0.68819032194602270     
  0.68817918615071794     
  0.68816805262872049     
  0.68815692138049445     
  0.68814579240650453     
  0.68813466570721549     
  0.68812354128309239     
  0.68811241913460086     
  0.68810129926220642     
  0.68809018166637514     
  0.68807906634757321     
  0.68806795330626735     
  0.68805684254292421     
  0.68804573405801095     
  0.68803462785199510     
  0.68802352392534427     
  0.68801242227852644     
  0.68800132291200999     
  0.68799022582626346     
  0.68797913102175567     
  0.68796803849895571     
  0.68795694825833320     
  0.68794586030035776     
  0.68793477462549935     
  0.68792369123422836     
  0.68791261012701543     
  0.68790153130433140     
  0.68789045476664734     
  0.68787938051443498     
  0.68786830854816583     
  0.68785723886831207     
  0.68784617147534610     
  0.68783510636974043     
  0.68782404355196813     
  0.68781298302250227     
  0.68780192478181656     
  0.68779086883038476     
  0.68777981516868092     
  0.68776876379717944     
  0.68775771471635516     
  0.68774666792668293     
  0.68773562342863803     
  0.68772458122269620     
  0.68771354130933326     
  0.68770250368902530     
  0.68769146836224893     
  0.68768043532948087     
  0.68766940459119819     
  0.68765837614787828     
  0.68764734999999877     
  0.68763632614803760     
  0.68762530459247317     
  0.68761428533378388     
  0.68760326837244878     
  0.68759225370894683     
  0.68758124134375764     
  0.68757023127736105     
  0.68755922351023691     
  0.68754821804286559     
  0.68753721487572794     
  0.68752621400930491     
  0.68751521544407757     
  0.68750421918052773     
  0.68749322521913714     
  0.68748223356038796     
  0.68747124420476269     
  0.68746025715274417     
  0.68744927240481546     
  0.68743828996145995     
  0.68742730982316136     
  0.68741633199040353     
  0.68740535646367107     
  0.68739438324344826     
  0.68738341233022027     
  0.68737244372447226     
  0.68736147742668963     
  0.68735051343735842     
  0.68733955175696460     
  0.68732859238599475     
  0.68731763532493551     
  0.68730668057427402     
  0.68729572813449769     
  0.68728477800609411     
  0.68727383018955135     
  0.68726288468535757     
  0.68725194149400159     
  0.68724100061597215     
  0.68723006205175863     
  0.68721912580185052     
  0.68720819186673765     
  0.68719726024691008     
  0.68718633094285841     
  0.68717540395507348     
  0.68716447928404634     
  0.68715355693026825     
  0.68714263689423116     
  0.68713171917642690     
  0.68712080377734797     
  0.68710989069748707     
  0.68709897993733704     
  0.68708807149739126     
  0.68707716537814323     
  0.68706626158008699     
  0.68705536010371682     
  0.68704446094952709     
  0.68703356411801286     
  0.68702266960966918     
  0.68701177742499164     
  0.68700088756447597     
  0.68699000002861843     
  0.68697911481791540     
  0.68696823193286360     
  0.68695735137396030     
  0.68694647314170276     
  0.68693559723658881     
  0.68692472365911639     
  0.68691385240978398     
  0.68690298348909018     
  0.68689211689753404     
  0.68688125263561484     
  0.68687039070383238     
  0.68685953110268649     
  0.68684867383267756     
  0.68683781889430617     
  0.68682696628807327     
  0.68681611601448012     
  0.68680526807402831     
  0.68679442246721967     
  0.68678357919455657     
  0.68677273825654161     
  0.68676189965367751     
  0.68675106338646752     
  0.68674022945541524     
  0.68672939786102460     
  0.68671856860379954     
  0.68670774168424487     
  0.68669691710286518     
  0.68668609486016585     
  0.68667527495665226     
  0.68666445739283022     
  0.68665364216920588     
  0.68664282928628584     
  0.68663201874457680     
  0.68662121054458591     
  0.68661040468682066     
  0.68659960117178886     
  0.68658879999999856     
  0.68657800117195833     
  0.68656720468817700     
  0.68655641054916350     
  0.68654561875542741     
  0.68653482930747856     
  0.68652404220582708     
  0.68651325745098324     
  0.68650247504345796     
  0.68649169498376239     
  0.68648091727240790     
  0.68647014190990630     
  0.68645936889676984     
  0.68644859823351079     
  0.68643782992064195     
  0.68642706395867659     
  0.68641630034812817     
  0.68640553908951041     
  0.68639478018333744     
  0.68638402363012374     
  0.68637326943038413     
  0.68636251758463385     
  0.68635176809338838     
  0.68634102095716343     
  0.68633027617647513     
  0.68631953375184018     
  0.68630879368377540     
  0.68629805597279792     
  0.68628732061942521     
  0.68627658762417520     
  0.68626585698756615     
  0.68625512871011651     
  0.68624440279234522     
  0.68623367923477152     
  0.68622295803791500     
  0.68621223920229568     
  0.68620152272843371     
  0.68619080861684967     
  0.68618009686806458     
  0.68616938748259970     
  0.68615868046097672     
  0.68614797580371767     
  0.68613727351134490     
  0.68612657358438089     
  0.68611587602334889     
  0.68610518082877225     
  0.68609448800117456     
  0.68608379754108006     
  0.68607310944901301     
  0.68606242372549830     
  0.68605174037106109     
  0.68604105938622673     
  0.68603038077152112     
  0.68601970452747030     
  0.68600903065460095     
  0.68599835915343987     
  0.68598769002451421     
  0.68597702326835175     
  0.68596635888548019     
  0.68595569687642799     
  0.68594503724172362     
  0.68593437998189610     
  0.68592372509747490     
  0.68591307258898959     
  0.68590242245697031     
  0.68589177470194729     
  0.68588112932445144     
  0.68587048632501391     
  0.68585984570416603     
  0.68584920746243960     
  0.68583857160036699     
  0.68582793811848064     
  0.68581730701731336     
  0.68580667829739861     
  0.68579605195926985     
  0.68578542800346098     
  0.68577480643050659     
  0.68576418724094113     
  0.68575357043529983     
  0.68574295601411794     
  0.68573234397793137     
  0.68572173432727612     
  0.68571112706268877     
  0.68570052218470623     
  0.68568991969386561     
  0.68567931959070461     
  0.68566872187576100     
  0.68565812654957325     
  0.68564753361268005     
  0.68563694306562029     
  0.68562635490893353     
  0.68561576914315947     
  0.68560518576883822     
  0.68559460478651035     
  0.68558402619671666     
  0.68557344999999847     
  0.68556287619689726     
  0.68555230478795515     
  0.68554173577371436     
  0.68553116915471757     
  0.68552060493150802     
  0.68551004310462904     
  0.68549948367462454     
  0.68548892664203853     
  0.68547837200741579     
  0.68546781977130100     
  0.68545726993423972     
  0.68544672249677752     
  0.68543617745946039     
  0.68542563482283470     
  0.68541509458744743     
  0.68540455675384571     
  0.68539402132257687     
  0.68538348829418905     
  0.68537295766923045     
  0.68536242944824977     
  0.68535190363179599     
  0.68534138022041857     
  0.68533085921466741     
  0.68532034061509250     
  0.68530982442224442     
  0.68529931063667415     
  0.68528879925893305     
  0.68527829028957266     
  0.68526778372914521     
  0.68525727957820304     
  0.68524677783729904     
  0.68523627850698632     
  0.68522578158781844     
  0.68521528708034951     
  0.68520479498513387     
  0.68519430530272618     
  0.68518381803368156     
  0.68517333317855544     
  0.68516285073790384     
  0.68515237071228297     
  0.68514189310224949     
  0.68513141790836041     
  0.68512094513117328     
  0.68511047477124565     
  0.68510000682913597     
  0.68508954130540256     
  0.68507907820060465     
  0.68506861751530146     
  0.68505815925005287     
  0.68504770340541876     
  0.68503724998195981     
  0.68502679898023700     
  0.68501635040081155     
  0.68500590424424501     
  0.68499546051109972     
  0.68498501920193799     
  0.68497458031732283     
  0.68496414385781734     
  0.68495370982398518     
  0.68494327821639056     
  0.68493284903559770     
  0.68492242228217159     
  0.68491199795667745     
  0.68490157605968083     
  0.68489115659174771     
  0.68488073955344464     
  0.68487032494533828     
  0.68485991276799607     
  0.68484950302198533     
  0.68483909570787427     
  0.68482869082623110     
  0.68481828837762482     
  0.68480788836262452     
  0.68479749078179986     
  0.68478709563572071     
  0.68477670292495763     
  0.68476631265008137     
  0.68475592481166303     
  0.68474553941027427     
  0.68473515644648719     
  0.68472477592087400     
  0.68471439783400778     
  0.68470402218646143     
  0.68469364897880891     
  0.68468327821162400     
  0.68467290988548113     
  0.68466254400095539     
  0.68465218055862165     
  0.68464181955905590     
  0.68463146100283401     
  0.68462110489053241     
  0.68461075122272808     
  0.68460039999999833     
  0.68459005122292071     
  0.68457970489207343     
  0.68456936100803500     
  0.68455901957138432     
  0.68454868058270069     
  0.68453834404256386     
  0.68452800995155394     
  0.68451767831025168     
  0.68450734911923783     
  0.68449702237909393     
  0.68448669809040186     
  0.68447637625374358     
  0.68446605686970197     
  0.68445573993886000     
  0.68444542546180109     
  0.68443511343910923     
  0.68442480387136861     
  0.68441449675916410     
  0.68440419210308068     
  0.68439388990370398     
  0.68438359016161998     
  0.68437329287741511     
  0.68436299805167611     
  0.68435270568499029     
  0.68434241577794519     
  0.68433212833112900     
  0.68432184334513024     
  0.68431156082053779     
  0.68430128075794094     
  0.68429100315792957     
  0.68428072802109374     
  0.68427045534802411     
  0.68426018513931186     
  0.68424991739554830     
  0.68423965211732540     
  0.68422938930523558     
  0.68421912895987136     
  0.68420887108182604     
  0.68419861567169316     
  0.68418836273006689     
  0.68417811225754155     
  0.68416786425471221     
  0.68415761872217395     
  0.68414737566052275     
  0.68413713507035467     
  0.68412689695226636     
  0.68411666130685478     
  0.68410642813471756     
  0.68409619743645256     
  0.68408596921265807     
  0.68407574346393296     
  0.68406552019087641     
  0.68405529939408805     
  0.68404508107416795     
  0.68403486523171675     
  0.68402465186733530     
  0.68401444098162500     
  0.68400423257518783     
  0.68399402664862585     
  0.68398382320254203     
  0.68397362223753921     
  0.68396342375422126     
  0.68395322775319212     
  0.68394303423505631     
  0.68393284320041858     
  0.68392265464988455     
  0.68391246858405985     
  0.68390228500355077     
  0.68389210390896393     
  0.68388192530090663     
  0.68387174917998628     
  0.68386157554681115     
  0.68385140440198944     
  0.68384123574613020     
  0.68383106957984274     
  0.68382090590373701     
  0.68381074471842307     
  0.68380058602451188     
  0.68379042982261440     
  0.68378027611334224     
  0.68377012489730760     
  0.68375997617512296     
  0.68374982994740119     
  0.68373968621475578     
  0.68372954497780070     
  0.68371940623715000     
  0.68370926999341874     
  0.68369913624722201     
  0.68368900499917551     
  0.68367887624989532     
  0.68366874999999827     
  0.68365862625010110     
  0.68364850500082153     
  0.68363838625277751     
  0.68362827000658744     
  0.68361815626287026     
  0.68360804502224515     
  0.68359793628533205     
  0.68358783005275126     
  0.68357772632512348     
  0.68356762510306990     
  0.68355752638721212     
  0.68354743017817221     
  0.68353733647657289     
  0.68352724528303721     
  0.68351715659818857     
  0.68350707042265091     
  0.68349698675704884     
  0.68348690560200709     
  0.68347682695815126     
  0.68346675082610697     
  0.68345667720650061     
  0.68344660609995889     
  0.68343653750710920     
  0.68342647142857915     
  0.68341640786499691     
  0.68340634681699131     
  0.68339628828519128     
  0.68338623227022643     
  0.68337617877272694     
  0.68336612779332340     
  0.68335607933264664     
  0.68334603339132838     
  0.68333598997000045     
  0.68332594906929522     
  0.68331591068984587     
  0.68330587483228566     
  0.68329584149724831     
  0.68328581068536853     
  0.68327578239728082     
  0.68326575663362066     
  0.68325573339502388     
  0.68324571268212664     
  0.68323569449556587     
  0.68322567883597862     
  0.68321566570400261     
  0.68320565510027620     
  0.68319564702543800     
  0.68318564148012728     
  0.68317563846498341     
  0.68316563798064689     
  0.68315564002775808     
  0.68314564460695826     
  0.68313565171888901     
  0.68312566136419239     
  0.68311567354351088     
  0.68310568825748774     
  0.68309570550676635     
  0.68308572529199096     
  0.68307574761380596     
  0.68306577247285638     
  0.68305579986978782     
  0.68304582980524631     
  0.68303586227987823     
  0.68302589729433072     
  0.68301593484925116     
  0.68300597494528770     
  0.68299601758308870     
  0.68298606276330331     
  0.68297611048658080     
  0.68296616075357131     
  0.68295621356492520     
  0.68294626892129362     
  0.68293632682332783     
  0.68292638727168009     
  0.68291645026700265     
  0.68290651580994854     
  0.68289658390117136     
  0.68288665454132502     
  0.68287672773106400     
  0.68286680347104334     
  0.68285688176191850     
  0.68284696260434552     
  0.68283704599898087     
  0.68282713194648170     
  0.68281722044750548     
  0.68280731150271012     
  0.68279740511275444     
  0.68278750127829724     
  0.68277759999999810     
  0.68276770127851727     
  0.68275780511451523     
  0.68274791150865322     
  0.68273802046159260     
  0.68272813197399573     
  0.68271824604652509     
  0.68270836267984403     
  0.68269848187461601     
  0.68268860363150541     
  0.68267872795117679     
  0.68266885483429551     
  0.68265898428152716     
  0.68264911629353819     
  0.68263925087099520     
  0.68262938801456552     
  0.68261952772491719     
  0.68260967000271822     
  0.68259981484863774     
  0.68258996226334501     
  0.68258011224751003     
  0.68257026480180316     
  0.68256041992689542     
  0.68255057762345828     
  0.68254073789216374     
  0.68253090073368439     
  0.68252106614869323     
  0.68251123413786396     
  0.68250140470187060     
  0.68249157784138792     
  0.68248175355709095     
  0.68247193184965560     
  0.68246211271975799     
  0.68245229616807490     
  0.68244248219528370     
  0.68243267080206227     
  0.68242286198908897     
  0.68241305575704281     
  0.68240325210660302     
  0.68239345103844984     
  0.68238365255326361     
  0.68237385665172556     
  0.68236406333451716     
  0.68235427260232073     
  0.68234448445581886     
  0.68233469889569476     
  0.68232491592263222     
  0.68231513553731560     
  0.68230535774042966     
  0.68229558253265998     
  0.68228580991469234     
  0.68227603988721330     
  0.68226627245090998     
  0.68225650760646983     
  0.68224674535458107     
  0.68223698569593239     
  0.68222722863121288     
  0.68221747416111256     
  0.68220772228632154     
  0.68219797300753093     
  0.68218822632543197     
  0.68217848224071675     
  0.68216874075407774     
  0.68215900186620815     
  0.68214926557780153     
  0.68213953188955212     
  0.68212980080215468     
  0.68212007231630456     
  0.68211034643269763     
  0.68210062315203035     
  0.68209090247499971     
  0.68208118440230314     
  0.68207146893463899     
  0.68206175607270569     
  0.68205204581720269     
  0.68204233816882975     
  0.68203263312828710     
  0.68202293069627584     
  0.68201323087349752     
  0.68200353366065403     
  0.68199383905844801     
  0.68198414706758281     
  0.68197445768876208     
  0.68196477092269026     
  0.68195508677007211     
  0.68194540523161329     
  0.68193572630801969     
  0.68192604999999806     
  0.68191637630825552     
  0.68190670523349983     
  0.68189703677643942     
  0.68188737093778318     
  0.68187770771824063     
  0.68186804711852178     
  0.68185838913933727     
  0.68184873378139843     
  0.68183908104541702     
  0.68182943093210546     
  0.68181978344217664     
  0.68181013857634420     
  0.68180049633532225     
  0.68179085671982542     
  0.68178121973056927     
  0.68177158536826932     
  0.68176195363364234     
  0.68175232452740531     
  0.68174269805027587     
  0.68173307420297224     
  0.68172345298621329     
  0.68171383440071842     
  0.68170421844720752     
  0.68169460512640134     
  0.68168499443902109     
  0.68167538638578840     
  0.68166578096742581     
  0.68165617818465618     
  0.68164657803820305     
  0.68163698052879074     
  0.68162738565714376     
  0.68161779342398776     
  0.68160820383004850     
  0.68159861687605261     
  0.68158903256272729     
  0.68157945089080019     
  0.68156987186099971     
  0.68156029547405483     
  0.68155072173069520     
  0.68154115063165077     
  0.68153158217765253     
  0.68152201636943177     
  0.68151245320772047     
  0.68150289269325126     
  0.68149333482675734     
  0.68148377960897255     
  0.68147422704063132     
  0.68146467712246861     
  0.68145512985522005     
  0.68144558523962206     
  0.68143604327641139     
  0.68142650396632554     
  0.68141696731010271     
  0.68140743330848152     
  0.68139790196220140     
  0.68138837327200219     
  0.68137884723862452     
  0.68136932386280968     
  0.68135980314529943     
  0.68135028508683615     
  0.68134076968816293     
  0.68133125695002339     
  0.68132174687316205     
  0.68131223945832364     
  0.68130273470625380     
  0.68129323261769870     
  0.68128373319340518     
  0.68127423643412066     
  0.68126474234059320     
  0.68125525091357164     
  0.68124576215380506     
  0.68123627606204362     
  0.68122679263903785     
  0.68121731188553902     
  0.68120783380229888     
  0.68119835839007015     
  0.68118888564960578     
  0.68117941558165962     
  0.68116994818698606     
  0.68116048346634028     
  0.68115102142047779     
  0.68114156205015497     
  0.68113210535612889     
  0.68112265133915717     
  0.68111319999999798     
  0.68110375133941026     
  0.68109430535815352     
  0.68108486205698815     
  0.68107542143667477     
  0.68106598349797498     
  0.68105654824165096     
  0.68104711566846543     
  0.68103768577918189     
  0.68102825857456450     
  0.68101883405537789     
  0.68100941222238742     
  0.68099999307635939     
  0.68099057661806039     
  0.68098116284825772     
  0.68097175176771940     
  0.68096234337721429     
  0.68095293767751164     
  0.68094353466938151     
  0.68093413435359451     
  0.68092473673092191     
  0.68091534180213587     
  0.68090594956800898     
  0.68089656002931453     
  0.68088717318682657     
  0.68087778904131968     
  0.68086840759356926     
  0.68085902884435134     
  0.68084965279444254     
  0.68084027944462022     
  0.68083090879566233     
  0.68082154084834756     
  0.68081217560345531     
  0.68080281306176571     
  0.68079345322405926     
  0.68078409609111745     
  0.68077474166372243     
  0.68076538994265678     
  0.68075604092870401     
  0.68074669462264814     
  0.68073735102527411     
  0.68072801013736728     
  0.68071867195971381     
  0.68070933649310050     
  0.68070000373831507     
  0.68069067369614544     
  0.68068134636738065     
  0.68067202175281027     
  0.68066269985322458     
  0.68065338066941450     
  0.68064406420217183     
  0.68063475045228872     
  0.68062543942055831     
  0.68061613110777441     
  0.68060682551473128     
  0.68059752264222428     
  0.68058822249104900     
  0.68057892506200213     
  0.68056963035588069     
  0.68056033837348295     
  0.68055104911560726     
  0.68054176258305299     
  0.68053247877662026     
  0.68052319769710978     
  0.68051391934532290     
  0.68050464372206199     
  0.68049537082812972     
  0.68048610066432969     
  0.68047683323146624     
  0.68046756853034440     
  0.68045830656176975     
  0.68044904732654876     
  0.68043979082548867     
  0.68043053705939704     
  0.68042128602908281     
  0.68041203773535497     
  0.68040279217902366     
  0.68039354936089957     
  0.68038430928179416     
  0.68037507194251956     
  0.68036583734388867     
  0.68035660548671506     
  0.68034737637181320     
  0.68033814999999787     
  0.68032892637208520     
  0.68031970548889154     
  0.68031048735123401     
  0.68030127195993084     
  0.68029205931580061     
  0.68028284941966266     
  0.68027364227233733     
  0.68026443787464552     
  0.68025523622740880     
  0.68024603733144950     
  0.68023684118759087     
  0.68022764779665679     
  0.68021845715947160     
  0.68020926927686098     
  0.68020008414965083     
  0.68019090177866792     
  0.68018172216474004     
  0.68017254530869531     
  0.68016337121136283     
  0.68015419987357240     
  0.68014503129615467     
  0.68013586547994087     
  0.68012670242576323     
  0.68011754213445430     
  0.68010838460684786     
  0.68009922984377813     
  0.68009007784608022     
  0.68008092861458991     
  0.68007178215014397     
  0.68006263845357962     
  0.68005349752573496     
  0.68004435936744889     
  0.68003522397956118     
  0.68002609136291203     
  0.68001696151834268     
  0.68000783444669521     
  0.67999871014881219     
  0.67998958862553704     
  0.67998046987771410     
  0.67997135390618846     
  0.67996224071180567     
  0.67995313029541260     
  0.67994402265785625     
  0.67993491779998505     
  0.67992581572264765     
  0.67991671642669382     
  0.67990761991297399     
  0.67989852618233948     
  0.67988943523564205     
  0.67988034707373479     
  0.67987126169747103     
  0.67986217910770530     
  0.67985309930529270     
  0.67984402229108909     
  0.67983494806595135     
  0.67982587663073679     
  0.67981680798630384     
  0.67980774213351169     
  0.67979867907322000     
  0.67978961880628963     
  0.67978056133358200     
  0.67977150665595942     
  0.67976245477428499     
  0.67975340568942255     
  0.67974435940223676     
  0.67973531591359315     
  0.67972627522435802     
  0.67971723733539835     
  0.67970820224758222     
  0.67969916996177826     
  0.67969014047885590     
  0.67968111379968543     
  0.67967208992513828     
  0.67966306885608607     
  0.67965405059340178     
  0.67964503513795882     
  0.67963602249063171     
  0.67962701265229564     
  0.67961800562382668     
  0.67960900140610148     
  0.67959999999999798     
  0.67871421252896469     
  0.67785748051222339     
  0.67703082498715295     
  0.67623538290724616     
  0.67547243090408471     
