0.2073E+002 0.5928E+002 0.5655E+002 0.2612E-003 0.5805E+013
0.2072E+002 0.5925E+002 0.5920E+002 0.2608E-003 0.9120E+013
0.2071E+002 0.5922E+002 0.5917E+002 0.2604E-003 0.1244E+014
0.2070E+002 0.5920E+002 0.5914E+002 0.2601E-003 0.1576E+014
0.2069E+002 0.5917E+002 0.5912E+002 0.2597E-003 0.1909E+014
0.2068E+002 0.5914E+002 0.5909E+002 0.2594E-003 0.2242E+014
0.2067E+002 0.5912E+002 0.5906E+002 0.2590E-003 0.2575E+014
0.2066E+002 0.5909E+002 0.5903E+002 0.2586E-003 0.2909E+014
0.2065E+002 0.5906E+002 0.5901E+002 0.2583E-003 0.3243E+014
0.2064E+002 0.5903E+002 0.5898E+002 0.2579E-003 0.3578E+014
0.2063E+002 0.5901E+002 0.5895E+002 0.2576E-003 0.3913E+014
0.2062E+002 0.5898E+002 0.5892E+002 0.2572E-003 0.4248E+014
0.2061E+002 0.5895E+002 0.5890E+002 0.2569E-003 0.4584E+014
0.2060E+002 0.5892E+002 0.5887E+002 0.2565E-003 0.4920E+014
0.2059E+002 0.5890E+002 0.5884E+002 0.2561E-003 0.5256E+014
0.2058E+002 0.5887E+002 0.5882E+002 0.2558E-003 0.5593E+014
0.2057E+002 0.5884E+002 0.5879E+002 0.2554E-003 0.5931E+014
0.2056E+002 0.5882E+002 0.5876E+002 0.2551E-003 0.6268E+014
0.2055E+002 0.5879E+002 0.5873E+002 0.2547E-003 0.6606E+014
0.2054E+002 0.5876E+002 0.5871E+002 0.2544E-003 0.6945E+014
0.2053E+002 0.5873E+002 0.5868E+002 0.2540E-003 0.7283E+014
0.2052E+002 0.5871E+002 0.5865E+002 0.2537E-003 0.7622E+014
0.2051E+002 0.5868E+002 0.5862E+002 0.2533E-003 0.7962E+014
0.2050E+002 0.5865E+002 0.5860E+002 0.2530E-003 0.8302E+014
0.2049E+002 0.5862E+002 0.5857E+002 0.2526E-003 0.8642E+014
0.2048E+002 0.5860E+002 0.5854E+002 0.2522E-003 0.8983E+014
0.2047E+002 0.5857E+002 0.5852E+002 0.2519E-003 0.9324E+014
0.2046E+002 0.5854E+002 0.5849E+002 0.2515E-003 0.9666E+014
0.2045E+002 0.5852E+002 0.5846E+002 0.2512E-003 0.1001E+015
0.2044E+002 0.5849E+002 0.5843E+002 0.2508E-003 0.1035E+015
0.2043E+002 0.5846E+002 0.5841E+002 0.2505E-003 0.1069E+015
0.2042E+002 0.5843E+002 0.5838E+002 0.2501E-003 0.1104E+015
0.2041E+002 0.5841E+002 0.5835E+002 0.2498E-003 0.1138E+015
0.2040E+002 0.5838E+002 0.5832E+002 0.2494E-003 0.1172E+015
0.2039E+002 0.5835E+002 0.5830E+002 0.2491E-003 0.1207E+015
0.2038E+002 0.5832E+002 0.5827E+002 0.2487E-003 0.1241E+015
0.2037E+002 0.5830E+002 0.5824E+002 0.2484E-003 0.1276E+015
0.2036E+002 0.5827E+002 0.5822E+002 0.2480E-003 0.1310E+015
0.2035E+002 0.5824E+002 0.5819E+002 0.2477E-003 0.1345E+015
0.2034E+002 0.5822E+002 0.5816E+002 0.2473E-003 0.1379E+015
0.2033E+002 0.5819E+002 0.5813E+002 0.2470E-003 0.1414E+015
0.2032E+002 0.5816E+002 0.5811E+002 0.2467E-003 0.1449E+015
0.2031E+002 0.5813E+002 0.5808E+002 0.2463E-003 0.1484E+015
0.2030E+002 0.5811E+002 0.5805E+002 0.2460E-003 0.1518E+015
0.2029E+002 0.5808E+002 0.5802E+002 0.2456E-003 0.1553E+015
0.2028E+002 0.5805E+002 0.5800E+002 0.2453E-003 0.1588E+015
0.2027E+002 0.5802E+002 0.5797E+002 0.2449E-003 0.1623E+015
0.2026E+002 0.5800E+002 0.5794E+002 0.2446E-003 0.1658E+015
0.2025E+002 0.5797E+002 0.5792E+002 0.2442E-003 0.1693E+015
0.2024E+002 0.5794E+002 0.5789E+002 0.2439E-003 0.1728E+015
0.2023E+002 0.5792E+002 0.5786E+002 0.2435E-003 0.1763E+015
0.2022E+002 0.5789E+002 0.5783E+002 0.2432E-003 0.1798E+015
0.2021E+002 0.5786E+002 0.5781E+002 0.2429E-003 0.1833E+015
0.2020E+002 0.5783E+002 0.5778E+002 0.2425E-003 0.1868E+015
0.2019E+002 0.5781E+002 0.5775E+002 0.2422E-003 0.1904E+015
0.2018E+002 0.5778E+002 0.5772E+002 0.2418E-003 0.1939E+015
0.2017E+002 0.5775E+002 0.5770E+002 0.2415E-003 0.1974E+015
0.2016E+002 0.5772E+002 0.5767E+002 0.2411E-003 0.2010E+015
0.2015E+002 0.5770E+002 0.5764E+002 0.2408E-003 0.2045E+015
0.2014E+002 0.5767E+002 0.5762E+002 0.2405E-003 0.2080E+015
0.2013E+002 0.5764E+002 0.5759E+002 0.2401E-003 0.2116E+015
0.2012E+002 0.5762E+002 0.5756E+002 0.2398E-003 0.2151E+015
0.2011E+002 0.5759E+002 0.5753E+002 0.2394E-003 0.2187E+015
0.2010E+002 0.5756E+002 0.5751E+002 0.2391E-003 0.2223E+015
0.2009E+002 0.5753E+002 0.5748E+002 0.2388E-003 0.2258E+015
0.2008E+002 0.5751E+002 0.5745E+002 0.2384E-003 0.2294E+015
0.2007E+002 0.5748E+002 0.5742E+002 0.2381E-003 0.2330E+015
0.2006E+002 0.5745E+002 0.5740E+002 0.2377E-003 0.2365E+015
0.2005E+002 0.5742E+002 0.5737E+002 0.2374E-003 0.2401E+015
0.2004E+002 0.5740E+002 0.5734E+002 0.2371E-003 0.2437E+015
0.2003E+002 0.5737E+002 0.5732E+002 0.2367E-003 0.2473E+015
0.2002E+002 0.5734E+002 0.5729E+002 0.2364E-003 0.2509E+015
0.2001E+002 0.5732E+002 0.5726E+002 0.2360E-003 0.2545E+015
0.2000E+002 0.5729E+002 0.5723E+002 0.2357E-003 0.2581E+015
0.1999E+002 0.5726E+002 0.5721E+002 0.2354E-003 0.2617E+015
0.1998E+002 0.5723E+002 0.5718E+002 0.2350E-003 0.2653E+015
0.1997E+002 0.5721E+002 0.5715E+002 0.2347E-003 0.2689E+015
0.1996E+002 0.5718E+002 0.5712E+002 0.2344E-003 0.2725E+015
0.1995E+002 0.5715E+002 0.5710E+002 0.2340E-003 0.2761E+015
0.1994E+002 0.5712E+002 0.5707E+002 0.2337E-003 0.2798E+015
0.1993E+002 0.5710E+002 0.5704E+002 0.2334E-003 0.2834E+015
0.1992E+002 0.5707E+002 0.5702E+002 0.2330E-003 0.2870E+015
0.1991E+002 0.5704E+002 0.5699E+002 0.2327E-003 0.2907E+015
0.1990E+002 0.5702E+002 0.5696E+002 0.2324E-003 0.2943E+015
0.1989E+002 0.5699E+002 0.5693E+002 0.2320E-003 0.2980E+015
0.1988E+002 0.5696E+002 0.5691E+002 0.2317E-003 0.3016E+015
0.1987E+002 0.5693E+002 0.5688E+002 0.2314E-003 0.3053E+015
0.1986E+002 0.5691E+002 0.5685E+002 0.2310E-003 0.3089E+015
0.1985E+002 0.5688E+002 0.5682E+002 0.2307E-003 0.3126E+015
0.1984E+002 0.5685E+002 0.5680E+002 0.2304E-003 0.3163E+015
0.1983E+002 0.5682E+002 0.5677E+002 0.2300E-003 0.3200E+015
0.1982E+002 0.5680E+002 0.5674E+002 0.2297E-003 0.3236E+015
0.1981E+002 0.5677E+002 0.5672E+002 0.2294E-003 0.3273E+015
0.1980E+002 0.5674E+002 0.5669E+002 0.2290E-003 0.3310E+015
0.1979E+002 0.5672E+002 0.5666E+002 0.2287E-003 0.3347E+015
0.1978E+002 0.5669E+002 0.5663E+002 0.2284E-003 0.3384E+015
0.1977E+002 0.5666E+002 0.5661E+002 0.2281E-003 0.3421E+015
0.1976E+002 0.5663E+002 0.5658E+002 0.2277E-003 0.3458E+015
0.1975E+002 0.5661E+002 0.5655E+002 0.2274E-003 0.3495E+015
0.1974E+002 0.5658E+002 0.5652E+002 0.2271E-003 0.3532E+015
0.1973E+002 0.5655E+002 0.5650E+002 0.2267E-003 0.3569E+015
0.1972E+002 0.5652E+002 0.5647E+002 0.2264E-003 0.3607E+015
0.1971E+002 0.5650E+002 0.5644E+002 0.2261E-003 0.3644E+015
0.1970E+002 0.5647E+002 0.5642E+002 0.2258E-003 0.3681E+015
0.1969E+002 0.5644E+002 0.5639E+002 0.2254E-003 0.3719E+015
0.1968E+002 0.5642E+002 0.5636E+002 0.2251E-003 0.3756E+015
0.1967E+002 0.5639E+002 0.5633E+002 0.2248E-003 0.3793E+015
0.1966E+002 0.5636E+002 0.5631E+002 0.2244E-003 0.3831E+015
0.1965E+002 0.5633E+002 0.5628E+002 0.2241E-003 0.3868E+015
0.1964E+002 0.5631E+002 0.5625E+002 0.2238E-003 0.3906E+015
0.1963E+002 0.5628E+002 0.5622E+002 0.2235E-003 0.3944E+015
0.1962E+002 0.5625E+002 0.5620E+002 0.2231E-003 0.3981E+015
0.1961E+002 0.5622E+002 0.5617E+002 0.2228E-003 0.4019E+015
0.1960E+002 0.5620E+002 0.5614E+002 0.2225E-003 0.4057E+015
0.1959E+002 0.5617E+002 0.5611E+002 0.2222E-003 0.4095E+015
0.1958E+002 0.5614E+002 0.5609E+002 0.2218E-003 0.4132E+015
0.1957E+002 0.5611E+002 0.5606E+002 0.2215E-003 0.4170E+015
0.1956E+002 0.5609E+002 0.5603E+002 0.2212E-003 0.4208E+015
0.1955E+002 0.5606E+002 0.5601E+002 0.2209E-003 0.4246E+015
0.1954E+002 0.5603E+002 0.5598E+002 0.2206E-003 0.4284E+015
0.1953E+002 0.5601E+002 0.5595E+002 0.2202E-003 0.4322E+015
0.1952E+002 0.5598E+002 0.5592E+002 0.2199E-003 0.4360E+015
0.1951E+002 0.5595E+002 0.5590E+002 0.2196E-003 0.4399E+015
0.1950E+002 0.5592E+002 0.5587E+002 0.2193E-003 0.4437E+015
0.1949E+002 0.5590E+002 0.5584E+002 0.2190E-003 0.4475E+015
0.1948E+002 0.5587E+002 0.5581E+002 0.2186E-003 0.4513E+015
0.1947E+002 0.5584E+002 0.5579E+002 0.2183E-003 0.4552E+015
0.1946E+002 0.5581E+002 0.5576E+002 0.2180E-003 0.4590E+015
0.1945E+002 0.5579E+002 0.5573E+002 0.2177E-003 0.4629E+015
0.1944E+002 0.5576E+002 0.5571E+002 0.2174E-003 0.4667E+015
0.1943E+002 0.5573E+002 0.5568E+002 0.2170E-003 0.4706E+015
0.1942E+002 0.5571E+002 0.5565E+002 0.2167E-003 0.4744E+015
0.1941E+002 0.5568E+002 0.5562E+002 0.2164E-003 0.4783E+015
0.1940E+002 0.5565E+002 0.5560E+002 0.2161E-003 0.4821E+015
0.1939E+002 0.5562E+002 0.5557E+002 0.2158E-003 0.4860E+015
0.1938E+002 0.5560E+002 0.5554E+002 0.2154E-003 0.4899E+015
0.1937E+002 0.5557E+002 0.5551E+002 0.2151E-003 0.4938E+015
0.1936E+002 0.5554E+002 0.5549E+002 0.2148E-003 0.4977E+015
0.1935E+002 0.5551E+002 0.5546E+002 0.2145E-003 0.5016E+015
0.1934E+002 0.5549E+002 0.5543E+002 0.2142E-003 0.5055E+015
0.1933E+002 0.5546E+002 0.5541E+002 0.2139E-003 0.5094E+015
0.1932E+002 0.5543E+002 0.5538E+002 0.2135E-003 0.5133E+015
0.1931E+002 0.5541E+002 0.5535E+002 0.2132E-003 0.5172E+015
0.1930E+002 0.5538E+002 0.5532E+002 0.2129E-003 0.5211E+015
0.1929E+002 0.5535E+002 0.5530E+002 0.2126E-003 0.5250E+015
0.1928E+002 0.5532E+002 0.5527E+002 0.2123E-003 0.5289E+015
0.1927E+002 0.5530E+002 0.5524E+002 0.2120E-003 0.5329E+015
0.1926E+002 0.5527E+002 0.5521E+002 0.2117E-003 0.5368E+015
0.1925E+002 0.5524E+002 0.5519E+002 0.2113E-003 0.5407E+015
0.1924E+002 0.5521E+002 0.5516E+002 0.2110E-003 0.5447E+015
0.1923E+002 0.5519E+002 0.5513E+002 0.2107E-003 0.5486E+015
0.1922E+002 0.5516E+002 0.5511E+002 0.2104E-003 0.5526E+015
0.1921E+002 0.5513E+002 0.5508E+002 0.2101E-003 0.5565E+015
0.1920E+002 0.5511E+002 0.5505E+002 0.2098E-003 0.5605E+015
0.1919E+002 0.5508E+002 0.5502E+002 0.2095E-003 0.5645E+015
0.1918E+002 0.5505E+002 0.5500E+002 0.2092E-003 0.5684E+015
0.1917E+002 0.5502E+002 0.5497E+002 0.2089E-003 0.5724E+015
0.1916E+002 0.5500E+002 0.5494E+002 0.2085E-003 0.5764E+015
0.1915E+002 0.5497E+002 0.5491E+002 0.2082E-003 0.5804E+015
0.1914E+002 0.5494E+002 0.5489E+002 0.2079E-003 0.5844E+015
0.1913E+002 0.5491E+002 0.5486E+002 0.2076E-003 0.5884E+015
0.1912E+002 0.5489E+002 0.5483E+002 0.2073E-003 0.5924E+015
0.1911E+002 0.5486E+002 0.5481E+002 0.2070E-003 0.5964E+015
0.1910E+002 0.5483E+002 0.5478E+002 0.2067E-003 0.6004E+015
0.1909E+002 0.5481E+002 0.5475E+002 0.2064E-003 0.6044E+015
0.1908E+002 0.5478E+002 0.5472E+002 0.2061E-003 0.6084E+015
0.1907E+002 0.5475E+002 0.5470E+002 0.2058E-003 0.6124E+015
0.1906E+002 0.5472E+002 0.5467E+002 0.2055E-003 0.6165E+015
0.1905E+002 0.5470E+002 0.5464E+002 0.2051E-003 0.6205E+015
0.1904E+002 0.5467E+002 0.5461E+002 0.2048E-003 0.6245E+015
0.1903E+002 0.5464E+002 0.5459E+002 0.2045E-003 0.6286E+015
0.1902E+002 0.5461E+002 0.5456E+002 0.2042E-003 0.6326E+015
0.1901E+002 0.5459E+002 0.5453E+002 0.2039E-003 0.6367E+015
0.1900E+002 0.5456E+002 0.5451E+002 0.2036E-003 0.6407E+015
0.1899E+002 0.5453E+002 0.5448E+002 0.2033E-003 0.6448E+015
0.1898E+002 0.5451E+002 0.5445E+002 0.2030E-003 0.6489E+015
0.1897E+002 0.5448E+002 0.5442E+002 0.2027E-003 0.6530E+015
0.1896E+002 0.5445E+002 0.5440E+002 0.2024E-003 0.6570E+015
0.1895E+002 0.5442E+002 0.5437E+002 0.2021E-003 0.6611E+015
0.1894E+002 0.5440E+002 0.5434E+002 0.2018E-003 0.6652E+015
0.1893E+002 0.5437E+002 0.5431E+002 0.2015E-003 0.6693E+015
0.1892E+002 0.5434E+002 0.5429E+002 0.2012E-003 0.6734E+015
0.1891E+002 0.5431E+002 0.5426E+002 0.2009E-003 0.6775E+015
0.1890E+002 0.5429E+002 0.5423E+002 0.2006E-003 0.6816E+015
0.1889E+002 0.5426E+002 0.5421E+002 0.2003E-003 0.6857E+015
0.1888E+002 0.5423E+002 0.5418E+002 0.2000E-003 0.6899E+015
0.1887E+002 0.5421E+002 0.5415E+002 0.1997E-003 0.6940E+015
0.1886E+002 0.5418E+002 0.5412E+002 0.1994E-003 0.6981E+015
0.1885E+002 0.5415E+002 0.5410E+002 0.1991E-003 0.7022E+015
0.1884E+002 0.5412E+002 0.5407E+002 0.1988E-003 0.7064E+015
0.1883E+002 0.5410E+002 0.5404E+002 0.1985E-003 0.7105E+015
0.1882E+002 0.5407E+002 0.5401E+002 0.1982E-003 0.7147E+015
0.1881E+002 0.5404E+002 0.5399E+002 0.1979E-003 0.7188E+015
0.1880E+002 0.5401E+002 0.5396E+002 0.1976E-003 0.7230E+015
0.1879E+002 0.5399E+002 0.5393E+002 0.1973E-003 0.7272E+015
0.1878E+002 0.5396E+002 0.5391E+002 0.1970E-003 0.7313E+015
0.1877E+002 0.5393E+002 0.5388E+002 0.1967E-003 0.7355E+015
0.1876E+002 0.5391E+002 0.5385E+002 0.1964E-003 0.7397E+015
0.1875E+002 0.5388E+002 0.5382E+002 0.1961E-003 0.7439E+015
0.1874E+002 0.5385E+002 0.5380E+002 0.1958E-003 0.7481E+015
0.1873E+002 0.5382E+002 0.5377E+002 0.1955E-003 0.7523E+015
0.1872E+002 0.5380E+002 0.5374E+002 0.1952E-003 0.7565E+015
0.1871E+002 0.5377E+002 0.5371E+002 0.1949E-003 0.7607E+015
0.1870E+002 0.5374E+002 0.5369E+002 0.1946E-003 0.7649E+015
0.1869E+002 0.5371E+002 0.5366E+002 0.1943E-003 0.7691E+015
0.1868E+002 0.5369E+002 0.5363E+002 0.1940E-003 0.7733E+015
0.1867E+002 0.5366E+002 0.5361E+002 0.1937E-003 0.7776E+015
0.1866E+002 0.5363E+002 0.5358E+002 0.1934E-003 0.7818E+015
0.1865E+002 0.5361E+002 0.5355E+002 0.1931E-003 0.7860E+015
0.1864E+002 0.5358E+002 0.5352E+002 0.1928E-003 0.7903E+015
0.1863E+002 0.5355E+002 0.5350E+002 0.1925E-003 0.7945E+015
0.1862E+002 0.5352E+002 0.5347E+002 0.1922E-003 0.7988E+015
0.1861E+002 0.5350E+002 0.5344E+002 0.1919E-003 0.8031E+015
0.1860E+002 0.5347E+002 0.5341E+002 0.1916E-003 0.8073E+015
0.1859E+002 0.5344E+002 0.5339E+002 0.1913E-003 0.8116E+015
0.1858E+002 0.5341E+002 0.5336E+002 0.1911E-003 0.8159E+015
0.1857E+002 0.5339E+002 0.5333E+002 0.1908E-003 0.8202E+015
0.1856E+002 0.5336E+002 0.5331E+002 0.1905E-003 0.8244E+015
0.1855E+002 0.5333E+002 0.5328E+002 0.1902E-003 0.8287E+015
0.1854E+002 0.5331E+002 0.5325E+002 0.1899E-003 0.8330E+015
0.1853E+002 0.5328E+002 0.5322E+002 0.1896E-003 0.8373E+015
0.1852E+002 0.5325E+002 0.5320E+002 0.1893E-003 0.8416E+015
0.1851E+002 0.5322E+002 0.5317E+002 0.1890E-003 0.8460E+015
0.1850E+002 0.5320E+002 0.5314E+002 0.1887E-003 0.8503E+015
0.1849E+002 0.5317E+002 0.5311E+002 0.1884E-003 0.8546E+015
0.1848E+002 0.5314E+002 0.5309E+002 0.1881E-003 0.8589E+015
0.1847E+002 0.5311E+002 0.5306E+002 0.1879E-003 0.8633E+015
0.1846E+002 0.5309E+002 0.5303E+002 0.1876E-003 0.8676E+015
0.1845E+002 0.5306E+002 0.5301E+002 0.1873E-003 0.8720E+015
0.1844E+002 0.5303E+002 0.5298E+002 0.1870E-003 0.8763E+015
0.1843E+002 0.5301E+002 0.5295E+002 0.1867E-003 0.8807E+015
0.1842E+002 0.5298E+002 0.5292E+002 0.1864E-003 0.8850E+015
0.1841E+002 0.5295E+002 0.5290E+002 0.1861E-003 0.8894E+015
0.1840E+002 0.5292E+002 0.5287E+002 0.1858E-003 0.8938E+015
0.1839E+002 0.5290E+002 0.5284E+002 0.1855E-003 0.8982E+015
0.1838E+002 0.5287E+002 0.5281E+002 0.1853E-003 0.9026E+015
0.1837E+002 0.5284E+002 0.5279E+002 0.1850E-003 0.9069E+015
0.1836E+002 0.5281E+002 0.5276E+002 0.1847E-003 0.9113E+015
0.1835E+002 0.5279E+002 0.5273E+002 0.1844E-003 0.9157E+015
0.1834E+002 0.5276E+002 0.5270E+002 0.1841E-003 0.9202E+015
0.1833E+002 0.5273E+002 0.5268E+002 0.1838E-003 0.9246E+015
0.1832E+002 0.5270E+002 0.5265E+002 0.1835E-003 0.9290E+015
0.1831E+002 0.5268E+002 0.5262E+002 0.1833E-003 0.9334E+015
0.1830E+002 0.5265E+002 0.5260E+002 0.1830E-003 0.9378E+015
0.1829E+002 0.5262E+002 0.5257E+002 0.1827E-003 0.9423E+015
0.1828E+002 0.5260E+002 0.5254E+002 0.1824E-003 0.9467E+015
0.1827E+002 0.5257E+002 0.5251E+002 0.1821E-003 0.9512E+015
0.1826E+002 0.5254E+002 0.5249E+002 0.1818E-003 0.9556E+015
0.1825E+002 0.5251E+002 0.5246E+002 0.1816E-003 0.9601E+015
0.1824E+002 0.5249E+002 0.5243E+002 0.1813E-003 0.9645E+015
0.1823E+002 0.5246E+002 0.5240E+002 0.1810E-003 0.9690E+015
0.1822E+002 0.5243E+002 0.5238E+002 0.1807E-003 0.9735E+015
0.1821E+002 0.5240E+002 0.5235E+002 0.1804E-003 0.9780E+015
0.1820E+002 0.5238E+002 0.5232E+002 0.1801E-003 0.9825E+015
0.1819E+002 0.5235E+002 0.5230E+002 0.1799E-003 0.9870E+015
0.1818E+002 0.5232E+002 0.5227E+002 0.1796E-003 0.9915E+015
0.1817E+002 0.5230E+002 0.5224E+002 0.1793E-003 0.9960E+015
0.1816E+002 0.5227E+002 0.5221E+002 0.1790E-003 0.1000E+016
0.1815E+002 0.5224E+002 0.5219E+002 0.1787E-003 0.1005E+016
0.1814E+002 0.5221E+002 0.5216E+002 0.1785E-003 0.1010E+016
0.1813E+002 0.5219E+002 0.5213E+002 0.1782E-003 0.1014E+016
0.1812E+002 0.5216E+002 0.5210E+002 0.1779E-003 0.1019E+016
0.1811E+002 0.5213E+002 0.5208E+002 0.1776E-003 0.1023E+016
0.1810E+002 0.5210E+002 0.5205E+002 0.1773E-003 0.1028E+016
0.1809E+002 0.5208E+002 0.5202E+002 0.1771E-003 0.1032E+016
0.1808E+002 0.5205E+002 0.5200E+002 0.1768E-003 0.1037E+016
0.1807E+002 0.5202E+002 0.5197E+002 0.1765E-003 0.1041E+016
0.1806E+002 0.5200E+002 0.5194E+002 0.1762E-003 0.1046E+016
0.1805E+002 0.5197E+002 0.5191E+002 0.1760E-003 0.1050E+016
0.1804E+002 0.5194E+002 0.5189E+002 0.1757E-003 0.1055E+016
0.1803E+002 0.5191E+002 0.5186E+002 0.1754E-003 0.1060E+016
0.1802E+002 0.5189E+002 0.5183E+002 0.1751E-003 0.1064E+016
0.1801E+002 0.5186E+002 0.5180E+002 0.1749E-003 0.1069E+016
0.1800E+002 0.5183E+002 0.5178E+002 0.1746E-003 0.1073E+016
0.1799E+002 0.5180E+002 0.5175E+002 0.1743E-003 0.1078E+016
0.1798E+002 0.5178E+002 0.5172E+002 0.1740E-003 0.1083E+016
0.1797E+002 0.5175E+002 0.5170E+002 0.1738E-003 0.1087E+016
0.1796E+002 0.5172E+002 0.5167E+002 0.1735E-003 0.1092E+016
0.1795E+002 0.5170E+002 0.5164E+002 0.1732E-003 0.1097E+016
0.1794E+002 0.5167E+002 0.5161E+002 0.1729E-003 0.1101E+016
0.1793E+002 0.5164E+002 0.5159E+002 0.1727E-003 0.1106E+016
0.1792E+002 0.5161E+002 0.5156E+002 0.1724E-003 0.1110E+016
0.1791E+002 0.5159E+002 0.5153E+002 0.1721E-003 0.1115E+016
0.1790E+002 0.5156E+002 0.5150E+002 0.1718E-003 0.1120E+016
0.1789E+002 0.5153E+002 0.5148E+002 0.1716E-003 0.1124E+016
0.1788E+002 0.5150E+002 0.5145E+002 0.1713E-003 0.1129E+016
0.1787E+002 0.5148E+002 0.5142E+002 0.1710E-003 0.1134E+016
0.1786E+002 0.5145E+002 0.5140E+002 0.1707E-003 0.1139E+016
0.1785E+002 0.5142E+002 0.5137E+002 0.1705E-003 0.1143E+016
0.1784E+002 0.5140E+002 0.5134E+002 0.1702E-003 0.1148E+016
0.1783E+002 0.5137E+002 0.5131E+002 0.1699E-003 0.1153E+016
0.1782E+002 0.5134E+002 0.5129E+002 0.1697E-003 0.1157E+016
0.1781E+002 0.5131E+002 0.5126E+002 0.1694E-003 0.1162E+016
0.1780E+002 0.5129E+002 0.5123E+002 0.1691E-003 0.1167E+016
0.1779E+002 0.5126E+002 0.5120E+002 0.1689E-003 0.1172E+016
0.1778E+002 0.5123E+002 0.5118E+002 0.1686E-003 0.1176E+016
0.1777E+002 0.5120E+002 0.5115E+002 0.1683E-003 0.1181E+016
0.1776E+002 0.5118E+002 0.5112E+002 0.1680E-003 0.1186E+016
0.1775E+002 0.5115E+002 0.5110E+002 0.1678E-003 0.1190E+016
0.1774E+002 0.5112E+002 0.5107E+002 0.1675E-003 0.1195E+016
0.1773E+002 0.5110E+002 0.5104E+002 0.1672E-003 0.1200E+016
0.1772E+002 0.5107E+002 0.5101E+002 0.1670E-003 0.1205E+016
0.1771E+002 0.5104E+002 0.5099E+002 0.1667E-003 0.1210E+016
0.1770E+002 0.5101E+002 0.5096E+002 0.1664E-003 0.1214E+016
0.1769E+002 0.5099E+002 0.5093E+002 0.1662E-003 0.1219E+016
0.1768E+002 0.5096E+002 0.5090E+002 0.1659E-003 0.1224E+016
0.1767E+002 0.5093E+002 0.5088E+002 0.1656E-003 0.1229E+016
0.1766E+002 0.5090E+002 0.5085E+002 0.1654E-003 0.1234E+016
0.1765E+002 0.5088E+002 0.5082E+002 0.1651E-003 0.1238E+016
0.1764E+002 0.5085E+002 0.5080E+002 0.1648E-003 0.1243E+016
0.1763E+002 0.5082E+002 0.5077E+002 0.1646E-003 0.1248E+016
0.1762E+002 0.5080E+002 0.5074E+002 0.1643E-003 0.1253E+016
0.1761E+002 0.5077E+002 0.5071E+002 0.1640E-003 0.1258E+016
0.1760E+002 0.5074E+002 0.5069E+002 0.1638E-003 0.1263E+016
0.1759E+002 0.5071E+002 0.5066E+002 0.1635E-003 0.1267E+016
0.1758E+002 0.5069E+002 0.5063E+002 0.1633E-003 0.1272E+016
0.1757E+002 0.5066E+002 0.5060E+002 0.1630E-003 0.1277E+016
0.1756E+002 0.5063E+002 0.5058E+002 0.1627E-003 0.1282E+016
0.1755E+002 0.5060E+002 0.5055E+002 0.1625E-003 0.1287E+016
0.1754E+002 0.5058E+002 0.5052E+002 0.1622E-003 0.1292E+016
0.1753E+002 0.5055E+002 0.5050E+002 0.1619E-003 0.1297E+016
0.1752E+002 0.5052E+002 0.5047E+002 0.1617E-003 0.1302E+016
0.1751E+002 0.5050E+002 0.5044E+002 0.1614E-003 0.1307E+016
0.1750E+002 0.5047E+002 0.5041E+002 0.1612E-003 0.1311E+016
0.1749E+002 0.5044E+002 0.5039E+002 0.1609E-003 0.1316E+016
0.1748E+002 0.5041E+002 0.5036E+002 0.1606E-003 0.1321E+016
0.1747E+002 0.5039E+002 0.5033E+002 0.1604E-003 0.1326E+016
0.1746E+002 0.5036E+002 0.5030E+002 0.1601E-003 0.1331E+016
0.1745E+002 0.5033E+002 0.5028E+002 0.1598E-003 0.1336E+016
0.1744E+002 0.5030E+002 0.5025E+002 0.1596E-003 0.1341E+016
0.1743E+002 0.5028E+002 0.5022E+002 0.1593E-003 0.1346E+016
0.1742E+002 0.5025E+002 0.5020E+002 0.1591E-003 0.1351E+016
0.1741E+002 0.5022E+002 0.5017E+002 0.1588E-003 0.1356E+016
0.1740E+002 0.5020E+002 0.5014E+002 0.1586E-003 0.1361E+016
0.1739E+002 0.5017E+002 0.5011E+002 0.1583E-003 0.1366E+016
0.1738E+002 0.5014E+002 0.5009E+002 0.1580E-003 0.1371E+016
0.1737E+002 0.5011E+002 0.5006E+002 0.1578E-003 0.1376E+016
0.1736E+002 0.5009E+002 0.5003E+002 0.1575E-003 0.1381E+016
0.1735E+002 0.5006E+002 0.5000E+002 0.1573E-003 0.1386E+016
0.1734E+002 0.5003E+002 0.4998E+002 0.1570E-003 0.1391E+016
0.1733E+002 0.5000E+002 0.4995E+002 0.1568E-003 0.1396E+016
0.1732E+002 0.4998E+002 0.4992E+002 0.1565E-003 0.1401E+016
0.1731E+002 0.4995E+002 0.4990E+002 0.1562E-003 0.1406E+016
0.1730E+002 0.4992E+002 0.4987E+002 0.1560E-003 0.1411E+016
0.1729E+002 0.4990E+002 0.4984E+002 0.1557E-003 0.1416E+016
0.1728E+002 0.4987E+002 0.4981E+002 0.1555E-003 0.1421E+016
0.1727E+002 0.4984E+002 0.4979E+002 0.1552E-003 0.1426E+016
0.1726E+002 0.4981E+002 0.4976E+002 0.1550E-003 0.1431E+016
0.1725E+002 0.4979E+002 0.4973E+002 0.1547E-003 0.1436E+016
0.1724E+002 0.4976E+002 0.4970E+002 0.1545E-003 0.1442E+016
0.1723E+002 0.4973E+002 0.4968E+002 0.1542E-003 0.1447E+016
0.1722E+002 0.4970E+002 0.4965E+002 0.1539E-003 0.1452E+016
0.1721E+002 0.4968E+002 0.4962E+002 0.1537E-003 0.1457E+016
0.1720E+002 0.4965E+002 0.4960E+002 0.1534E-003 0.1462E+016
0.1719E+002 0.4962E+002 0.4957E+002 0.1532E-003 0.1467E+016
0.1718E+002 0.4960E+002 0.4954E+002 0.1529E-003 0.1472E+016
0.1717E+002 0.4957E+002 0.4951E+002 0.1527E-003 0.1477E+016
0.1716E+002 0.4954E+002 0.4949E+002 0.1524E-003 0.1483E+016
0.1715E+002 0.4951E+002 0.4946E+002 0.1522E-003 0.1488E+016
0.1714E+002 0.4949E+002 0.4943E+002 0.1519E-003 0.1493E+016
0.1713E+002 0.4946E+002 0.4940E+002 0.1517E-003 0.1498E+016
0.1712E+002 0.4943E+002 0.4938E+002 0.1514E-003 0.1503E+016
0.1711E+002 0.4940E+002 0.4935E+002 0.1512E-003 0.1508E+016
0.1710E+002 0.4938E+002 0.4932E+002 0.1509E-003 0.1514E+016
0.1709E+002 0.4935E+002 0.4929E+002 0.1507E-003 0.1519E+016
0.1708E+002 0.4932E+002 0.4927E+002 0.1504E-003 0.1524E+016
0.1707E+002 0.4929E+002 0.4924E+002 0.1502E-003 0.1529E+016
0.1706E+002 0.4927E+002 0.4921E+002 0.1499E-003 0.1534E+016
0.1705E+002 0.4924E+002 0.4919E+002 0.1497E-003 0.1540E+016
0.1704E+002 0.4921E+002 0.4916E+002 0.1494E-003 0.1545E+016
0.1703E+002 0.4919E+002 0.4913E+002 0.1492E-003 0.1550E+016
0.1702E+002 0.4916E+002 0.4910E+002 0.1489E-003 0.1555E+016
0.1701E+002 0.4913E+002 0.4908E+002 0.1487E-003 0.1561E+016
0.1700E+002 0.4910E+002 0.4905E+002 0.1484E-003 0.1566E+016
0.1699E+002 0.4908E+002 0.4902E+002 0.1482E-003 0.1571E+016
0.1698E+002 0.4905E+002 0.4899E+002 0.1479E-003 0.1576E+016
0.1697E+002 0.4902E+002 0.4897E+002 0.1477E-003 0.1582E+016
0.1696E+002 0.4899E+002 0.4894E+002 0.1474E-003 0.1587E+016
0.1695E+002 0.4897E+002 0.4891E+002 0.1472E-003 0.1592E+016
0.1694E+002 0.4894E+002 0.4889E+002 0.1470E-003 0.1597E+016
0.1693E+002 0.4891E+002 0.4886E+002 0.1467E-003 0.1603E+016
0.1692E+002 0.4889E+002 0.4883E+002 0.1465E-003 0.1608E+016
0.1691E+002 0.4886E+002 0.4880E+002 0.1462E-003 0.1613E+016
0.1690E+002 0.4883E+002 0.4878E+002 0.1460E-003 0.1619E+016
0.1689E+002 0.4880E+002 0.4875E+002 0.1457E-003 0.1624E+016
0.1688E+002 0.4878E+002 0.4872E+002 0.1455E-003 0.1629E+016
0.1687E+002 0.4875E+002 0.4869E+002 0.1452E-003 0.1635E+016
0.1686E+002 0.4872E+002 0.4867E+002 0.1450E-003 0.1640E+016
0.1685E+002 0.4869E+002 0.4864E+002 0.1448E-003 0.1646E+016
0.1684E+002 0.4867E+002 0.4861E+002 0.1445E-003 0.1651E+016
0.1683E+002 0.4864E+002 0.4859E+002 0.1443E-003 0.1656E+016
0.1682E+002 0.4861E+002 0.4856E+002 0.1440E-003 0.1662E+016
0.1681E+002 0.4859E+002 0.4853E+002 0.1438E-003 0.1667E+016
0.1680E+002 0.4856E+002 0.4850E+002 0.1435E-003 0.1672E+016
0.1679E+002 0.4853E+002 0.4848E+002 0.1433E-003 0.1678E+016
0.1678E+002 0.4850E+002 0.4845E+002 0.1431E-003 0.1683E+016
0.1677E+002 0.4848E+002 0.4842E+002 0.1428E-003 0.1689E+016
0.1676E+002 0.4845E+002 0.4839E+002 0.1426E-003 0.1694E+016
0.1675E+002 0.4842E+002 0.4837E+002 0.1423E-003 0.1700E+016
0.1674E+002 0.4839E+002 0.4834E+002 0.1421E-003 0.1705E+016
0.1673E+002 0.4837E+002 0.4831E+002 0.1419E-003 0.1710E+016
0.1672E+002 0.4834E+002 0.4829E+002 0.1416E-003 0.1716E+016
0.1671E+002 0.4831E+002 0.4826E+002 0.1414E-003 0.1721E+016
0.1670E+002 0.4829E+002 0.4823E+002 0.1411E-003 0.1727E+016
0.1669E+002 0.4826E+002 0.4820E+002 0.1409E-003 0.1732E+016
0.1668E+002 0.4823E+002 0.4818E+002 0.1407E-003 0.1738E+016
0.1667E+002 0.4820E+002 0.4815E+002 0.1404E-003 0.1743E+016
0.1666E+002 0.4818E+002 0.4812E+002 0.1402E-003 0.1749E+016
0.1665E+002 0.4815E+002 0.4809E+002 0.1399E-003 0.1754E+016
0.1664E+002 0.4812E+002 0.4807E+002 0.1397E-003 0.1760E+016
0.1663E+002 0.4809E+002 0.4804E+002 0.1395E-003 0.1765E+016
0.1662E+002 0.4807E+002 0.4801E+002 0.1392E-003 0.1771E+016
0.1661E+002 0.4804E+002 0.4799E+002 0.1390E-003 0.1777E+016
0.1660E+002 0.4801E+002 0.4796E+002 0.1388E-003 0.1782E+016
0.1659E+002 0.4799E+002 0.4793E+002 0.1385E-003 0.1788E+016
0.1658E+002 0.4796E+002 0.4790E+002 0.1383E-003 0.1793E+016
0.1657E+002 0.4793E+002 0.4788E+002 0.1381E-003 0.1799E+016
0.1656E+002 0.4790E+002 0.4785E+002 0.1378E-003 0.1804E+016
0.1655E+002 0.4788E+002 0.4782E+002 0.1376E-003 0.1810E+016
0.1654E+002 0.4785E+002 0.4779E+002 0.1373E-003 0.1816E+016
0.1653E+002 0.4782E+002 0.4777E+002 0.1371E-003 0.1821E+016
0.1652E+002 0.4779E+002 0.4774E+002 0.1369E-003 0.1827E+016
0.1651E+002 0.4777E+002 0.4771E+002 0.1366E-003 0.1832E+016
0.1650E+002 0.4774E+002 0.4769E+002 0.1364E-003 0.1838E+016
0.1649E+002 0.4771E+002 0.4766E+002 0.1362E-003 0.1844E+016
0.1648E+002 0.4769E+002 0.4763E+002 0.1359E-003 0.1849E+016
0.1647E+002 0.4766E+002 0.4760E+002 0.1357E-003 0.1855E+016
0.1646E+002 0.4763E+002 0.4758E+002 0.1355E-003 0.1861E+016
0.1645E+002 0.4760E+002 0.4755E+002 0.1352E-003 0.1866E+016
0.1644E+002 0.4758E+002 0.4752E+002 0.1350E-003 0.1872E+016
0.1643E+002 0.4755E+002 0.4749E+002 0.1348E-003 0.1878E+016
0.1642E+002 0.4752E+002 0.4747E+002 0.1345E-003 0.1883E+016
0.1641E+002 0.4749E+002 0.4744E+002 0.1343E-003 0.1889E+016
0.1640E+002 0.4747E+002 0.4741E+002 0.1341E-003 0.1895E+016
0.1639E+002 0.4744E+002 0.4739E+002 0.1339E-003 0.1901E+016
0.1638E+002 0.4741E+002 0.4736E+002 0.1336E-003 0.1906E+016
0.1637E+002 0.4739E+002 0.4733E+002 0.1334E-003 0.1912E+016
0.1636E+002 0.4736E+002 0.4730E+002 0.1332E-003 0.1918E+016
0.1635E+002 0.4733E+002 0.4728E+002 0.1329E-003 0.1923E+016
0.1634E+002 0.4730E+002 0.4725E+002 0.1327E-003 0.1929E+016
0.1633E+002 0.4728E+002 0.4722E+002 0.1325E-003 0.1935E+016
0.1632E+002 0.4725E+002 0.4719E+002 0.1322E-003 0.1941E+016
0.1631E+002 0.4722E+002 0.4717E+002 0.1320E-003 0.1947E+016
0.1630E+002 0.4719E+002 0.4714E+002 0.1318E-003 0.1952E+016
0.1629E+002 0.4717E+002 0.4711E+002 0.1316E-003 0.1958E+016
0.1628E+002 0.4714E+002 0.4709E+002 0.1313E-003 0.1964E+016
0.1627E+002 0.4711E+002 0.4706E+002 0.1311E-003 0.1970E+016
0.1626E+002 0.4709E+002 0.4703E+002 0.1309E-003 0.1976E+016
0.1625E+002 0.4706E+002 0.4700E+002 0.1306E-003 0.1981E+016
0.1624E+002 0.4703E+002 0.4698E+002 0.1304E-003 0.1987E+016
0.1623E+002 0.4700E+002 0.4695E+002 0.1302E-003 0.1993E+016
0.1622E+002 0.4698E+002 0.4692E+002 0.1300E-003 0.1999E+016
0.1621E+002 0.4695E+002 0.4689E+002 0.1297E-003 0.2005E+016
0.1620E+002 0.4692E+002 0.4687E+002 0.1295E-003 0.2011E+016
0.1619E+002 0.4689E+002 0.4684E+002 0.1293E-003 0.2017E+016
0.1618E+002 0.4687E+002 0.4681E+002 0.1291E-003 0.2023E+016
0.1617E+002 0.4684E+002 0.4679E+002 0.1288E-003 0.2028E+016
0.1616E+002 0.4681E+002 0.4676E+002 0.1286E-003 0.2034E+016
0.1615E+002 0.4679E+002 0.4673E+002 0.1284E-003 0.2040E+016
0.1614E+002 0.4676E+002 0.4670E+002 0.1282E-003 0.2046E+016
0.1613E+002 0.4673E+002 0.4668E+002 0.1279E-003 0.2052E+016
0.1612E+002 0.4670E+002 0.4665E+002 0.1277E-003 0.2058E+016
0.1611E+002 0.4668E+002 0.4662E+002 0.1275E-003 0.2064E+016
0.1610E+002 0.4665E+002 0.4659E+002 0.1273E-003 0.2070E+016
0.1609E+002 0.4662E+002 0.4657E+002 0.1270E-003 0.2076E+016
0.1608E+002 0.4659E+002 0.4654E+002 0.1268E-003 0.2082E+016
0.1607E+002 0.4657E+002 0.4651E+002 0.1266E-003 0.2088E+016
0.1606E+002 0.4654E+002 0.4649E+002 0.1264E-003 0.2094E+016
0.1605E+002 0.4651E+002 0.4646E+002 0.1262E-003 0.2100E+016
0.1604E+002 0.4649E+002 0.4643E+002 0.1259E-003 0.2106E+016
0.1603E+002 0.4646E+002 0.4640E+002 0.1257E-003 0.2112E+016
0.1602E+002 0.4643E+002 0.4638E+002 0.1255E-003 0.2118E+016
0.1601E+002 0.4640E+002 0.4635E+002 0.1253E-003 0.2124E+016
0.1600E+002 0.4638E+002 0.4632E+002 0.1250E-003 0.2130E+016
0.1599E+002 0.4635E+002 0.4629E+002 0.1248E-003 0.2136E+016
0.1598E+002 0.4632E+002 0.4627E+002 0.1246E-003 0.2142E+016
0.1597E+002 0.4629E+002 0.4624E+002 0.1244E-003 0.2148E+016
0.1596E+002 0.4627E+002 0.4621E+002 0.1242E-003 0.2154E+016
0.1595E+002 0.4624E+002 0.4619E+002 0.1239E-003 0.2160E+016
0.1594E+002 0.4621E+002 0.4616E+002 0.1237E-003 0.2166E+016
0.1593E+002 0.4619E+002 0.4613E+002 0.1235E-003 0.2173E+016
0.1592E+002 0.4616E+002 0.4610E+002 0.1233E-003 0.2179E+016
0.1591E+002 0.4613E+002 0.4608E+002 0.1231E-003 0.2185E+016
0.1590E+002 0.4610E+002 0.4605E+002 0.1229E-003 0.2191E+016
0.1589E+002 0.4608E+002 0.4602E+002 0.1226E-003 0.2197E+016
0.1588E+002 0.4605E+002 0.4599E+002 0.1224E-003 0.2203E+016
0.1587E+002 0.4602E+002 0.4597E+002 0.1222E-003 0.2209E+016
0.1586E+002 0.4599E+002 0.4594E+002 0.1220E-003 0.2216E+016
0.1585E+002 0.4597E+002 0.4591E+002 0.1218E-003 0.2222E+016
0.1584E+002 0.4594E+002 0.4588E+002 0.1215E-003 0.2228E+016
0.1583E+002 0.4591E+002 0.4586E+002 0.1213E-003 0.2234E+016
0.1582E+002 0.4588E+002 0.4583E+002 0.1211E-003 0.2240E+016
0.1581E+002 0.4586E+002 0.4580E+002 0.1209E-003 0.2247E+016
0.1580E+002 0.4583E+002 0.4578E+002 0.1207E-003 0.2253E+016
0.1579E+002 0.4580E+002 0.4575E+002 0.1205E-003 0.2259E+016
0.1578E+002 0.4578E+002 0.4572E+002 0.1203E-003 0.2265E+016
0.1577E+002 0.4575E+002 0.4569E+002 0.1200E-003 0.2272E+016
0.1576E+002 0.4572E+002 0.4567E+002 0.1198E-003 0.2278E+016
0.1575E+002 0.4569E+002 0.4564E+002 0.1196E-003 0.2284E+016
0.1574E+002 0.4567E+002 0.4561E+002 0.1194E-003 0.2290E+016
0.1573E+002 0.4564E+002 0.4558E+002 0.1192E-003 0.2297E+016
0.1572E+002 0.4561E+002 0.4556E+002 0.1190E-003 0.2303E+016
0.1571E+002 0.4558E+002 0.4553E+002 0.1188E-003 0.2309E+016
0.1570E+002 0.4556E+002 0.4550E+002 0.1185E-003 0.2316E+016
0.1569E+002 0.4553E+002 0.4548E+002 0.1183E-003 0.2322E+016
0.1568E+002 0.4550E+002 0.4545E+002 0.1181E-003 0.2328E+016
0.1567E+002 0.4548E+002 0.4542E+002 0.1179E-003 0.2335E+016
0.1566E+002 0.4545E+002 0.4539E+002 0.1177E-003 0.2341E+016
0.1565E+002 0.4542E+002 0.4537E+002 0.1175E-003 0.2347E+016
0.1564E+002 0.4539E+002 0.4534E+002 0.1173E-003 0.2354E+016
0.1563E+002 0.4537E+002 0.4531E+002 0.1171E-003 0.2360E+016
0.1562E+002 0.4534E+002 0.4528E+002 0.1168E-003 0.2366E+016
0.1561E+002 0.4531E+002 0.4526E+002 0.1166E-003 0.2373E+016
0.1560E+002 0.4528E+002 0.4523E+002 0.1164E-003 0.2379E+016
0.1559E+002 0.4526E+002 0.4520E+002 0.1162E-003 0.2386E+016
0.1558E+002 0.4523E+002 0.4518E+002 0.1160E-003 0.2392E+016
0.1557E+002 0.4520E+002 0.4515E+002 0.1158E-003 0.2398E+016
0.1556E+002 0.4518E+002 0.4512E+002 0.1156E-003 0.2405E+016
0.1555E+002 0.4515E+002 0.4509E+002 0.1154E-003 0.2411E+016
0.1554E+002 0.4512E+002 0.4507E+002 0.1152E-003 0.2418E+016
0.1553E+002 0.4509E+002 0.4504E+002 0.1150E-003 0.2424E+016
0.1552E+002 0.4507E+002 0.4501E+002 0.1148E-003 0.2431E+016
0.1551E+002 0.4504E+002 0.4498E+002 0.1145E-003 0.2437E+016
0.1550E+002 0.4501E+002 0.4496E+002 0.1143E-003 0.2444E+016
0.1549E+002 0.4498E+002 0.4493E+002 0.1141E-003 0.2450E+016
0.1548E+002 0.4496E+002 0.4490E+002 0.1139E-003 0.2457E+016
0.1547E+002 0.4493E+002 0.4488E+002 0.1137E-003 0.2463E+016
0.1546E+002 0.4490E+002 0.4485E+002 0.1135E-003 0.2470E+016
0.1545E+002 0.4488E+002 0.4482E+002 0.1133E-003 0.2476E+016
0.1544E+002 0.4485E+002 0.4479E+002 0.1131E-003 0.2483E+016
0.1543E+002 0.4482E+002 0.4477E+002 0.1129E-003 0.2490E+016
0.1542E+002 0.4479E+002 0.4474E+002 0.1127E-003 0.2496E+016
0.1541E+002 0.4477E+002 0.4471E+002 0.1125E-003 0.2503E+016
0.1540E+002 0.4474E+002 0.4468E+002 0.1123E-003 0.2509E+016
0.1539E+002 0.4471E+002 0.4466E+002 0.1121E-003 0.2516E+016
0.1538E+002 0.4468E+002 0.4463E+002 0.1119E-003 0.2523E+016
0.1537E+002 0.4466E+002 0.4460E+002 0.1117E-003 0.2529E+016
0.1536E+002 0.4463E+002 0.4458E+002 0.1114E-003 0.2536E+016
0.1535E+002 0.4460E+002 0.4455E+002 0.1112E-003 0.2543E+016
0.1534E+002 0.4458E+002 0.4452E+002 0.1110E-003 0.2549E+016
0.1533E+002 0.4455E+002 0.4449E+002 0.1108E-003 0.2556E+016
0.1532E+002 0.4452E+002 0.4447E+002 0.1106E-003 0.2563E+016
0.1531E+002 0.4449E+002 0.4444E+002 0.1104E-003 0.2569E+016
0.1530E+002 0.4447E+002 0.4441E+002 0.1102E-003 0.2576E+016
0.1529E+002 0.4444E+002 0.4438E+002 0.1100E-003 0.2583E+016
0.1528E+002 0.4441E+002 0.4436E+002 0.1098E-003 0.2589E+016
0.1527E+002 0.4438E+002 0.4433E+002 0.1096E-003 0.2596E+016
0.1526E+002 0.4436E+002 0.4430E+002 0.1094E-003 0.2603E+016
0.1525E+002 0.4433E+002 0.4428E+002 0.1092E-003 0.2610E+016
0.1524E+002 0.4430E+002 0.4425E+002 0.1090E-003 0.2616E+016
0.1523E+002 0.4428E+002 0.4422E+002 0.1088E-003 0.2623E+016
0.1522E+002 0.4425E+002 0.4419E+002 0.1086E-003 0.2630E+016
0.1521E+002 0.4422E+002 0.4417E+002 0.1084E-003 0.2637E+016
0.1520E+002 0.4419E+002 0.4414E+002 0.1082E-003 0.2644E+016
0.1519E+002 0.4417E+002 0.4411E+002 0.1080E-003 0.2650E+016
0.1518E+002 0.4414E+002 0.4408E+002 0.1078E-003 0.2657E+016
0.1517E+002 0.4411E+002 0.4406E+002 0.1076E-003 0.2664E+016
0.1516E+002 0.4408E+002 0.4403E+002 0.1074E-003 0.2671E+016
0.1515E+002 0.4406E+002 0.4400E+002 0.1072E-003 0.2678E+016
0.1514E+002 0.4403E+002 0.4398E+002 0.1070E-003 0.2685E+016
0.1513E+002 0.4400E+002 0.4395E+002 0.1068E-003 0.2691E+016
0.1512E+002 0.4398E+002 0.4392E+002 0.1066E-003 0.2698E+016
0.1511E+002 0.4395E+002 0.4389E+002 0.1064E-003 0.2705E+016
0.1510E+002 0.4392E+002 0.4387E+002 0.1062E-003 0.2712E+016
0.1509E+002 0.4389E+002 0.4384E+002 0.1060E-003 0.2719E+016
0.1508E+002 0.4387E+002 0.4381E+002 0.1058E-003 0.2726E+016
0.1507E+002 0.4384E+002 0.4378E+002 0.1056E-003 0.2733E+016
0.1506E+002 0.4381E+002 0.4376E+002 0.1054E-003 0.2740E+016
0.1505E+002 0.4378E+002 0.4373E+002 0.1052E-003 0.2747E+016
0.1504E+002 0.4376E+002 0.4370E+002 0.1050E-003 0.2754E+016
0.1503E+002 0.4373E+002 0.4368E+002 0.1048E-003 0.2761E+016
0.1502E+002 0.4370E+002 0.4365E+002 0.1046E-003 0.2768E+016
0.1501E+002 0.4368E+002 0.4362E+002 0.1044E-003 0.2775E+016
0.1500E+002 0.4365E+002 0.4359E+002 0.1043E-003 0.3476E+016
0.1400E+002 0.4092E+002 0.3565E+002 0.8590E-004 0.4297E+016
0.1300E+002 0.3819E+002 0.3293E+002 0.6984E-004 0.5268E+016
0.1200E+002 0.3546E+002 0.3022E+002 0.5592E-004 0.6432E+016
0.1100E+002 0.3274E+002 0.2751E+002 0.4398E-004 0.7845E+016
0.1000E+002 0.3001E+002 0.2480E+002 0.3388E-004 0.9590E+016
