   2.6115720493468910E-004   2.3985777676647997E-007   2.5258121667006684E-005   8.6205087567346081E-021
   2.6079682245804924E-004   1.4859220488169321E-005   1.0638714345713111E-005   9.2133877059920061E-021
   2.6043677167257476E-004   2.1015925722713628E-005   4.4819903255795941E-006   9.2071127997935892E-021
   2.6007705242555332E-004   2.3609279476179551E-005   1.8886286598771307E-006   9.2009078317733486E-021
   2.5971766456427261E-004   2.4701899144990718E-005   7.9600565794630686E-007   9.1947048473215599E-021
   2.5935860793602038E-004   2.5162336068295948E-005   3.3556733028873223E-007   9.1885038466486613E-021
   2.5899988238808420E-004   2.5356409091761991E-005   1.4149371502862633E-007   9.1823048299652906E-021
   2.5864148776775175E-004   2.5438228082708966E-005   5.9674474662812831E-008   9.1761077974822636E-021
   2.5828342392231077E-004   2.5472729504100901E-005   2.5172948136445715E-008   9.1699127494105915E-021
   2.5792569069904889E-004   2.5487281208478878E-005   1.0621199437531175E-008   9.1637196859614674E-021
   2.5756828794525386E-004   2.5493420054223373E-005   4.4823350072057921E-009   9.1575286073462743E-021
   2.5721121550821330E-004   2.5496010329461392E-005   1.8920518909406738E-009   9.1513395137765906E-021
   2.5685447323521489E-004   2.5497103546817720E-005   7.9883121288389462E-010   9.1451524054641798E-021
   2.5649806097354628E-004   2.5497565034091520E-005   3.3734253861781070E-010   9.1389672826209920E-021
   2.5614197857049524E-004   2.5497759887047332E-005   1.4248899244563880E-010   9.1327841454591699E-021
   2.5578622587334930E-004   2.5497842177290996E-005   6.0198499948275630E-011   9.1266029941910563E-021
   2.5543080272939626E-004   2.5497876937613979E-005   2.5438072116655259E-011   9.1204238290291671E-021
   2.5507570898592374E-004   2.5497891623947468E-005   1.0751694445109856E-011   9.1142466501862272E-021
   2.5472094449021949E-004   2.5497897830309719E-005   4.5453135911128206E-012   9.1080714578751406E-021
   2.5436650908957107E-004   2.5497900453652454E-005   1.9219630420926321E-012   9.1018982523090101E-021
   2.5401240263126629E-004   2.5497901562743352E-005   8.1286884820617573E-013   9.0957270337011247E-021
   2.5365862496259267E-004   2.5497902031744031E-005   3.4386677888161685E-013   9.0895578022649785E-021
   2.5330517593083804E-004   2.5497902230113126E-005   1.4549708021004446E-013   9.0833905582142427E-021
   2.5295205538329000E-004   2.5497902314033790E-005   6.1576170931349073E-014   9.0772253017627949E-021
   2.5259926316723627E-004   2.5497902349544440E-005   2.6065463382750868E-014   9.0710620331246991E-021
   2.5224679912996437E-004   2.5497902364573833E-005   1.1036023546761787E-014   9.0649007525142182E-021
   2.5189466311876222E-004   2.5497902370936210E-005   4.6736287671602266E-015   9.0587414601458074E-021
   2.5154285498091733E-004   2.5497902373630191E-005   1.9796584281590154E-015   9.0525841562341192E-021
   2.5119137456371750E-004   2.5497902374771090E-005   8.3872734279446660E-016   9.0464288409939940E-021
   2.5084022171445024E-004   2.5497902375254397E-005   3.5542327258776720E-016   9.0402755146404769E-021
   2.5048939628040341E-004   2.5497902375459145E-005   1.5064873175451626E-016   9.0341241773888072E-021
   2.5013889810886452E-004   2.5497902375545929E-005   6.3867467742094438E-017   9.0279748294544167E-021
   2.4978872704712137E-004   2.5497902375582717E-005   2.7082487939140087E-017   9.0218274710529418E-021
   2.4943888294246154E-004   2.5497902375598293E-005   1.1486616286058883E-017   9.0156821024002071E-021
   2.4908936564217276E-004   2.5497902375604913E-005   4.8729327773231183E-018   9.0095387237122372E-021
   2.4874017499354278E-004   2.5497902375607725E-005   2.0676810379367283E-018   9.0033973352052599E-021
   2.4839131084385916E-004   2.5497902375608904E-005   8.7752882781357844E-019   8.9972579370957000E-021
   2.4804277304040959E-004   2.5497902375609423E-005   3.7250686701415557E-019   8.9911205296001705E-021
   2.4769456143048177E-004   2.5497902375609636E-005   1.5816206522908487E-019   8.9849851129354980E-021
   2.4734667586136342E-004   2.5497902375609731E-005   6.7168501169155031E-020   8.9788516873187062E-021
   2.4699911618034223E-004   2.5497902375609792E-005   2.8531488887118449E-020   8.9727202529670070E-021
   2.4665188223470578E-004   2.5497902375609788E-005   1.2122127853515548E-020   8.9665908100978257E-021
   2.4630497387174180E-004   2.5497902375609788E-005   5.1514462999903151E-021   8.9604633589287849E-021
   2.4595839093873793E-004   2.5497902375609788E-005   2.1896549844417899E-021   8.9543378996777058E-021
   2.4561213328298191E-004   2.5497902375609788E-005   9.3093375788086928E-022   8.9482144325626097E-021
   2.4526620075176141E-004   2.5497902375609788E-005   3.9587576806071535E-022   8.9420929578017241E-021
   2.4492059319236402E-004   2.5497902375609788E-005   1.6838240403093969E-022   8.9359734756134779E-021
   2.4457531045207753E-004   2.5497902375609788E-005   7.1636257646751648E-023   8.9298559862165003E-021
   2.4423035237818957E-004   2.5497902375609788E-005   3.0483751857232127E-023   8.9237404898296221E-021
   2.4388571881798777E-004   2.5497902375609788E-005   1.2974913955776265E-023   8.9176269866718862E-021
   2.4354140961875990E-004   2.5497902375609788E-005   5.5238593478061458E-024   8.9115154769625297E-021
   2.4319742462779355E-004   2.5497902375609788E-005   2.3522567121412819E-024   8.9054059609209972E-021
   2.4285376369237650E-004   2.5497902375609788E-005   1.0019204556900633E-024   8.8992984387669411E-021
   2.4251042665979631E-004   2.5497902375609788E-005   4.2686574040588218E-025   8.8931929107202168E-021
   2.4216741337734074E-004   2.5497902375609788E-005   1.8191262698284555E-025   8.8870893770008797E-021
   2.4182472369229738E-004   2.5497902375609788E-005   7.7544843970451769E-026   8.8809878378291993E-021
   2.4148235745195405E-004   2.5497902375609788E-005   3.3064958896144284E-026   8.8748882934256461E-021
   2.4114031450359828E-004   2.5497902375609788E-005   1.4103154465239166E-026   8.8687907440108989E-021
   2.4079859469451783E-004   2.5497902375609788E-005   6.0173917550914857E-027   8.8626951898058481E-021
   2.4045719787200032E-004   2.5497902375609788E-005   2.5683697497646982E-027   8.8566016310315815E-021
   2.4011612388333354E-004   2.5497902375609788E-005   1.0966835318271250E-027   8.8505100679094034E-021
   2.3977537257580507E-004   2.5497902375609788E-005   4.6849155984621530E-028   8.8444205006608200E-021
   2.3943494379670253E-004   2.5497902375609788E-005   2.0023837732078689E-028   8.8383329295075509E-021
   2.3909483739331373E-004   2.5497902375609788E-005   8.5635617278489812E-029   8.8322473546715264E-021
   2.3875505321292628E-004   2.5497902375609788E-005   3.6649657396112571E-029   8.8261637763748799E-021
   2.3841559110282791E-004   2.5497902375609788E-005   1.5698342957469243E-029   8.8200821948399556E-021
   2.3807645091030623E-004   2.5497902375609788E-005   6.7310537971222840E-030   8.8140026102893157E-021
   2.3773763248264893E-004   2.5497902375609788E-005   2.8897225665621334E-030   8.8079250229457241E-021
   2.3739913566714371E-004   2.5497902375609788E-005   1.2425069910929932E-030   8.8018494330321599E-021
   2.3706096031107820E-004   2.5497902375609788E-005   5.3526791809778861E-031   8.7957758407718098E-021
   2.3672310626174012E-004   2.5497902375609788E-005   2.3114051949653744E-031   8.7897042463880846E-021
   2.3638557336641718E-004   2.5497902375609788E-005   1.0010800235903765E-031   8.7836346501045908E-021
   2.3604836147239703E-004   2.5497902375609788E-005   4.3517914972093105E-032   8.7775670521451546E-021
   2.3571147042696729E-004   2.5497902375609788E-005   1.9004974891392310E-032   8.7715014527338264E-021
   2.3537490007741568E-004   2.5497902375609788E-005   8.3472744363344511E-033   8.7654378520948520E-021
   2.3503865027102992E-004   2.5497902375609788E-005   3.6920738158499682E-033   8.7593762504526987E-021
   2.3470272085509764E-004   2.5497902375609788E-005   1.6470503930405106E-033   8.7533166480320547E-021
   2.3436711167690652E-004   2.5497902375609788E-005   7.4193454340126652E-034   8.7472590450578146E-021
   2.3403182258374420E-004   2.5497902375609788E-005   3.3830029200862345E-034   8.7412034417550908E-021
   2.3369685342289841E-004   2.5497902375609788E-005   1.5643657046424691E-034   8.7351498383492143E-021
   2.3336220404165684E-004   2.5497902375609788E-005   7.3493293064950061E-035   8.7290982350657264E-021
   2.3302787428730715E-004   2.5497902375609788E-005   3.5130575908099260E-035   8.7230486321303913E-021
   2.3269386400713698E-004   2.5497902375609788E-005   1.7103016013789573E-035   8.7170010297691823E-021
   2.3236017304843407E-004   2.5497902375609788E-005   8.4860469897430245E-036   8.7109554282083058E-021
   2.3202680125848600E-004   2.5497902375609788E-005   4.2901736886508461E-036   8.7049118276741655E-021
   2.3169374848458060E-004   2.5497902375609788E-005   2.2082593403081328E-036   8.6988702283934011E-021
   2.3136101457400533E-004   2.5497902375609788E-005   1.1557924039138546E-036   8.6928306305928572E-021
   2.3102859937404813E-004   2.5497902375609788E-005   6.1413056721687534E-037   8.6867930344996114E-021
   2.3069650273199646E-004   2.5497902375609788E-005   3.3068264431113927E-037   8.6807574403409444E-021
   2.3036472449513808E-004   2.5497902375609788E-005   1.8011067749335796E-037   8.6747238483443719E-021
   2.3003326451076069E-004   2.5497902375609788E-005   9.9058558349821386E-038   8.6686922587376230E-021
   2.2970212262615194E-004   2.5497902375609788E-005   5.4927258826210427E-038   8.6626626717486541E-021
   2.2937129868859949E-004   2.5497902375609788E-005   3.0664339147012472E-038   8.6566350876056306E-021
   2.2904079254539109E-004   2.5497902375609788E-005   1.7215758520225516E-038   8.6506095065369514E-021
   2.2871060404381434E-004   2.5497902375609788E-005   9.7106556612014763E-039   8.6445859287712333E-021
   2.2838073303115694E-004   2.5497902375609788E-005   5.4987039638229286E-039   8.6385643545373175E-021
   2.2805117935470652E-004   2.5497902375609788E-005   3.1238245125975369E-039   8.6325447840642647E-021
   2.2772194286175087E-004   2.5497902375609788E-005   1.7795370149267274E-039   8.6265272175813645E-021
   2.2739302339957755E-004   2.5497902375609788E-005   1.0161210757693919E-039   8.6205116553181259E-021
   2.2706442081547431E-004   2.5497902375609788E-005   5.8138168328288590E-040   8.6144980975042838E-021
   2.2673613495672885E-004   2.5497902375609788E-005   3.3322853562655299E-040   8.6084865443698034E-021
   2.2640816567062876E-004   2.5497902375609788E-005   1.9129231568951417E-040   8.6024769961448662E-021
   2.2608051280446174E-004   2.5497902375609788E-005   1.0996490894694618E-040   8.5964694530598843E-021
   2.2575317620551552E-004   2.5497902375609788E-005   6.3292479851485722E-041   8.5904639153454984E-021
   2.2542615572107772E-004   2.5497902375609788E-005   3.6470528483829672E-041   8.5844603832325746E-021
   2.2509945119843604E-004   2.5497902375609788E-005   2.1036941787978448E-041   8.5784588569522022E-021
   2.2477306248487819E-004   2.5497902375609788E-005   1.2146152593015530E-041   8.5724593367357017E-021
   2.2444698942769179E-004   2.5497902375609788E-005   7.0190829661952056E-042   8.5664618228146257E-021
   2.2412123187416457E-004   2.5497902375609788E-005   4.0595826880149339E-042   8.5604663154207508E-021
   2.2379578967158414E-004   2.5497902375609788E-005   2.3497343623445426E-042   8.5544728147860808E-021
   2.2347066266723825E-004   2.5497902375609788E-005   1.3610435385137601E-042   8.5484813211428528E-021
   2.2314585070841453E-004   2.5497902375609788E-005   7.8890139215925055E-043   8.5424918347235311E-021
   2.2282135364240071E-004   2.5497902375609788E-005   4.5756645429470785E-043   8.5365043557608191E-021
   2.2249717131648438E-004   2.5497902375609788E-005   2.6555294744029289E-043   8.5305188844876385E-021
   2.2217330357795329E-004   2.5497902375609788E-005   1.5420538901745158E-043   8.5245354211371502E-021
   2.2184975027409506E-004   2.5497902375609788E-005   8.9595565197977838E-044   8.5185539659427499E-021
   2.2152651125219747E-004   2.5497902375609788E-005   5.2083483634028566E-044   8.5125745191380544E-021
   2.2120358635954805E-004   2.5497902375609788E-005   3.0292069630039407E-044   8.5065970809569271E-021
   2.2088097544343456E-004   2.5497902375609788E-005   1.7626371093401683E-044   8.5006216516334560E-021
   2.2055867835114469E-004   2.5497902375609788E-005   1.0261060397443141E-044   8.4946482314019618E-021
   2.2023669492996609E-004   2.5497902375609788E-005   5.9759633557344116E-045   8.4886768204970095E-021
   2.1991502502718646E-004   2.5497902375609788E-005   3.4817815993585030E-045   8.4827074191533878E-021
   2.1959366849009349E-004   2.5497902375609788E-005   2.0293883768700610E-045   8.4767400276061295E-021
   2.1927262516597474E-004   2.5497902375609788E-005   1.1832908198988761E-045   8.4707746460904960E-021
   2.1895189490211806E-004   2.5497902375609788E-005   6.9019789232511674E-046   8.4648112748419892E-021
   2.1863147754581103E-004   2.5497902375609788E-005   4.0272180455590699E-046   8.4588499140963462E-021
   2.1831137294434129E-004   2.5497902375609788E-005   2.3506070814202844E-046   8.4528905640895473E-021
   2.1799158094499660E-004   2.5497902375609788E-005   1.3724379300490299E-046   8.4469332250577961E-021
   2.1767210139506465E-004   2.5497902375609788E-005   8.0156349153081542E-047   8.4409778972375514E-021
   2.1735293414183301E-004   2.5497902375609788E-005   4.6828560357782540E-047   8.4350245808655010E-021
   2.1703407903258943E-004   2.5497902375609788E-005   2.7365714538444091E-047   8.4290732761785736E-021
   2.1671553591462160E-004   2.5497902375609788E-005   1.5996377291033237E-047   8.4231239834139412E-021
   2.1639730463521713E-004   2.5497902375609788E-005   9.3530097535404326E-048   8.4171767028090094E-021
   2.1607938504166374E-004   2.5497902375609788E-005   5.4700632565557195E-048   8.4112314346014304E-021
   2.1576177698124911E-004   2.5497902375609788E-005   3.1999344854757037E-048   8.4052881790290942E-021
   2.1544448030126097E-004   2.5497902375609788E-005   1.8723817615989745E-048   8.3993469363301344E-021
   2.1512749484898689E-004   2.5497902375609788E-005   1.0958454684561295E-048   8.3934077067429272E-021
   2.1481082047171464E-004   2.5497902375609788E-005   6.4150944787911785E-049   8.3874704905060921E-021
   2.1449445701673183E-004   2.5497902375609788E-005   3.7562375149579888E-049   8.3815352878584896E-021
   2.1417840433132613E-004   2.5497902375609788E-005   2.1998693286778037E-049   8.3756020990392254E-021
   2.1386266226278532E-004   2.5497902375609788E-005   1.2886421822734542E-049   8.3696709242876475E-021
   2.1354723065839694E-004   2.5497902375609788E-005   7.5501807553127231E-050   8.3637417638433490E-021
   2.1323210936544877E-004   2.5497902375609788E-005   4.4245588396380551E-050   8.3578146179461746E-021
   2.1291729823122847E-004   2.5497902375609788E-005   2.5933935777471676E-050   8.3518894868362093E-021
   2.1260279710302364E-004   2.5497902375609788E-005   1.5203761715552030E-050   8.3459663707537807E-021
   2.1228860582812206E-004   2.5497902375609788E-005   8.9148963981555790E-051   8.3400452699394690E-021
   2.1197472425381133E-004   2.5497902375609788E-005   5.2283269142979305E-051   8.3341261846341057E-021
   2.1166115222737917E-004   2.5497902375609788E-005   3.0668252240987565E-051   8.3282091150787600E-021
   2.1134788959611327E-004   2.5497902375609788E-005   1.7992600570478059E-051   8.3222940615147541E-021
   2.1103493620730127E-004   2.5497902375609788E-005   1.0557870353535570E-051   8.3163810241836597E-021
   2.1072229190823079E-004   2.5497902375609788E-005   6.1963382827791647E-052   8.3104700033273044E-021
   2.1040995654618969E-004   2.5497902375609788E-005   3.6372180342552371E-052   8.3045609991877520E-021
   2.1009792996846548E-004   2.5497902375609788E-005   2.1353941910707733E-052   8.2986540120073282E-021
   2.0978621202234589E-004   2.5497902375609788E-005   1.2538928715721943E-052   8.2927490420286052E-021
   2.0947480255511863E-004   2.5497902375609788E-005   7.3640321683988046E-053   8.2868460894944023E-021
   2.0916370141407130E-004   2.5497902375609788E-005   4.3255671356980627E-053   8.2809451546478065E-021
   2.0885290844649166E-004   2.5497902375609788E-005   2.5412178422838394E-053   8.2750462377321348E-021
   2.0854242349966734E-004   2.5497902375609788E-005   1.4931779431348274E-053   8.2691493389909783E-021
   2.0823224642088601E-004   2.5497902375609788E-005   8.7750880986809591E-054   8.2632544586681703E-021
   2.0792237705743536E-004   2.5497902375609788E-005   5.1577598211708735E-054   8.2573615970078044E-021
   2.0761281525660306E-004   2.5497902375609788E-005   3.0320751053144484E-054   8.2514707542542178E-021
   2.0730356086567684E-004   2.5497902375609788E-005   1.7827380856730854E-054   8.2455819306520202E-021
   2.0699461373194431E-004   2.5497902375609788E-005   1.0483431221680337E-054   8.2396951264460650E-021
   2.0668597370269320E-004   2.5497902375609788E-005   6.1657694404538322E-055   8.2338103418814645E-021
   2.0637764062521113E-004   2.5497902375609788E-005   3.6269257722072019E-055   8.2279275772035850E-021
   2.0606961434678581E-004   2.5497902375609788E-005   2.1338174892125366E-055   8.2220468326580595E-021
   2.0576189471470491E-004   2.5497902375609788E-005   1.2555753339395618E-055   8.2161681084907734E-021
   2.0545448157625613E-004   2.5497902375609788E-005   7.3891569559135679E-056   8.2102914049478712E-021
   2.0514737477872716E-004   2.5497902375609788E-005   4.3492397720596263E-056   8.2044167222757531E-021
   2.0484057416940559E-004   2.5497902375609788E-005   2.5603415519260140E-056   8.1985440607210854E-021
   2.0453407959557915E-004   2.5497902375609788E-005   1.5074687682106326E-056   8.1926734205307906E-021
   2.0422789090453552E-004   2.5497902375609788E-005   8.8769627021838566E-057   8.1868048019520541E-021
   2.0392200794356238E-004   2.5497902375609788E-005   5.2281245442930695E-057   8.1809382052323189E-021
   2.0361643055994742E-004   2.5497902375609788E-005   3.0795888016129042E-057   8.1750736306192971E-021
   2.0331115860097829E-004   2.5497902375609788E-005   1.8142814057231873E-057   8.1692110783609599E-021
   2.0300619191394268E-004   2.5497902375609788E-005   1.0690094023952615E-057   8.1633505487055368E-021
   2.0270153034612824E-004   2.5497902375609788E-005   6.2997485736215725E-058   8.1574920419015257E-021
   2.0239717374482269E-004   2.5497902375609788E-005   3.7130397203828152E-058   8.1516355581976919E-021
   2.0209312195731375E-004   2.5497902375609788E-005   2.1887720804013461E-058   8.1457810978430627E-021
   2.0178937483088894E-004   2.5497902375609788E-005   1.2904344317632904E-058   8.1399286610869227E-021
   2.0148593221283606E-004   2.5497902375609788E-005   7.6091422119302884E-059   8.1340782481788377E-021
   2.0118279395044277E-004   2.5497902375609788E-005   4.4874510392352079E-059   8.1282298593686310E-021
   2.0087995989099676E-004   2.5497902375609788E-005   2.6468414337790404E-059   8.1223834949063876E-021
   2.0057742988178565E-004   2.5497902375609788E-005   1.5614217597849106E-059   8.1165391550424768E-021
   2.0027520377009718E-004   2.5497902375609788E-005   9.2124800622944786E-060   8.1106968400275194E-021
   1.9997328140321897E-004   2.5497902375609788E-005   5.4362179566224400E-060   8.1048565501124113E-021
   1.9967166262843872E-004   2.5497902375609788E-005   3.2083450386073235E-060   8.0990182855483254E-021
   1.9937034729304413E-004   2.5497902375609788E-005   1.8937782702999143E-060   8.0931820465866903E-021
   1.9906933524432285E-004   2.5497902375609788E-005   1.1179979201226037E-060   8.0873478334792191E-021
   1.9876862632956259E-004   2.5497902375609788E-005   6.6011047406105754E-061   8.0815156464778867E-021
   1.9846822039605098E-004   2.5497902375609788E-005   3.8981269094435845E-061   8.0756854858349431E-021
   1.9816811729107573E-004   2.5497902375609788E-005   2.3022846132795564E-061   8.0698573518029124E-021
   1.9786831686192450E-004   2.5497902375609788E-005   1.3599586466852815E-061   8.0640312446345850E-021
   1.9756881895588498E-004   2.5497902375609788E-005   8.0344475626117590E-062   8.0582071645830370E-021
   1.9726962342024481E-004   2.5497902375609788E-005   4.7473356631147631E-062   8.0523851119016035E-021
   1.9697073010229173E-004   2.5497902375609788E-005   2.8054816863553974E-062   8.0465650868439070E-021
   1.9667213884931340E-004   2.5497902375609788E-005   1.6581678707791299E-062   8.0407470896638450E-021
   1.9637384950859746E-004   2.5497902375609788E-005   9.8019638476758804E-063   8.0349311206155803E-021
   1.9607586192743162E-004   2.5497902375609788E-005   5.7951038783808462E-063   8.0291171799535643E-021
   1.9577817595310356E-004   2.5497902375609788E-005   3.4266746363943578E-063   8.0233052679325117E-021
   1.9548079143290090E-004   2.5497902375609788E-005   2.0265065916485620E-063   8.0174953848074352E-021
   1.9518370821411141E-004   2.5497902375609788E-005   1.1986342110168076E-063   8.0116875308336079E-021
   1.9488692614402268E-004   2.5497902375609788E-005   7.0906950571375696E-064   8.0058817062665885E-021
   1.9459044506992245E-004   2.5497902375609788E-005   4.1952170425458644E-064   8.0000779113622143E-021
   1.9429426483909837E-004   2.5497902375609788E-005   2.4824673380178013E-064   7.9942761463766069E-021
   1.9399838529883810E-004   2.5497902375609788E-005   1.4691838080252046E-064   7.9884764115661678E-021
   1.9370280629642939E-004   2.5497902375609788E-005   8.6962537618181084E-065   7.9826787071875753E-021
   1.9340752767915982E-004   2.5497902375609788E-005   5.1481566900909230E-065   7.9768830334977875E-021
   1.9311254929431709E-004   2.5497902375609788E-005   3.0481391751029227E-065   7.9710893907540620E-021
   1.9281787098918892E-004   2.5497902375609788E-005   1.8050170764546705E-065   7.9652977792139198E-021
   1.9252349261106297E-004   2.5497902375609788E-005   1.0690335317659489E-065   7.9595081991351782E-021
   1.9222941400722692E-004   2.5497902375609788E-005   6.3323489026372419E-066   7.9537206507759313E-021
   1.9193563502496844E-004   2.5497902375609788E-005   3.7514731723639551E-066   7.9479351343945713E-021
   1.9164215551157519E-004   2.5497902375609788E-005   2.2228101030086534E-066   7.9421516502497595E-021
   1.9134897531433489E-004   2.5497902375609788E-005   1.3172445007002929E-066   7.9363701986004568E-021
   1.9105609428053514E-004   2.5497902375609788E-005   7.8071756300650464E-067   7.9305907797059040E-021
   1.9076351225746370E-004   2.5497902375609788E-005   4.6279114052971521E-067   7.9248133938256335E-021
   1.9047122909240821E-004   2.5497902375609788E-005   2.7437192142102709E-067   7.9190380412194669E-021
   1.9017924463265637E-004   2.5497902375609788E-005   1.6268887045562395E-067   7.9132647221475116E-021
   1.8988755872549579E-004   2.5497902375609788E-005   9.6480508676358771E-068   7.9074934368701653E-021
   1.8959617121821427E-004   2.5497902375609788E-005   5.7224880909725107E-068   7.9017241856481192E-021
   1.8930508195809934E-004   2.5497902375609788E-005   3.3946405462748169E-068   7.8959569687423549E-021
   1.8901429079243878E-004   2.5497902375609788E-005   2.0140316279963670E-068   7.8901917864141413E-021
   1.8872379756852028E-004   2.5497902375609788E-005   1.1950948808925802E-068   7.8844286389250437E-021
   1.8843360213363137E-004   2.5497902375609788E-005   7.0925451005572649E-069   7.8786675265369225E-021
   1.8814370433505991E-004   2.5497902375609788E-005   4.2098387290252862E-069   7.8729084495119268E-021
   1.8785410402009350E-004   2.5497902375609788E-005   2.4991507772988085E-069   7.8671514081125022E-021
   1.8756480103601978E-004   2.5497902375609788E-005   1.4838264820111976E-069   7.8613964026013906E-021
   1.8727579523012647E-004   2.5497902375609788E-005   8.8112485184397008E-070   7.8556434332416274E-021
   1.8698708644970127E-004   2.5497902375609788E-005   5.2330570707243787E-070   7.8498925002965490E-021
   1.8669867454203180E-004   2.5497902375609788E-005   3.1084020998427286E-070   7.8441436040297806E-021
   1.8641055935440576E-004   2.5497902375609788E-005   1.8466416763759982E-070   7.8383967447052527E-021
   1.8612274073411084E-004   2.5497902375609788E-005   1.0972151694972594E-070   7.8326519225871926E-021
   1.8583521852843471E-004   2.5497902375609788E-005   6.5202570902208111E-071   7.8269091379401220E-021
   1.8554799258466503E-004   2.5497902375609788E-005   3.8752649315100616E-071   7.8211683910288699E-021
   1.8526106275008954E-004   2.5497902375609788E-005   2.3035723302656911E-071   7.8154296821185587E-021
   1.8497442887199583E-004   2.5497902375609788E-005   1.3695128153468416E-071   7.8096930114746161E-021
   1.8468809079767162E-004   2.5497902375609788E-005   8.1431822695198374E-072   7.8039583793627693E-021
   1.8440204837440457E-004   2.5497902375609788E-005   4.8426829265293010E-072   7.7982257860490538E-021
   1.8411630144948238E-004   2.5497902375609788E-005   2.8803267195839912E-072   7.7924952317998018E-021
   1.8383084987019273E-004   2.5497902375609788E-005   1.7134101191167927E-072   7.7867667168816492E-021
   1.8354569348382326E-004   2.5497902375609788E-005   1.0194003387436183E-072   7.7810402415615374E-021
   1.8326083213766168E-004   2.5497902375609788E-005   6.0658561629819503E-073   7.7753158061067163E-021
   1.8297626567899565E-004   2.5497902375609788E-005   3.6099679545412919E-073   7.7695934107847381E-021
   1.8269199395511289E-004   2.5497902375609788E-005   2.1487134713083511E-073   7.7638730558634682E-021
   1.8240801681330103E-004   2.5497902375609788E-005   1.2791385987170951E-073   7.7581547416110682E-021
   1.8212433410084774E-004   2.5497902375609788E-005   7.6158898845885599E-074   7.7524384682960172E-021
   1.8184094566504072E-004   2.5497902375609788E-005   4.5351084721439554E-074   7.7467242361870999E-021
   1.8155785135316767E-004   2.5497902375609788E-005   2.7009633429071537E-074   7.7410120455534092E-021
   1.8127505101251621E-004   2.5497902375609788E-005   1.6088431502994824E-074   7.7353018966643527E-021
   1.8099254449037408E-004   2.5497902375609788E-005   9.5845724250851846E-075   7.7295937897896389E-021
   1.8071033163402891E-004   2.5497902375609788E-005   5.7107851292257854E-075   7.7238877251993011E-021
   1.8042841229076839E-004   2.5497902375609788E-005   3.4031645800158670E-075   7.7181837031636737E-021
   1.8014678630788017E-004   2.5497902375609788E-005   2.0283091888969686E-075   7.7124817239534130E-021
   1.7986545353265200E-004   2.5497902375609788E-005   1.2090644567251770E-075   7.7067817878394825E-021
   1.7958441381237152E-004   2.5497902375609788E-005   7.2082336913522440E-076   7.7010838950931642E-021
   1.7930366699432638E-004   2.5497902375609788E-005   4.2980591392282406E-076   7.6953880459860536E-021
   1.7902321292580426E-004   2.5497902375609788E-005   2.5631856211597868E-076   7.6896942407900587E-021
   1.7874305145409284E-004   2.5497902375609788E-005   1.5288042776516791E-076   7.6840024797774128E-021
   1.7846318242647989E-004   2.5497902375609788E-005   9.1198542496671436E-077   7.6783127632206621E-021
   1.7818360569025294E-004   2.5497902375609788E-005   5.4411174546655917E-077   7.6726250913926657E-021
   1.7790432109269976E-004   2.5497902375609788E-005   3.2467774170212489E-077   7.6669394645666107E-021
   1.7762532848110800E-004   2.5497902375609788E-005   1.9376760093409582E-077   7.6612558830159973E-021
   1.7734662770276535E-004   2.5497902375609788E-005   1.1565756790122216E-077   7.6555743470146460E-021
   1.7706821860495947E-004   2.5497902375609788E-005   6.9044837866293620E-078   7.6498948568367100E-021
   1.7679010103497804E-004   2.5497902375609788E-005   4.1224239799241733E-078   7.6442174127566463E-021
   1.7651227484010877E-004   2.5497902375609788E-005   2.4617185490602415E-078   7.6385420150492445E-021
   1.7623473986763926E-004   2.5497902375609788E-005   1.4702407608723762E-078   7.6328686639896192E-021
   1.7595749596485723E-004   2.5497902375609788E-005   8.7821905542518208E-079   7.6271973598532069E-021
   1.7568054297905042E-004   2.5497902375609788E-005   5.2466441251464682E-079   7.6215281029157662E-021
   1.7540388075750642E-004   2.5497902375609788E-005   3.1349074989853998E-079   7.6158608934533837E-021
   1.7512750914751296E-004   2.5497902375609788E-005   1.8734074541153643E-079   7.6101957317424755E-021
   1.7485142799635766E-004   2.5497902375609788E-005   1.1197064112128832E-079   7.6045326180597766E-021
   1.7457563715132823E-004   2.5497902375609788E-005   6.6933034011859641E-080   7.5988715526823576E-021
   1.7430013645971235E-004   2.5497902375609788E-005   4.0016702818310276E-080   7.5932125358876187E-021
   1.7402492576879775E-004   2.5497902375609788E-005   2.3928008489704189E-080   7.5875555679532819E-021
   1.7375000492587199E-004   2.5497902375609788E-005   1.4309889688339468E-080   7.5819006491574065E-021
   1.7347537377822284E-004   2.5497902375609788E-005   8.5591475938143598E-081   7.5762477797783764E-021
   1.7320103217313793E-004   2.5497902375609788E-005   5.1202275341514921E-081   7.5705969600949176E-021
   1.7292697995790495E-004   2.5497902375609788E-005   3.0634622982240591E-081   7.5649481903860760E-021
   1.7265321697981157E-004   2.5497902375609788E-005   1.8331599947066486E-081   7.5593014709312365E-021
   1.7237974308614552E-004   2.5497902375609788E-005   1.0971165646522535E-081   7.5536568020101223E-021
   1.7210655812419443E-004   2.5497902375609788E-005   6.5670415137765737E-082   7.5480141839027893E-021
   1.7183366194124596E-004   2.5497902375609788E-005   3.9314373344119910E-082   7.5423736168896211E-021
   1.7156105438458777E-004   2.5497902375609788E-005   2.3539518657598486E-082   7.5367351012513523E-021
   1.7128873530150763E-004   2.5497902375609788E-005   1.4096407351063648E-082   7.5310986372690421E-021
   1.7101670453929316E-004   2.5497902375609788E-005   8.4427507011444381E-083   7.5254642252240961E-021
   1.7074496194523204E-004   2.5497902375609788E-005   5.0573634911372526E-083   7.5198318653982492E-021
   1.7047350736661192E-004   2.5497902375609788E-005   3.0299054070617451E-083   7.5142015580735914E-021
   1.7020234065072054E-004   2.5497902375609788E-005   1.8155101739985347E-083   7.5085733035325393E-021
   1.6993146164484552E-004   2.5497902375609788E-005   1.0880103782289547E-083   7.5029471020578571E-021
   1.6966087019627457E-004   2.5497902375609788E-005   6.5212693955643954E-084   7.4973229539326519E-021
   1.6939056615229535E-004   2.5497902375609788E-005   3.9092731404482198E-084   7.4917008594403664E-021
   1.6912054936019555E-004   2.5497902375609788E-005   2.3438222834069521E-084   7.4860808188647955E-021
   1.6885081966726279E-004   2.5497902375609788E-005   1.4054588990715835E-084   7.4804628324900801E-021
   1.6858137692078484E-004   2.5497902375609788E-005   8.4290076194622117E-085   7.4748469006006964E-021
   1.6831222096804933E-004   2.5497902375609788E-005   5.0559129445986029E-085   7.4692330234814746E-021
   1.6804335165634395E-004   2.5497902375609788E-005   3.0331060209538045E-085   7.4636212014175907E-021
   1.6777476883295638E-004   2.5497902375609788E-005   1.8198704618731128E-085   7.4580114346945728E-021
   1.6750647234517425E-004   2.5497902375609788E-005   1.0920895730410695E-085   7.4524037235982861E-021
   1.6723846204028529E-004   2.5497902375609788E-005   6.5545210607189162E-086   7.4467980684149554E-021
   1.6697073776557715E-004   2.5497902375609788E-005   3.9344914195287051E-086   7.4411944694311515E-021
   1.6670329936833750E-004   2.5497902375609788E-005   2.3621158670301390E-086   7.4355929269337975E-021
   1.6643614669585409E-004   2.5497902375609788E-005   1.4183348200919017E-086   7.4299934412101772E-021
   1.6616927959541448E-004   2.5497902375609788E-005   8.5176801002635561E-087   7.4243960125479104E-021
   1.6590269791430645E-004   2.5497902375609788E-005   5.1159806852216337E-087   7.4188006412349836E-021
   1.6563640149981762E-004   2.5497902375609788E-005   3.0732755192999929E-087   7.4132073275597343E-021
   1.6537039019923566E-004   2.5497902375609788E-005   1.8464567724510732E-087   7.4076160718108593E-021
   1.6510466385984829E-004   2.5497902375609788E-005   1.1095371796059201E-087   7.4020268742774016E-021
   1.6483922232894316E-004   2.5497902375609788E-005   6.6682160060243131E-088   7.3964397352487683E-021
   1.6457406545380797E-004   2.5497902375609788E-005   4.0081370552657726E-088   7.3908546550147290E-021
   1.6430919308173036E-004   2.5497902375609788E-005   2.4095757834302234E-088   7.3852716338654025E-021
   1.6404460505999803E-004   2.5497902375609788E-005   1.4487843877409000E-088   7.3796906720912793E-021
   1.6378030123589865E-004   2.5497902375609788E-005   8.7122852184322946E-089   7.3741117699831974E-021
   1.6351628145671991E-004   2.5497902375609788E-005   5.2399312709943292E-089   7.3685349278323693E-021
   1.6325254556974949E-004   2.5497902375609788E-005   3.1519861020221344E-089   7.3629601459303569E-021
   1.6298909342227506E-004   2.5497902375609788E-005   1.8963051006301957E-089   7.3573874245690995E-021
   1.6272592486158427E-004   2.5497902375609788E-005   1.1410307994046834E-089   7.3518167640408900E-021
   1.6246303973496481E-004   2.5497902375609788E-005   6.8667585198403401E-090   7.3462481646383916E-021
   1.6220043788970438E-004   2.5497902375609788E-005   4.1330575741720225E-090   7.3406816266546286E-021
   1.6193811917309065E-004   2.5497902375609788E-005   2.4880346618624192E-090   7.3351171503829997E-021
   1.6167608343241129E-004   2.5497902375609788E-005   1.4979823892919754E-090   7.3295547361172664E-021
   1.6141433051495400E-004   2.5497902375609788E-005   9.0203277525638479E-091   7.3239943841515590E-021
   1.6115286026800637E-004   2.5497902375609788E-005   5.4325442908268173E-091   7.3184360947803822E-021
   1.6089167253885620E-004   2.5497902375609788E-005   3.2722735371921601E-091   7.3128798682986033E-021
   1.6063076717479107E-004   2.5497902375609788E-005   1.9713389833766846E-091   7.3073257050014675E-021
   1.6037014402309874E-004   2.5497902375609788E-005   1.1877866084284359E-091   7.3017736051845914E-021
   1.6010980293106679E-004   2.5497902375609788E-005   7.1578231214836703E-092   7.2962235691439634E-021
   1.5984974374598301E-004   2.5497902375609788E-005   4.3140874284114183E-092   7.2906755971759465E-021
   1.5958996631513500E-004   2.5497902375609788E-005   2.6005330845167735E-092   7.2851296895772768E-021
   1.5933047048581042E-004   2.5497902375609788E-005   1.5678384272440152E-092   7.2795858466450742E-021
   1.5907125610529701E-004   2.5497902375609788E-005   9.4537850853121721E-093   7.2740440686768272E-021
   1.5881232302088240E-004   2.5497902375609788E-005   5.7013232344988994E-093   7.2685043559704019E-021
   1.5855367107985434E-004   2.5497902375609788E-005   3.4388334281518492E-093   7.2629667088240525E-021
   1.5829530012950038E-004   2.5497902375609788E-005   2.0744939466647672E-093   7.2574311275364006E-021
   1.5803721001710831E-004   2.5497902375609788E-005   1.2516381135015685E-093   7.2518976124064649E-021
   1.5777940058996578E-004   2.5497902375609788E-005   7.5528521121741607E-094   7.2463661637336281E-021
   1.5752187169536041E-004   2.5497902375609788E-005   4.5583618412531340E-094   7.2408367818176657E-021
   1.5726462318057995E-004   2.5497902375609788E-005   2.7515172772143128E-094   7.2353094669587340E-021
   1.5700765489291200E-004   2.5497902375609788E-005   1.6611212867958696E-094   7.2297842194573758E-021
   1.5675096667964436E-004   2.5497902375609788E-005   1.0029888703442109E-094   7.2242610396145161E-021
   1.5649455838806460E-004   2.5497902375609788E-005   6.0569860598874884E-095   7.2187399277314698E-021
   1.5623842986546045E-004   2.5497902375609788E-005   3.6583288629908862E-095   7.2132208841099396E-021
   1.5598258095911953E-004   2.5497902375609788E-005   2.2099102750672112E-095   7.2077039090520109E-021
   1.5572701151632957E-004   2.5497902375609788E-005   1.3351568442666103E-095   7.2021890028601644E-021
   1.5547172138437822E-004   2.5497902375609788E-005   8.0678106769040673E-096   7.1966761658372676E-021
   1.5521671041055318E-004   2.5497902375609788E-005   4.8757889208703598E-096   7.1911653982865867E-021
   1.5496197844214212E-004   2.5497902375609788E-005   2.9471341122530913E-096   7.1856567005117643E-021
   1.5470752532643269E-004   2.5497902375609788E-005   1.7816431683296336E-096   7.1801500728168581E-021
   1.5445335091071263E-004   2.5497902375609788E-005   1.0772274168768954E-096   7.1746455155062987E-021
   1.5419945504226956E-004   2.5497902375609788E-005   6.5141826677022906E-097   7.1691430288849264E-021
   1.5394583756839114E-004   2.5497902375609788E-005   3.9398378622873833E-097   7.1636426132579695E-021
   1.5369249833636510E-004   2.5497902375609788E-005   2.3832119508977088E-097   7.1581442689310625E-021
   1.5343943719347912E-004   2.5497902375609788E-005   1.4418261821959737E-097   7.1526479962102281E-021
   1.5318665398702079E-004   2.5497902375609788E-005   8.7242697980470629E-098   7.1471537954018938E-021
   1.5293414856427793E-004   2.5497902375609788E-005   5.2797240892575939E-098   7.1416616668128889E-021
   1.5268192077253810E-004   2.5497902375609788E-005   3.1956510225704721E-098   7.1361716107504399E-021
   1.5242997045908903E-004   2.5497902375609788E-005   1.9345210702881074E-098   7.1306836275221733E-021
   1.5217829747121839E-004   2.5497902375609788E-005   1.1712607773576262E-098   7.1251977174361282E-021
   1.5192690165621381E-004   2.5497902375609788E-005   7.0925070043578243E-099   7.1197138808007392E-021
   1.5167578286136302E-004   2.5497902375609788E-005   4.2954829905692718E-099   7.1142321179248533E-021
   1.5142494093395371E-004   2.5497902375609788E-005   2.6018982581918481E-099   7.1087524291177161E-021
   1.5117437572127352E-004   2.5497902375609788E-005   1.5762848921080899E-099   7.1032748146889871E-021
   1.5092408707061014E-004   2.5497902375609788E-005   9.5509205258364546E-100   7.0977992749487304E-021
   1.5067407482925122E-004   2.5497902375609788E-005   5.7879115340624243E-100   7.0923258102074241E-021
   1.5042433884448450E-004   2.5497902375609788E-005   3.5080412563810524E-100   7.0868544207759478E-021
   1.5017487896359759E-004   2.5497902375609788E-005   2.1265405777838854E-100   7.0813851069656071E-021
   1.4992569503387821E-004   2.5497902375609788E-005   1.2892847620000619E-100   7.0759178690881061E-021
   1.4967678690261401E-004   2.5497902375609788E-005   7.8179022993426642E-101   7.0704527074555704E-021
   1.4942815441709270E-004   2.5497902375609788E-005   4.7413046395426465E-101   7.0649896223805349E-021
   1.4917979742460193E-004   2.5497902375609788E-005   2.8758864531914715E-101   7.0595286141759585E-021
   1.4893171577242938E-004   2.5497902375609788E-005   1.7446643293214880E-101   7.0540696831552083E-021
   1.4868390930786272E-004   2.5497902375609788E-005   1.0585669250612232E-101   7.0486128296320737E-021
   1.4843637787818968E-004   2.5497902375609788E-005   6.4237860875956132E-102   7.0431580539207643E-021
   1.4818912133069786E-004   2.5497902375609788E-005   3.8987927690026358E-102   7.0377053563359064E-021
   1.4794213951267501E-004   2.5497902375609788E-005   2.3666584399424178E-102   7.0322547371925504E-021
   1.4769543227140873E-004   2.5497902375609788E-005   1.4368366180120323E-102   7.0268061968061651E-021
   1.4744899945418676E-004   2.5497902375609788E-005   8.7246011324253335E-103   7.0213597354926468E-021
   1.4720284090829675E-004   2.5497902375609788E-005   5.2984664061817071E-103   7.0159153535683099E-021
   1.4695695648102639E-004   2.5497902375609788E-005   3.2182606796229160E-103   7.0104730513499066E-021
   1.4671134601966331E-004   2.5497902375609788E-005   1.9550537547712143E-103   7.0050328291546030E-021
   1.4646600937149524E-004   2.5497902375609788E-005   1.1878528840493475E-103   6.9995946872999985E-021
   1.4622094638380988E-004   2.5497902375609788E-005   7.2182696120446283E-104   6.9941586261041198E-021
   1.4597615690389485E-004   2.5497902375609788E-005   4.3870244204821725E-104   6.9887246458854270E-021
   1.4573164077903784E-004   2.5497902375609788E-005   2.6666961480041663E-104   6.9832927469628073E-021
   1.4548739785652650E-004   2.5497902375609788E-005   1.6212260163678629E-104   6.9778629296555785E-021
   1.4524342798364861E-004   2.5497902375609788E-005   9.8578036665598821E-105   6.9724351942834991E-021
   1.4499973100769173E-004   2.5497902375609788E-005   5.9949194633104953E-105   6.9670095411667504E-021
   1.4475630677594360E-004   2.5497902375609788E-005   3.6463063255240950E-105   6.9615859706259652E-021
   1.4451315513569189E-004   2.5497902375609788E-005   2.2181431865730189E-105   6.9561644829821961E-021
   1.4427027593422425E-004   2.5497902375609788E-005   1.3495614151358655E-105   6.9507450785569453E-021
   1.4402766901882840E-004   2.5497902375609788E-005   8.2122544533199556E-106   6.9453277576721486E-021
   1.4378533423679198E-004   2.5497902375609788E-005   4.9980296774507567E-106   6.9399125206501812E-021
   1.4354327143540268E-004   2.5497902375609788E-005   3.0422995464191433E-106   6.9344993678138666E-021
   1.4330148046194817E-004   2.5497902375609788E-005   1.8521316096833671E-106   6.9290882994864599E-021
   1.4305996116371615E-004   2.5497902375609788E-005   1.1277386472778342E-106   6.9236793159916724E-021
   1.4281871338799428E-004   2.5497902375609788E-005   6.8677084963228224E-107   6.9182724176536443E-021
   1.4257773698207025E-004   2.5497902375609788E-005   4.1829438166926309E-107   6.9128676047969713E-021
   1.4233703179323168E-004   2.5497902375609788E-005   2.5481149685853872E-107   6.9074648777467023E-021
   1.4209659766876634E-004   2.5497902375609788E-005   1.5524686401966313E-107   6.9020642368283195E-021
   1.4185643445596184E-004   2.5497902375609788E-005   9.4600515492904491E-108   6.8966656823677684E-021
   1.4161654200210591E-004   2.5497902375609788E-005   5.7654211833898730E-108   6.8912692146914340E-021
   1.4137692015448613E-004   2.5497902375609788E-005   3.5142727578922945E-108   6.8858748341261587E-021
   1.4113756876039027E-004   2.5497902375609788E-005   2.1424307969000819E-108   6.8804825409992392E-021
   1.4089848766710600E-004   2.5497902375609788E-005   1.3063064452070606E-108   6.8750923356384221E-021
   1.4065967672192097E-004   2.5497902375609788E-005   7.9661831551345030E-109   6.8697042183719130E-021
   1.4042113577212282E-004   2.5497902375609788E-005   4.8587267547014726E-109   6.8643181895283703E-021
   1.4018286466499933E-004   2.5497902375609788E-005   2.9638870937785547E-109   6.8589342494369129E-021
   1.3994486324783807E-004   2.5497902375609788E-005   1.8082890265849495E-109   6.8535523984271170E-021
   1.3970713136792680E-004   2.5497902375609788E-005   1.1034205547620298E-109   6.8481726368290194E-021
   1.3946966887255316E-004   2.5497902375609788E-005   6.7341276571135191E-110   6.8427949649731246E-021
   1.3923247560900477E-004   2.5497902375609788E-005   4.1104435899969512E-110   6.8374193831903841E-021
   1.3899555142456944E-004   2.5497902375609788E-005   2.5093609359490164E-110   6.8320458918122280E-021
   1.3875889616653473E-004   2.5497902375609788E-005   1.5321619984295785E-110   6.8266744911705481E-021
   1.3852250968218838E-004   2.5497902375609788E-005   9.3564989618359186E-111   6.8213051815976997E-021
   1.3828639181881800E-004   2.5497902375609788E-005   5.7146444510372882E-111   6.8159379634265001E-021
   1.3805054242371138E-004   2.5497902375609788E-005   3.4908583830656824E-111   6.8105728369902481E-021
   1.3781496134415610E-004   2.5497902375609788E-005   2.1327622318549569E-111   6.8052098026227042E-021
   1.3757964842743987E-004   2.5497902375609788E-005   1.3032263952332666E-111   6.7998488606581046E-021
   1.3734460352085034E-004   2.5497902375609788E-005   7.9646102702358846E-112   6.7944900114311518E-021
   1.3710982647167525E-004   2.5497902375609788E-005   4.8682900780098342E-112   6.7891332552770283E-021
   1.3687531712720222E-004   2.5497902375609788E-005   2.9761556673957627E-112   6.7837785925313908E-021
   1.3664107533471897E-004   2.5497902375609788E-005   1.8197098084856686E-112   6.7784260235303665E-021
   1.3640710094151313E-004   2.5497902375609788E-005   1.1127970017891138E-112   6.7730755486105674E-021
   1.3617339379487237E-004   2.5497902375609788E-005   6.8060807334375706E-113   6.7677271681090809E-021
   1.3593995374208443E-004   2.5497902375609788E-005   4.1633757196174321E-113   6.7623808823634766E-021
   1.3570678063043695E-004   2.5497902375609788E-005   2.5471908953764111E-113   6.7570366917118005E-021
   1.3547387430721760E-004   2.5497902375609788E-005   1.5586362866228646E-113   6.7516945964925887E-021
   1.3524123461971412E-004   2.5497902375609788E-005   9.5388384383212098E-114   6.7463545970448578E-021
   1.3500886141521411E-004   2.5497902375609788E-005   5.8386661744687091E-114   6.7410166937081054E-021
   1.3477675454100525E-004   2.5497902375609788E-005   3.5743679706482756E-114   6.7356808868223229E-021
   1.3454491384437523E-004   2.5497902375609788E-005   2.1885292614365251E-114   6.7303471767279876E-021
   1.3431333917261176E-004   2.5497902375609788E-005   1.3402103251974446E-114   6.7250155637660645E-021
   1.3408203037300250E-004   2.5497902375609788E-005   8.2084486563364361E-115   6.7196860482780072E-021
   1.3385098729283511E-004   2.5497902375609788E-005   5.0282487933243024E-115   6.7143586306057708E-021
   1.3362020977939726E-004   2.5497902375609788E-005   3.0806332343979182E-115   6.7090333110917892E-021
   1.3338969767997668E-004   2.5497902375609788E-005   1.8876906370359185E-115   6.7037100900790053E-021
   1.3315945084186101E-004   2.5497902375609788E-005   1.1568825090067982E-115   6.6983889679108468E-021
   1.3292946911233790E-004   2.5497902375609788E-005   7.0911278730920004E-116   6.6930699449312465E-021
   1.3269975233869507E-004   2.5497902375609788E-005   4.3471940696053471E-116   6.6877530214846291E-021
   1.3247030036822016E-004   2.5497902375609788E-005   2.6654492052453354E-116   6.6824381979159273E-021
   1.3224111304820094E-004   2.5497902375609788E-005   1.6345547957836092E-116   6.6771254745705670E-021
   1.3201219022592497E-004   2.5497902375609788E-005   1.0025274434296398E-116   6.6718148517944829E-021
   1.3178353174867995E-004   2.5497902375609788E-005   6.1497971223401481E-117   6.6665063299341114E-021
   1.3155513746375362E-004   2.5497902375609788E-005   3.7730543582047500E-117   6.6611999093363960E-021
   1.3132700721843360E-004   2.5497902375609788E-005   2.3152245046762696E-117   6.6558955903487813E-021
   1.3109914086000760E-004   2.5497902375609788E-005   1.4208916265138600E-117   6.6505933733192308E-021
   1.3087153823576329E-004   2.5497902375609788E-005   8.7216090744898832E-118   6.6452932585962063E-021
   1.3064419919298829E-004   2.5497902375609788E-005   5.3542681357032910E-118   6.6399952465286885E-021
   1.3041712357897038E-004   2.5497902375609788E-005   3.2875432533177343E-118   6.6346993374661660E-021
   1.3019031124099719E-004   2.5497902375609788E-005   2.0188809718645607E-118   6.6294055317586449E-021
   1.2996376202635635E-004   2.5497902375609788E-005   1.2399890656819617E-118   6.6241138297566445E-021
   1.2973747578233559E-004   2.5497902375609788E-005   7.6171572050289107E-119   6.6188242318112032E-021
   1.2951145235622259E-004   2.5497902375609788E-005   4.6798930221522834E-119   6.6135367382738746E-021
   1.2928569159530501E-004   2.5497902375609788E-005   2.8757219824848468E-119   6.6082513494967292E-021
   1.2906019334687051E-004   2.5497902375609788E-005   1.7673633908879907E-119   6.6029680658323665E-021
   1.2883495745820683E-004   2.5497902375609788E-005   1.0863576311672343E-119   6.5976868876339035E-021
   1.2860998377660157E-004   2.5497902375609788E-005   6.6786365881042326E-120   6.5924078152549800E-021
   1.2838527214934246E-004   2.5497902375609788E-005   4.1064908061051849E-120   6.5871308490497647E-021
   1.2816082242371712E-004   2.5497902375609788E-005   2.5253522709460726E-120   6.5818559893729501E-021
   1.2793663444701328E-004   2.5497902375609788E-005   1.5532493241142261E-120   6.5765832365797595E-021
   1.2771270806651863E-004   2.5497902375609788E-005   9.5549516074345321E-121   6.5713125910259409E-021
   1.2748904312952076E-004   2.5497902375609788E-005   5.8787358304502192E-121   6.5660440530677853E-021
   1.2726563948330748E-004   2.5497902375609788E-005   3.6174917888373050E-121   6.5607776230620982E-021
   1.2704249697516635E-004   2.5497902375609788E-005   2.2263802475733157E-121   6.5555133013662329E-021
   1.2681961545238509E-004   2.5497902375609788E-005   1.3704377878197686E-121   6.5502510883380785E-021
   1.2659699476225139E-004   2.5497902375609788E-005   8.4369899153402437E-122   6.5449909843360519E-021
   1.2637463475205293E-004   2.5497902375609788E-005   5.1949811517169496E-122   6.5397329897191210E-021
   1.2615253526907733E-004   2.5497902375609788E-005   3.1992537315697803E-122   6.5344771048467793E-021
   1.2593069616061232E-004   2.5497902375609788E-005   1.9705237714693503E-122   6.5292233300790742E-021
   1.2570911727394560E-004   2.5497902375609788E-005   1.2139001838428466E-122   6.5239716657765879E-021
   1.2548779845636477E-004   2.5497902375609788E-005   7.4791561952600295E-123   6.5187221123004579E-021
   1.2526673955515758E-004   2.5497902375609788E-005   4.6088288175883338E-123   6.5134746700123581E-021
   1.2504594041761168E-004   2.5497902375609788E-005   2.8405139236306614E-123   6.5082293392745076E-021
   1.2482540089101479E-004   2.5497902375609788E-005   1.7509415907818595E-123   6.5029861204496885E-021
   1.2460512082265455E-004   2.5497902375609788E-005   1.0794805169828857E-123   6.4977450139012200E-021
   1.2438510005981855E-004   2.5497902375609788E-005   6.6562004584271256E-124   6.4925060199929779E-021
   1.2416533844979459E-004   2.5497902375609788E-005   4.1049364062759441E-124   6.4872691390894016E-021
   1.2394583583987033E-004   2.5497902375609788E-005   2.5319489910368446E-124   6.4820343715554692E-021
   1.2372659207733345E-004   2.5497902375609788E-005   1.5619674177042258E-124   6.4768017177567273E-021
   1.2350760700947152E-004   2.5497902375609788E-005   9.6373472993780333E-125   6.4715711780592772E-021
   1.2328888048357224E-004   2.5497902375609788E-005   5.9471869706370887E-125   6.4663427528297844E-021
   1.2307041234692348E-004   2.5497902375609788E-005   3.6705761576034763E-125   6.4611164424354718E-021
   1.2285220244681274E-004   2.5497902375609788E-005   2.2658203480221089E-125   6.4558922472441236E-021
   1.2263425063052769E-004   2.5497902375609788E-005   1.3988956315942496E-125   6.4506701676240942E-021
   1.2241655674535601E-004   2.5497902375609788E-005   8.6380116435513646E-126   6.4454502039443044E-021
   1.2219912063858552E-004   2.5497902375609788E-005   5.3347111308519751E-126   6.4402323565742425E-021
   1.2198194215750378E-004   2.5497902375609788E-005   3.2951614926900206E-126   6.4350166258839646E-021
   1.2176502114939842E-004   2.5497902375609788E-005   2.0356878987151840E-126   6.4298030122440948E-021
   1.2154835746155719E-004   2.5497902375609788E-005   1.2578081460665803E-126   6.4245915160258381E-021
   1.2133195094126782E-004   2.5497902375609788E-005   7.7729585176237305E-127   6.4193821376009750E-021
   1.2111580143581793E-004   2.5497902375609788E-005   4.8042661372809140E-127   6.4141748773418508E-021
   1.2089990879249511E-004   2.5497902375609788E-005   2.9698639027290941E-127   6.4089697356214010E-021
   1.2068427285858714E-004   2.5497902375609788E-005   1.8361782653463221E-127   6.4037667128131362E-021
   1.2046889348138171E-004   2.5497902375609788E-005   1.1354341793651805E-127   6.3985658092911451E-021
   1.2025377050816651E-004   2.5497902375609788E-005   7.0222766151006885E-128   6.3933670254301059E-021
   1.2003890378622905E-004   2.5497902375609788E-005   4.3437295017858596E-128   6.3881703616052697E-021
   1.1982429316285715E-004   2.5497902375609788E-005   2.6873021802315351E-128   6.3829758181924892E-021
   1.1960993848533854E-004   2.5497902375609788E-005   1.6627966879287442E-128   6.3777833955682017E-021
   1.1939583960096081E-004   2.5497902375609788E-005   1.0290363908183146E-128   6.3725930941094207E-021
   1.1918199635701158E-004   2.5497902375609788E-005   6.3692936847443465E-129   6.3674049141937631E-021
   1.1896840860077860E-004   2.5497902375609788E-005   3.9429456968427543E-129   6.3622188561994381E-021
   1.1875507617954964E-004   2.5497902375609788E-005   2.4412897063250691E-129   6.3570349205052512E-021
   1.1854199894061222E-004   2.5497902375609788E-005   1.5117739884344994E-129   6.3518531074905955E-021
   1.1832917673125406E-004   2.5497902375609788E-005   9.3631819752007244E-130   6.3466734175354682E-021
   1.1811660939876282E-004   2.5497902375609788E-005   5.8000151564953959E-130   6.3414958510204702E-021
   1.1790429679042628E-004   2.5497902375609788E-005   3.5933861035515902E-130   6.3363204083268014E-021
   1.1769223875353207E-004   2.5497902375609788E-005   2.2266284445284051E-130   6.3311470898362595E-021
   1.1748043513536775E-004   2.5497902375609788E-005   1.3799417585200960E-130   6.3259758959312500E-021
   1.1726888578322111E-004   2.5497902375609788E-005   8.5534814747495530E-131   6.3208068269947883E-021
   1.1705759054437985E-004   2.5497902375609788E-005   5.3026658556294082E-131   6.3156398834105033E-021
   1.1684654926613165E-004   2.5497902375609788E-005   3.2878712716857474E-131   6.3104750655626253E-021
   1.1663576179576403E-004   2.5497902375609788E-005   2.0389406029578306E-131   6.3053123738359936E-021
   1.1642522798056483E-004   2.5497902375609788E-005   1.2646303205435991E-131   6.3001518086160756E-021
   1.1621494766782172E-004   2.5497902375609788E-005   7.8449806219712951E-132   6.2949933702889426E-021
   1.1600492070482230E-004   2.5497902375609788E-005   4.8673149795825769E-132   6.2898370592412914E-021
   1.1579514693885427E-004   2.5497902375609788E-005   3.0203435328837074E-132   6.2846828758604288E-021
   1.1558562621720529E-004   2.5497902375609788E-005   1.8745307506123197E-132   6.2795308205342873E-021
   1.1537635838716313E-004   2.5497902375609788E-005   1.1635851093196492E-132   6.2743808936514317E-021
   1.1516734329601541E-004   2.5497902375609788E-005   7.2239232254325613E-133   6.2692330956010398E-021
   1.1495858079104974E-004   2.5497902375609788E-005   4.4855684900204960E-133   6.2640874267729159E-021
   1.1475007071955384E-004   2.5497902375609788E-005   2.7856804032693934E-133   6.2589438875575003E-021
   1.1454181292881549E-004   2.5497902375609788E-005   1.7302726156298192E-133   6.2538024783458606E-021
   1.1433380726612228E-004   2.5497902375609788E-005   1.0748979905762370E-133   6.2486631995296955E-021
   1.1412605357876180E-004   2.5497902375609788E-005   6.6786619462591524E-134   6.2435260515013358E-021
   1.1391855171402183E-004   2.5497902375609788E-005   4.1503162232133908E-134   6.2383910346537509E-021
   1.1371130151919009E-004   2.5497902375609788E-005   2.5795411095413832E-134   6.2332581493805521E-021
   1.1350430284155419E-004   2.5497902375609788E-005   1.6035159366563111E-134   6.2281273960759824E-021
   1.1329755552840177E-004   2.5497902375609788E-005   9.9695072086686302E-135   6.2229987751349290E-021
   1.1309105942702055E-004   2.5497902375609788E-005   6.1993150767895517E-135   6.2178722869529304E-021
   1.1288481438469829E-004   2.5497902375609788E-005   3.8555235227126959E-135   6.2127479319261550E-021
   1.1267882024872256E-004   2.5497902375609788E-005   2.3982400797664779E-135   6.2076257104514369E-021
   1.1247307686638101E-004   2.5497902375609788E-005   1.4920096468759717E-135   6.2025056229262391E-021
   1.1226758408496136E-004   2.5497902375609788E-005   9.2836830124539329E-136   6.1973876697486958E-021
   1.1206234175175140E-004   2.5497902375609788E-005   5.7774832582267955E-136   6.1922718513175797E-021
   1.1185734971403869E-004   2.5497902375609788E-005   3.5960591882824812E-136   6.1871581680323249E-021
   1.1165260781911082E-004   2.5497902375609788E-005   2.2386424399306763E-136   6.1820466202930194E-021
   1.1144811591425561E-004   2.5497902375609788E-005   1.3938383937303025E-136   6.1769372085004183E-021
   1.1124387384676073E-004   2.5497902375609788E-005   8.6798041330994471E-137   6.1718299330559275E-021
   1.1103988146391387E-004   2.5497902375609788E-005   5.4060151881375785E-137   6.1667247943616173E-021
   1.1083613861300257E-004   2.5497902375609788E-005   3.3675531221940737E-137   6.1616217928202281E-021
   1.1063264514131460E-004   2.5497902375609788E-005   2.0980775147126300E-137   6.1565209288351597E-021
   1.1042940089613771E-004   2.5497902375609788E-005   1.3073699749432215E-137   6.1514222028104946E-021
   1.1022640572475949E-004   2.5497902375609788E-005   8.1478947470047490E-138   6.1463256151509692E-021
   1.1002365947446756E-004   2.5497902375609788E-005   5.0788134713422091E-138   6.1412311662619987E-021
   1.0982116199254967E-004   2.5497902375609788E-005   3.1662783228714806E-138   6.1361388565496803E-021
   1.0961891312629357E-004   2.5497902375609788E-005   1.9742670967236567E-138   6.1310486864207803E-021
   1.0941691272298687E-004   2.5497902375609788E-005   1.2312117336706815E-138   6.1259606562827442E-021
   1.0921516062991713E-004   2.5497902375609788E-005   7.6794413013487778E-139   6.1208747665437014E-021
   1.0901365669437216E-004   2.5497902375609788E-005   4.7906734520321666E-139   6.1157910176124643E-021
   1.0881240076363970E-004   2.5497902375609788E-005   2.9890528927607255E-139   6.1107094098985293E-021
   1.0861139268500731E-004   2.5497902375609788E-005   1.8652658624648889E-139   6.1056299438120765E-021
   1.0841063230576264E-004   2.5497902375609788E-005   1.1641743263708035E-139   6.1005526197639814E-021
   1.0821011947319342E-004   2.5497902375609788E-005   7.2671721798978352E-140   6.0954774381658054E-021
   1.0800985403458738E-004   2.5497902375609788E-005   4.5371492174060436E-140   6.0904043994298103E-021
   1.0780983583723219E-004   2.5497902375609788E-005   2.8331585442432116E-140   6.0853335039689449E-021
   1.0761006472841538E-004   2.5497902375609788E-005   1.7694118067738878E-140   6.0802647521968612E-021
   1.0741054055542475E-004   2.5497902375609788E-005   1.1052415751617356E-140   6.0751981445279066E-021
   1.0721126316554802E-004   2.5497902375609788E-005   6.9048743259741171E-141   6.0701336813771386E-021
   1.0701223240607281E-004   2.5497902375609788E-005   4.3144420518492817E-141   6.0650713631603066E-021
   1.0681344812428674E-004   2.5497902375609788E-005   2.6962727454030545E-141   6.0600111902938728E-021
   1.0661491016747750E-004   2.5497902375609788E-005   1.6852849652401972E-141   6.0549531631950117E-021
   1.0641661838293291E-004   2.5497902375609788E-005   1.0535453568459830E-141   6.0498972822816041E-021
   1.0621857261794054E-004   2.5497902375609788E-005   6.5872404777296950E-142   6.0448435479722366E-021
   1.0602077271978797E-004   2.5497902375609788E-005   4.1193074994622425E-142   6.0397919606862241E-021
   1.0582321853576301E-004   2.5497902375609788E-005   2.5764121788493513E-142   6.0347425208435809E-021
   1.0562590991315336E-004   2.5497902375609788E-005   1.6116730154365369E-142   6.0296952288650658E-021
   1.0542884669924664E-004   2.5497902375609788E-005   1.0083446751527308E-142   6.0246500851721337E-021
   1.0523202874133048E-004   2.5497902375609788E-005   6.3097418466389545E-143   6.0196070901869719E-021
   1.0503545588669260E-004   2.5497902375609788E-005   3.9489779040589491E-143   6.0145662443324995E-021
   1.0483912798262075E-004   2.5497902375609788E-005   2.4718856171807429E-143   6.0095275480323573E-021
   1.0464304487640254E-004   2.5497902375609788E-005   1.5475426082499448E-143   6.0044910017109222E-021
   1.0444720641532559E-004   2.5497902375609788E-005   9.6900822037007957E-144   5.9994566057932893E-021
   1.0425161244667764E-004   2.5497902375609768E-005  -2.8353406926736510E-148   5.9944243607053056E-021
   8.5900681642462758E-005   2.5497902375609748E-005   6.7876644776611991E-154   4.6219986361772586E-021
   6.9840435682047577E-005   2.5497902375609727E-005   1.0560973848866047E-159   4.1974782546555331E-021
   5.5918162242512044E-005   2.5497902375609707E-005   2.8816393328694315E-165   3.7971544566285630E-021
   4.3981149000936187E-005   2.5497902375609687E-005   4.1063562499881818E-171   3.4222771894212011E-021
   3.3876683634399983E-005   2.5497902375609666E-005  -1.2266440837502928E-176   3.0746244968818870E-021
