   2.6223276502799812E-002   6.9637993198994726E-022   1.7197041982660379E-011   3.0321793585378397E-007
   2.5452053819999994E-002   7.3262319501689479E-022   2.0287839980825471E-011   3.0321793585378397E-007
   2.4696102369492174E-002   7.7310546652197936E-022   2.3519018637147840E-011   3.0321793585378397E-007
   2.3955269438953434E-002   8.1775044315450569E-022   2.6778940414685079E-011   3.0321793585378397E-007
   2.3229402316060854E-002   8.6633769246278273E-022   2.9956822623677742E-011   3.0321793585378397E-007
   2.2518348288491512E-002   9.1855733291825795E-022   3.2959279541183238E-011   3.0321793585378397E-007
   2.1821954643922493E-002   9.7407264123173592E-022   3.5721330762414140E-011   3.0321793585378397E-007
   2.1140068670030873E-002   1.0325719328432412E-021   3.8209607753594246E-011   3.0321793585378397E-007
   2.0472537654493733E-002   1.0937996086893301E-021   4.0418744773950125E-011   3.0321793585378397E-007
   1.9819208884988154E-002   1.1575654545900666E-021   4.2363878743708976E-011   3.0321793585378397E-007
   1.9179929649191213E-002   1.2237384252861087E-021   4.4072314634105207E-011   3.0321793585378397E-007
   1.8554547234779995E-002   1.2922326468142789E-021   4.5576412859834345E-011   3.0321793585378397E-007
   1.7942908929431574E-002   1.3629916186044436E-021   4.6908546013428357E-011   3.0321793585378397E-007
   1.7344862020823033E-002   1.4359744016057954E-021   4.8098103086777519E-011   3.0321793585378397E-007
   1.6760253796631455E-002   1.5111451102980076E-021   4.9170100580761191E-011   3.0321793585378397E-007
   1.6188931544533915E-002   1.5884657607867992E-021   5.0144870148751567E-011   3.0321793585378397E-007
   1.5630742552207495E-002   1.6678920523154260E-021   5.1038369540054035E-011   3.0321793585378397E-007
   1.5085534107329275E-002   1.7493712288365415E-021   5.1862791413502752E-011   3.0321793585378397E-007
   1.4553153497576335E-002   1.8328414956492879E-021   5.2627263637079567E-011   3.0321793585378397E-007
   1.4033448010625756E-002   1.9182323741498493E-021   5.3338524562549574E-011   3.0321793585378397E-007
   1.3526264934154616E-002   2.0054656092115715E-021   5.4001516729260966E-011   3.0321793585378397E-007
   1.3031451555839997E-002   2.0944564181946419E-021   5.4619878899847643E-011   3.0321793585378397E-007
   1.2548855163358977E-002   2.1851148116501434E-021   5.5196336574101834E-011   3.0321793585378397E-007
   1.2078323044388637E-002   2.2773469201601056E-021   5.5733001120929810E-011   3.0321793585378397E-007
   1.1619702486606057E-002   2.3710562431221724E-021   5.6231591603672013E-011   3.0321793585378397E-007
   1.1172840777688316E-002   2.4661447614026395E-021   5.6693593960107122E-011   3.0321793585378397E-007
   1.0737585205312497E-002   2.5625139412125074E-021   5.7120371088884589E-011   3.0321793585378397E-007
   1.0313783057155676E-002   2.6600655615189310E-021   5.7513235554536891E-011   3.0321793585378397E-007
   9.9012816208949375E-003   2.7587024037862152E-021   5.7873494588606392E-011   3.0321793585378397E-007
   9.4999281842073572E-003   2.8583288864018943E-021   5.8202475120519534E-011   3.0321793585378397E-007
   9.1095700347700176E-003   2.9588513970687783E-021   5.8501534848191141E-011   3.0321793585378397E-007
   8.7300544602599978E-003   3.0601788368184369E-021   5.8772063907149438E-011   3.0321793585378397E-007
   8.3612287483543768E-003   3.1622226125565229E-021   5.9015480515702142E-011   3.0321793585378397E-007
   8.0029401867302372E-003   3.2648968587662594E-021   5.9233223042485371E-011   3.0321793585378397E-007
   7.6550360630646573E-003   3.3681191420043405E-021   5.9426740224651127E-011   3.0321793585378397E-007
   7.3173636650347177E-003   3.4718096955465668E-021   5.9597480726611282E-011   3.0321793585378397E-007
   6.9897702803174977E-003   3.5758918158640631E-021   5.9746882829280925E-011   3.0321793585378397E-007
   6.6721031965900780E-003   3.6802918753189023E-021   5.9876364754113680E-011   3.0321793585378397E-007
   6.3642097015295385E-003   3.7849391946440785E-021   5.9987315921134215E-011   3.0321793585378397E-007
   6.0659370828129583E-003   3.8897659740157218E-021   6.0081089298644270E-011   3.0321793585378397E-007
   5.7771326281174182E-003   3.9947071871908204E-021   6.0158994904854129E-011   3.0321793585378397E-007
   5.4976436251199983E-003   4.0997004629615652E-021   6.0222294458286926E-011   3.0321793585378397E-007
   5.2273173614977783E-003   4.2046859525300242E-021   6.0272197130796820E-011   3.0321793585378397E-007
   4.9660011249278383E-003   4.3096061877952877E-021   6.0309856331721298E-011   3.0321793585378397E-007
   4.7135422030872582E-003   4.4144059335796375E-021   6.0336367437417539E-011   3.0321793585378397E-007
   4.4697878836531188E-003   4.5190320363699743E-021   6.0352766371301548E-011   3.0321793585378397E-007
   4.2345854543024983E-003   4.6234332750688085E-021   6.0360028940041150E-011   3.0321793585378397E-007
   4.0077822027124784E-003   4.7275601954069888E-021   6.0359070830133937E-011   3.0321793585378397E-007
   3.7892254165601390E-003   4.8313649791331862E-021   6.0350748174025872E-011   3.0321793585378397E-007
   3.5787623835225589E-003   4.9348013889999797E-021   6.0335858601798836E-011   3.0321793585378397E-007
   3.3762403912768191E-003   5.0378242138594213E-021   6.0315142696868510E-011   3.0321793585378397E-007
   3.1815067274999992E-003   5.1403897632989866E-021   6.0289285783711832E-011   3.0321793585378397E-007
   2.9944086798691792E-003   5.2424553034682697E-021   6.0258919981831615E-011   3.0321793585378397E-007
   2.8147935360614391E-003   5.3439790325372315E-021   6.0224626466590594E-011   3.0321793585378397E-007
   2.6425085837538591E-003   5.4449198864977065E-021   6.0186937883672638E-011   3.0321793585378397E-007
   2.4774011106235192E-003   5.5452378455575567E-021   6.0146340872080985E-011   3.0321793585378397E-007
   2.3193184043474994E-003   5.6448930915481958E-021   6.0103278653795772E-011   3.0321793585378397E-007
   2.1681077526028792E-003   5.7438462593535843E-021   6.0058153657268264E-011   3.0321793585378397E-007
   2.0236164430667393E-003   5.8420589924824170E-021   6.0011330142818097E-011   3.0321793585378397E-007
   1.8856917634161594E-003   5.9394921608967597E-021   5.9963136805517922E-011   3.0321793585378397E-007
   1.7541810013282195E-003   6.0361082632183058E-021   5.9913869336028805E-011   3.0321793585378397E-007
   1.6289314444799996E-003   6.1318679749702642E-021   5.9863792919620029E-011   3.0321793585378397E-007
   1.5097903805485796E-003   6.2267347476896377E-021   5.9813144659787979E-011   3.0321793585378397E-007
   1.3966050972110395E-003   6.3206689271046294E-021   5.9762135917389318E-011   3.0321793585378397E-007
   1.2892228821444595E-003   6.4136326351934402E-021   5.9710954553319065E-011   3.0321793585378397E-007
   1.1874910230259196E-003   6.5055872327786576E-021   5.9659767071158463E-011   3.0321793585378397E-007
   1.0912568075324997E-003   6.5964934436780566E-021   5.9608720653972830E-011   3.0321793585378397E-007
   1.0003675233412797E-003   6.6863129736452111E-021   5.9557945091461731E-011   3.0321793585378397E-007
   9.1467045812933972E-004   6.7750048264995579E-021   5.9507554599874333E-011   3.0321793585378397E-007
   8.3401289957375974E-004   6.8625292131259708E-021   5.9457649528583185E-011   3.0321793585378397E-007
   7.5824213535161979E-004   6.8633914961801862E-021   5.9458611193487666E-011   3.0321793585378397E-007
   7.5750858931863756E-004   6.8642553512825774E-021   5.9458125678135750E-011   3.0321793585378397E-007
   7.5677551654114395E-004   6.8651199580338258E-021   5.9457630567504833E-011   3.0321793585378397E-007
   7.5604291686642692E-004   6.8659847457491637E-021   5.9457135403243855E-011   3.0321793585378397E-007
   7.5531079014177387E-004   6.8668493948794773E-021   5.9456640273293721E-011   3.0321793585378397E-007
   7.5457913621447255E-004   6.8677137350180188E-021   5.9456145211978459E-011   3.0321793585378397E-007
   7.5384795493181080E-004   6.8685776844015148E-021   5.9455650299333286E-011   3.0321793585378397E-007
   7.5311724614107603E-004   6.8694412135166327E-021   5.9455155313287311E-011   3.0321793585378397E-007
   7.5238700968955621E-004   6.8703043221622977E-021   5.9454660477253810E-011   3.0321793585378397E-007
   7.5165724542453874E-004   6.8711670262538248E-021   5.9454165690395047E-011   3.0321793585378397E-007
   7.5092795319331137E-004   6.8720293495016008E-021   5.9453670987190053E-011   3.0321793585378397E-007
   7.5019913284316193E-004   6.8728913185897537E-021   5.9453176331033568E-011   3.0321793585378397E-007
   7.4947078422137796E-004   6.8737529603827929E-021   5.9452681717776893E-011   3.0321793585378397E-007
   7.4874290717524719E-004   6.8746143003941729E-021   5.9452187203606321E-011   3.0321793585378397E-007
   7.4801550155205714E-004   6.8754753620422930E-021   5.9451692811329977E-011   3.0321793585378397E-007
   7.4728856719909588E-004   6.8763361663906323E-021   5.9451198364087016E-011   3.0321793585378397E-007
   7.4656210396365061E-004   6.8771967320486875E-021   5.9450704006187768E-011   3.0321793585378397E-007
   7.4583611169300927E-004   6.8780570752883608E-021   5.9450209785153734E-011   3.0321793585378397E-007
   7.4511059023445951E-004   6.8789172102793447E-021   5.9449715577848791E-011   3.0321793585378397E-007
   7.4438553943528894E-004   6.8797771492641905E-021   5.9449221434920368E-011   3.0321793585378397E-007
   7.4366095914278531E-004   6.8806369027724178E-021   5.9448727379947611E-011   3.0321793585378397E-007
   7.4293684920423626E-004   6.8814964798549599E-021   5.9448233357794124E-011   3.0321793585378397E-007
   7.4221320946692962E-004   6.8823558882336763E-021   5.9447739505565377E-011   3.0321793585378397E-007
   7.4149003977815270E-004   6.8832151345459085E-021   5.9447245660228557E-011   3.0321793585378397E-007
   7.4076733998519357E-004   6.8840742244767429E-021   5.9446751777943376E-011   3.0321793585378397E-007
   7.4004510993533985E-004   6.8849331628210529E-021   5.9446258059849836E-011   3.0321793585378397E-007
   7.3932334947587885E-004   6.8857919536715389E-021   5.9445764452305044E-011   3.0321793585378397E-007
   7.3860205845409864E-004   6.8866506005471173E-021   5.9445270851984317E-011   3.0321793585378397E-007
   7.3788123671728685E-004   6.8875091064265787E-021   5.9444777331122792E-011   3.0321793585378397E-007
   7.3716088411273088E-004   6.8883674738621338E-021   5.9444283792074086E-011   3.0321793585378397E-007
   7.3644100048771870E-004   6.8892257049908442E-021   5.9443790371783881E-011   3.0321793585378397E-007
   7.3572158568953783E-004   6.8900838016230285E-021   5.9443297063437942E-011   3.0321793585378397E-007
   7.3500263956547600E-004   6.8909417653227808E-021   5.9442803780693346E-011   3.0321793585378397E-007
   7.3428416196282095E-004   6.8917995973974812E-021   5.9442310606398862E-011   3.0321793585378397E-007
   7.3356615272886022E-004   6.8926572989570957E-021   5.9441817519524573E-011   3.0321793585378397E-007
   7.3284861171088163E-004   6.8935148709670990E-021   5.9441324432107590E-011   3.0321793585378397E-007
   7.3213153875617283E-004   6.8943723142344814E-021   5.9440831383609674E-011   3.0321793585378397E-007
   7.3141493371202144E-004   6.8952296294140396E-021   5.9440338451463099E-011   3.0321793585378397E-007
   7.3069879642571509E-004   6.8960868170465218E-021   5.9439845675121860E-011   3.0321793585378397E-007
   7.2998312674454153E-004   6.8969438776364165E-021   5.9439352874850544E-011   3.0321793585378397E-007
   7.2926792451578838E-004   6.8978008116034170E-021   5.9438860091236630E-011   3.0321793585378397E-007
   7.2855318958674339E-004   6.8986576192608268E-021   5.9438367441296771E-011   3.0321793585378397E-007
   7.2783892180469439E-004   6.8995143008900604E-021   5.9437874835663328E-011   3.0321793585378397E-007
   7.2712512101692870E-004   6.9003708567117467E-021   5.9437382343329383E-011   3.0321793585378397E-007
   7.2641178707073416E-004   6.9012272869270325E-021   5.9436889881156717E-011   3.0321793585378397E-007
   7.2569891981339861E-004   6.9020835916950869E-021   5.9436397483749799E-011   3.0321793585378397E-007
   7.2498651909220948E-004   6.9029397711497725E-021   5.9435905123028716E-011   3.0321793585378397E-007
   7.2427458475445450E-004   6.9037958253681326E-021   5.9435412917650498E-011   3.0321793585378397E-007
   7.2356311664742152E-004   6.9046517544543585E-021   5.9434920690203864E-011   3.0321793585378397E-007
   7.2285211461839795E-004   6.9055075584571039E-021   5.9434428593382322E-011   3.0321793585378397E-007
   7.2214157851467175E-004   6.9063632374121280E-021   5.9433936598216650E-011   3.0321793585378397E-007
   7.2143150818353044E-004   6.9072187913702602E-021   5.9433444618894343E-011   3.0321793585378397E-007
   7.2072190347226164E-004   6.9080742203648027E-021   5.9432952676697259E-011   3.0321793585378397E-007
   7.2001276422815311E-004   6.9089295243907299E-021   5.9432460862913271E-011   3.0321793585378397E-007
   7.1930409029849246E-004   6.9097847034808880E-021   5.9431968999368384E-011   3.0321793585378397E-007
   7.1859588153056755E-004   6.9106397576096982E-021   5.9431477289202286E-011   3.0321793585378397E-007
   7.1788813777166590E-004   6.9114946867554998E-021   5.9430985676149054E-011   3.0321793585378397E-007
   7.1718085886907524E-004   6.9123494909152370E-021   5.9430494105714389E-011   3.0321793585378397E-007
   7.1647404467008321E-004   6.9132041700741025E-021   5.9430002603794565E-011   3.0321793585378397E-007
   7.1576769502197744E-004   6.9140587242150912E-021   5.9429511152404555E-011   3.0321793585378397E-007
   7.1506180977204555E-004   6.9149131532991531E-021   5.9429019818472848E-011   3.0321793585378397E-007
   7.1435638876757562E-004   6.9157674572929683E-021   5.9428528579504098E-011   3.0321793585378397E-007
   7.1365143185585483E-004   6.9166216362095879E-021   5.9428037262648772E-011   3.0321793585378397E-007
   7.1294693888417115E-004   6.9174756899932367E-021   5.9427546107416602E-011   3.0321793585378397E-007
   7.1224290969981231E-004   6.9183296185979376E-021   5.9427055041866824E-011   3.0321793585378397E-007
   7.1153934415006562E-004   6.9191834220026829E-021   5.9426564005406145E-011   3.0321793585378397E-007
   7.1083624208221913E-004   6.9200371001581132E-021   5.9426073096939270E-011   3.0321793585378397E-007
   7.1013360334356039E-004   6.9208906530391854E-021   5.9425582214491711E-011   3.0321793585378397E-007
   7.0943142778137700E-004   6.9217440806210263E-021   5.9425091363781818E-011   3.0321793585378397E-007
   7.0872971524295672E-004   6.9225973828387217E-021   5.9424600668411455E-011   3.0321793585378397E-007
   7.0802846557558728E-004   6.9234505596726239E-021   5.9424109957517665E-011   3.0321793585378397E-007
   7.0732767862655621E-004   6.9243036110799097E-021   5.9423619339950813E-011   3.0321793585378397E-007
   7.0662735424315123E-004   6.9251565370127047E-021   5.9423128807357083E-011   3.0321793585378397E-007
   7.0592749227266021E-004   6.9260093374269501E-021   5.9422638359072898E-011   3.0321793585378397E-007
   7.0522809256237044E-004   6.9268620122881087E-021   5.9422147964291956E-011   3.0321793585378397E-007
   7.0452915495957009E-004   6.9277145615441352E-021   5.9421657689763689E-011   3.0321793585378397E-007
   7.0383067931154637E-004   6.9285669851852479E-021   5.9421167367026844E-011   3.0321793585378397E-007
   7.0313266546558723E-004   6.9294192831522036E-021   5.9420677181605846E-011   3.0321793585378397E-007
   7.0243511326898030E-004   6.9302714553957615E-021   5.9420187070087167E-011   3.0321793585378397E-007
   7.0173802256901321E-004   6.9311235018634280E-021   5.9419697075624716E-011   3.0321793585378397E-007
   7.0104139321297370E-004   6.9319754225346243E-021   5.9419207079314266E-011   3.0321793585378397E-007
   7.0034522504814939E-004   6.9328272173493486E-021   5.9418717230910534E-011   3.0321793585378397E-007
   6.9964951792182793E-004   6.9336788862987989E-021   5.9418227312432131E-011   3.0321793585378397E-007
   6.9895427168129704E-004   6.9345304293146030E-021   5.9417737568911114E-011   3.0321793585378397E-007
   6.9825948617384447E-004   6.9353818463534502E-021   5.9417247875201207E-011   3.0321793585378397E-007
   6.9756516124675773E-004   6.9362331373779684E-021   5.9416758245802370E-011   3.0321793585378397E-007
   6.9687129674732458E-004   6.9370843023459722E-021   5.9416268685460641E-011   3.0321793585378397E-007
   6.9617789252283285E-004   6.9379353412136933E-021   5.9415779196659088E-011   3.0321793585378397E-007
   6.9548494842056996E-004   6.9387862539189648E-021   5.9415289855371989E-011   3.0321793585378397E-007
   6.9479246428782375E-004   6.9396370404368144E-021   5.9414800524351092E-011   3.0321793585378397E-007
   6.9410043997188196E-004   6.9404877007453466E-021   5.9414311199490856E-011   3.0321793585378397E-007
   6.9340887532003191E-004   6.9413382347871551E-021   5.9413821988938916E-011   3.0321793585378397E-007
   6.9271777017956165E-004   6.9421886425134297E-021   5.9413332849942738E-011   3.0321793585378397E-007
   6.9202712439775881E-004   6.9430389238745025E-021   5.9412843809628665E-011   3.0321793585378397E-007
   6.9133693782191092E-004   6.9438890788333729E-021   5.9412354822924749E-011   3.0321793585378397E-007
   6.9064721029930571E-004   6.9447391073512547E-021   5.9411865897471360E-011   3.0321793585378397E-007
   6.8995794167723092E-004   6.9455890093768744E-021   5.9411377075739518E-011   3.0321793585378397E-007
   6.8926913180297419E-004   6.9464387848763101E-021   5.9410888292023488E-011   3.0321793585378397E-007
   6.8858078052382325E-004   6.9472884337974156E-021   5.9410399619953111E-011   3.0321793585378397E-007
   6.8789288768706552E-004   6.9481379561130235E-021   5.9409910953147403E-011   3.0321793585378397E-007
   6.8720545313998905E-004   6.9489873517719084E-021   5.9409422391451664E-011   3.0321793585378397E-007
   6.8651847672988127E-004   6.9498366207240639E-021   5.9408933914825028E-011   3.0321793585378397E-007
   6.8583195830402991E-004   6.9506857629345735E-021   5.9408445482221539E-011   3.0321793585378397E-007
   6.8514589770972271E-004   6.9515347783557794E-021   5.9407957141126391E-011   3.0321793585378397E-007
   6.8446029479424730E-004   6.9523836669304002E-021   5.9407468921408999E-011   3.0321793585378397E-007
   6.8377514940489131E-004   6.9532324286378166E-021   5.9406980693242875E-011   3.0321793585378397E-007
   6.8309046138894259E-004   6.9540810634242182E-021   5.9406492589404375E-011   3.0321793585378397E-007
   6.8240623059368855E-004   6.9549295712489018E-021   5.9406004539792075E-011   3.0321793585378397E-007
   6.8172245686641704E-004   6.9557779520720728E-021   5.9405516559664769E-011   3.0321793585378397E-007
   6.8103914005441569E-004   6.9566262058473646E-021   5.9405028655730594E-011   3.0321793585378397E-007
   6.8035628000497224E-004   6.9574743325468811E-021   5.9404540757580906E-011   3.0321793585378397E-007
   6.7967387656537432E-004   6.9583223321053047E-021   5.9404053016283881E-011   3.0321793585378397E-007
   6.7899192958290955E-004   6.9591702044955116E-021   5.9403565273627604E-011   3.0321793585378397E-007
   6.7831043890486569E-004   6.9600179496605994E-021   5.9403077664539839E-011   3.0321793585378397E-007
   6.7762940437853046E-004   6.9608655675479556E-021   5.9402590153066495E-011   3.0321793585378397E-007
   6.7694882585119139E-004   6.9617130581281588E-021   5.9402102674715039E-011   3.0321793585378397E-007
   6.7626870317013632E-004   6.9625604213762785E-021   5.9401615209888258E-011   3.0321793585378397E-007
   6.7558903618265278E-004   6.9634076572183937E-021   5.9401127928392307E-011   3.0321793585378397E-007
   6.7490982473602851E-004   6.9642547656338068E-021   5.9400640621208095E-011   3.0321793585378397E-007
   6.7423106867755124E-004   6.9651017465731431E-021   5.9400153425416948E-011   3.0321793585378397E-007
   6.7355276785450850E-004   6.9659485999691591E-021   5.9399666385694762E-011   3.0321793585378397E-007
   6.7287492211418813E-004   6.9667953258032395E-021   5.9399179331204895E-011   3.0321793585378397E-007
   6.7219753130387766E-004   6.9676419240381777E-021   5.9398692344462982E-011   3.0321793585378397E-007
   6.7152059527086493E-004   6.9684883946198702E-021   5.9398205457973691E-011   3.0321793585378397E-007
   6.7084411386243747E-004   6.9693347375218414E-021   5.9397718567829878E-011   3.0321793585378397E-007
   6.7016808692588322E-004   6.9701809526843529E-021   5.9397231811240655E-011   3.0321793585378397E-007
   6.6949251430848940E-004   6.9710270400596447E-021   5.9396745130546172E-011   3.0321793585378397E-007
   6.6881739585754416E-004   6.9718729996047249E-021   5.9396258529667471E-011   3.0321793585378397E-007
   6.6814273142033482E-004   6.9727188312697900E-021   5.9395772035200579E-011   3.0321793585378397E-007
   6.6746852084414922E-004   6.9735645350314026E-021   5.9395285544280560E-011   3.0321793585378397E-007
   6.6679476397627510E-004   6.9744101108396658E-021   5.9394799156349969E-011   3.0321793585378397E-007
   6.6612146066399988E-004   6.9752555586416378E-021   5.9394312865651060E-011   3.0321793585378397E-007
   6.6544861075461140E-004   6.9761008783987052E-021   5.9393826635642780E-011   3.0321793585378397E-007
   6.6477621409539761E-004   6.9769460700756925E-021   5.9393340454450731E-011   3.0321793585378397E-007
   6.6410427053364572E-004   6.9777911336323706E-021   5.9392854329937474E-011   3.0321793585378397E-007
   6.6343277991664357E-004   6.9786360690061239E-021   5.9392368343937302E-011   3.0321793585378397E-007
   6.6276174209167901E-004   6.9794808761693081E-021   5.9391882366498632E-011   3.0321793585378397E-007
   6.6209115690603955E-004   6.9803255550707534E-021   5.9391396501765245E-011   3.0321793585378397E-007
   6.6142102420701284E-004   6.9811701056639172E-021   5.9390910714917763E-011   3.0321793585378397E-007
   6.6075134384188661E-004   6.9820145279010393E-021   5.9390425032116316E-011   3.0321793585378397E-007
   6.6008211565794870E-004   6.9828588217660141E-021   5.9389939320096936E-011   3.0321793585378397E-007
   6.5941333950248653E-004   6.9837029871885392E-021   5.9389453789539696E-011   3.0321793585378397E-007
   6.5874501522278784E-004   6.9845470241367901E-021   5.9388968263560668E-011   3.0321793585378397E-007
   6.5807714266614048E-004   6.9853909325635666E-021   5.9388482844774722E-011   3.0321793585378397E-007
   6.5740972167983185E-004   6.9862347124327256E-021   5.9387997463734940E-011   3.0321793585378397E-007
   6.5674275211114982E-004   6.9870783636960063E-021   5.9387512170583654E-011   3.0321793585378397E-007
   6.5607623380738200E-004   6.9879218862987167E-021   5.9387026987345168E-011   3.0321793585378397E-007
   6.5541016661581624E-004   6.9887652802092475E-021   5.9386541832202725E-011   3.0321793585378397E-007
   6.5474455038373985E-004   6.9896085453786439E-021   5.9386056776313321E-011   3.0321793585378397E-007
   6.5407938495844089E-004   6.9904516817608040E-021   5.9385571799430600E-011   3.0321793585378397E-007
   6.5341467018720668E-004   6.9912946892993055E-021   5.9385086944798414E-011   3.0321793585378397E-007
   6.5275040591732526E-004   6.9921375679706417E-021   5.9384602086519667E-011   3.0321793585378397E-007
   6.5208659199608395E-004   6.9929803177329475E-021   5.9384117315827792E-011   3.0321793585378397E-007
   6.5142322827077082E-004   6.9938229385433801E-021   5.9383632605247042E-011   3.0321793585378397E-007
   6.5076031458867326E-004   6.9946654303398072E-021   5.9383148041141896E-011   3.0321793585378397E-007
   6.5009785079707893E-004   6.9955077931019689E-021   5.9382663456657140E-011   3.0321793585378397E-007
   6.4943583674327565E-004   6.9963500267773218E-021   5.9382178995570736E-011   3.0321793585378397E-007
   6.4877427227455118E-004   6.9971921313124908E-021   5.9381694632904710E-011   3.0321793585378397E-007
   6.4811315723819292E-004   6.9980341066625549E-021   5.9381210361100106E-011   3.0321793585378397E-007
   6.4745249148148861E-004   6.9988759528030834E-021   5.9380726100112815E-011   3.0321793585378397E-007
   6.4679227485172621E-004   6.9997176696844129E-021   5.9380241948240456E-011   3.0321793585378397E-007
   6.4613250719619314E-004   7.0005592572731000E-021   5.9379757809203213E-011   3.0321793585378397E-007
   6.4547318836217702E-004   7.0014007155020290E-021   5.9379273835724735E-011   3.0321793585378397E-007
   6.4481431819696569E-004   7.0022420443318583E-021   5.9378789908832462E-011   3.0321793585378397E-007
   6.4415589654784691E-004   7.0030832437374213E-021   5.9378305997125247E-011   3.0321793585378397E-007
   6.4349792326210808E-004   7.0039243136477280E-021   5.9377822268957029E-011   3.0321793585378397E-007
   6.4284039818703705E-004   7.0047652540411463E-021   5.9377338512061693E-011   3.0321793585378397E-007
   6.4218332116992144E-004   7.0056060648692000E-021   5.9376854865653338E-011   3.0321793585378397E-007
   6.4152669205804890E-004   7.0064467460689381E-021   5.9376371358963362E-011   3.0321793585378397E-007
   6.4087051069870726E-004   7.0072872976118736E-021   5.9375887875551669E-011   3.0321793585378397E-007
   6.4021477693918416E-004   7.0081277194703466E-021   5.9375404417503002E-011   3.0321793585378397E-007
   6.3955949062676713E-004   7.0089680115690490E-021   5.9374921154693219E-011   3.0321793585378397E-007
   6.3890465160874399E-004   7.0098081738880848E-021   5.9374437858704808E-011   3.0321793585378397E-007
   6.3825025973240218E-004   7.0106482063767284E-021   5.9373954688116913E-011   3.0321793585378397E-007
   6.3759631484502975E-004   7.0114881089918225E-021   5.9373471572710509E-011   3.0321793585378397E-007
   6.3694281679391412E-004   7.0123278816911741E-021   5.9372988526841197E-011   3.0321793585378397E-007
   6.3628976542634303E-004   7.0131675244181443E-021   5.9372505600382774E-011   3.0321793585378397E-007
   6.3563716058960421E-004   7.0140070371424629E-021   5.9372022691616336E-011   3.0321793585378397E-007
   6.3498500213098519E-004   7.0148464198162270E-021   5.9371539882764772E-011   3.0321793585378397E-007
   6.3433328989777381E-004   7.0156856723810568E-021   5.9371057200195642E-011   3.0321793585378397E-007
   6.3368202373725771E-004   7.0165247948150869E-021   5.9370574510289096E-011   3.0321793585378397E-007
   6.3303120349672451E-004   7.0173637870511565E-021   5.9370092005576230E-011   3.0321793585378397E-007
   6.3238082902346174E-004   7.0182026490753600E-021   5.9369609443166083E-011   3.0321793585378397E-007
   6.3173090016475756E-004   7.0190413808262043E-021   5.9369127046927162E-011   3.0321793585378397E-007
   6.3108141676789908E-004   7.0198799822585280E-021   5.9368644709087129E-011   3.0321793585378397E-007
   6.3043237868017435E-004   7.0207184533381157E-021   5.9368162419749877E-011   3.0321793585378397E-007
   6.2978378574887089E-004   7.0215567940068706E-021   5.9367680264124369E-011   3.0321793585378397E-007
   6.2913563782127644E-004   7.0223950042347105E-021   5.9367198124666699E-011   3.0321793585378397E-007
   6.2848793474467874E-004   7.0232330839747615E-021   5.9366716083125152E-011   3.0321793585378397E-007
   6.2784067636636521E-004   7.0240710331802583E-021   5.9366234116159004E-011   3.0321793585378397E-007
   6.2719386253362380E-004   7.0249088518042893E-021   5.9365752236240949E-011   3.0321793585378397E-007
   6.2654749309374203E-004   7.0257465397917428E-021   5.9365270479878474E-011   3.0321793585378397E-007
   6.2590156789400786E-004   7.0265840971140535E-021   5.9364788739982994E-011   3.0321793585378397E-007
   6.2525608678170848E-004   7.0274215237365229E-021   5.9364307051193226E-011   3.0321793585378397E-007
   6.2461104960413196E-004   7.0282588195962334E-021   5.9363825508668172E-011   3.0321793585378397E-007
   6.2396645620856571E-004   7.0290959846502052E-021   5.9363344033172496E-011   3.0321793585378397E-007
   6.2332230644229769E-004   7.0299330188646486E-021   5.9362862603787641E-011   3.0321793585378397E-007
   6.2267860015261542E-004   7.0307699222066844E-021   5.9362381206926559E-011   3.0321793585378397E-007
   6.2203533718680642E-004   7.0316066946063367E-021   5.9361899981235021E-011   3.0321793585378397E-007
   6.2139251739215865E-004   7.0324433360345737E-021   5.9361418756302795E-011   3.0321793585378397E-007
   6.2075014061595984E-004   7.0332798464338671E-021   5.9360937684498594E-011   3.0321793585378397E-007
   6.2010820670549719E-004   7.0341162257773983E-021   5.9360456610229020E-011   3.0321793585378397E-007
   6.1946671550805888E-004   7.0349524740107209E-021   5.9359975666205263E-011   3.0321793585378397E-007
   6.1882566687093232E-004   7.0357885910940928E-021   5.9359494766691836E-011   3.0321793585378397E-007
   6.1818506064140535E-004   7.0366245769773632E-021   5.9359013975425099E-011   3.0321793585378397E-007
   6.1754489666676540E-004   7.0374604316209287E-021   5.9358533239617553E-011   3.0321793585378397E-007
   6.1690517479430040E-004   7.0382961549775316E-021   5.9358052598828734E-011   3.0321793585378397E-007
   6.1626589487129789E-004   7.0391317470051673E-021   5.9357572024108977E-011   3.0321793585378397E-007
   6.1562705674504572E-004   7.0399672076474465E-021   5.9357091584308879E-011   3.0321793585378397E-007
   6.1498866026283129E-004   7.0408025368779314E-021   5.9356611149749267E-011   3.0321793585378397E-007
   6.1435070527194246E-004   7.0416377346575361E-021   5.9356130785648150E-011   3.0321793585378397E-007
   6.1371319161966685E-004   7.0424728009321932E-021   5.9355650527498297E-011   3.0321793585378397E-007
   6.1307611915329221E-004   7.0433077356492585E-021   5.9355170372183318E-011   3.0321793585378397E-007
   6.1243948772010616E-004   7.0441425387644448E-021   5.9354690295926927E-011   3.0321793585378397E-007
   6.1180329716739622E-004   7.0449772102464420E-021   5.9354210252120380E-011   3.0321793585378397E-007
   6.1116754734245047E-004   7.0458117500529836E-021   5.9353730281108182E-011   3.0321793585378397E-007
   6.1053223809255620E-004   7.0466461581294935E-021   5.9353250416672920E-011   3.0321793585378397E-007
   6.0989736926500126E-004   7.0474804344279814E-021   5.9352770635957177E-011   3.0321793585378397E-007
   6.0926294070707339E-004   7.0483145788967167E-021   5.9352290967353771E-011   3.0321793585378397E-007
   6.0862895226606011E-004   7.0491485915054230E-021   5.9351811327513193E-011   3.0321793585378397E-007
   6.0799540378924906E-004   7.0499824722178371E-021   5.9351331752341531E-011   3.0321793585378397E-007
   6.0736229512392808E-004   7.0508162209888819E-021   5.9350852249217015E-011   3.0321793585378397E-007
   6.0672962611738480E-004   7.0516498377558337E-021   5.9350372888080921E-011   3.0321793585378397E-007
   6.0609739661690695E-004   7.0524833224880897E-021   5.9349893544745625E-011   3.0321793585378397E-007
   6.0546560646978207E-004   7.0533166751293888E-021   5.9349414344064062E-011   3.0321793585378397E-007
   6.0483425552329789E-004   7.0541498956422309E-021   5.9348935185175269E-011   3.0321793585378397E-007
   6.0420334362474215E-004   7.0549829839830840E-021   5.9348456118494393E-011   3.0321793585378397E-007
   6.0357287062140247E-004   7.0558159401252590E-021   5.9347977052362829E-011   3.0321793585378397E-007
   6.0294283636056661E-004   7.0566487640079807E-021   5.9347498129344459E-011   3.0321793585378397E-007
   6.0231324068952207E-004   7.0574814555819875E-021   5.9347019282468168E-011   3.0321793585378397E-007
   6.0168408345555660E-004   7.0583140148037683E-021   5.9346540516022020E-011   3.0321793585378397E-007
   6.0105536450595805E-004   7.0591464416281752E-021   5.9346061833335458E-011   3.0321793585378397E-007
   6.0042708368801382E-004   7.0599787360120734E-021   5.9345583227091655E-011   3.0321793585378397E-007
   5.9979924084901189E-004   7.0608108979125582E-021   5.9345104696546213E-011   3.0321793585378397E-007
   5.9917183583623964E-004   7.0616429272726146E-021   5.9344626302004669E-011   3.0321793585378397E-007
   5.9854486849698495E-004   7.0624748240745467E-021   5.9344147873541716E-011   3.0321793585378397E-007
   5.9791833867853532E-004   7.0633065882584730E-021   5.9343669609627669E-011   3.0321793585378397E-007
   5.9729224622817861E-004   7.0641382197863112E-021   5.9343191377316148E-011   3.0321793585378397E-007
   5.9666659099320244E-004   7.0649697186104428E-021   5.9342713245616802E-011   3.0321793585378397E-007
   5.9604137282089444E-004   7.0658010846840723E-021   5.9342235195022347E-011   3.0321793585378397E-007
   5.9541659155854226E-004   7.0666323179586359E-021   5.9341757240490457E-011   3.0321793585378397E-007
   5.9479224705343372E-004   7.0674634183998267E-021   5.9341279321557668E-011   3.0321793585378397E-007
   5.9416833915285636E-004   7.0682943859476083E-021   5.9340801546807423E-011   3.0321793585378397E-007
   5.9354486770409791E-004   7.0691252205630468E-021   5.9340323816912223E-011   3.0321793585378397E-007
   5.9292183255444612E-004   7.0699559222050100E-021   5.9339846164892239E-011   3.0321793585378397E-007
   5.9229923355118850E-004   7.0707864908339035E-021   5.9339368572247899E-011   3.0321793585378397E-007
   5.9167707054161290E-004   7.0716169264076729E-021   5.9338891048467315E-011   3.0321793585378397E-007
   5.9105534337300684E-004   7.0724472288691481E-021   5.9338413631556915E-011   3.0321793585378397E-007
   5.9043405189265796E-004   7.0732773981588541E-021   5.9337936344179005E-011   3.0321793585378397E-007
   5.8981319594785431E-004   7.0741074342577210E-021   5.9337459042569763E-011   3.0321793585378397E-007
   5.8919277538588310E-004   7.0749373371164857E-021   5.9336981863184186E-011   3.0321793585378397E-007
   5.8857279005403228E-004   7.0757671066859708E-021   5.9336504767965489E-011   3.0321793585378397E-007
   5.8795323979958947E-004   7.0765967429224141E-021   5.9336027753026959E-011   3.0321793585378397E-007
   5.8733412446984232E-004   7.0774262457703517E-021   5.9335550865503660E-011   3.0321793585378397E-007
   5.8671544391207845E-004   7.0782556152069464E-021   5.9335073964288052E-011   3.0321793585378397E-007
   5.8609719797358571E-004   7.0790848511747708E-021   5.9334597209973208E-011   3.0321793585378397E-007
   5.8547938650165172E-004   7.0799139536244895E-021   5.9334120538842968E-011   3.0321793585378397E-007
   5.8486200934356402E-004   7.0807429225288958E-021   5.9333643883116433E-011   3.0321793585378397E-007
   5.8424506634661034E-004   7.0815717578339056E-021   5.9333167350990896E-011   3.0321793585378397E-007
   5.8362855735807852E-004   7.0824004594850663E-021   5.9332690929580692E-011   3.0321793585378397E-007
   5.8301248222525598E-004   7.0832290274538997E-021   5.9332214526184815E-011   3.0321793585378397E-007
   5.8239684079543078E-004   7.0840574616886344E-021   5.9331738240211064E-011   3.0321793585378397E-007
   5.8178163291589024E-004   7.0848857621443225E-021   5.9331262020823867E-011   3.0321793585378397E-007
   5.8116685843392197E-004   7.0857139287612286E-021   5.9330785948875047E-011   3.0321793585378397E-007
   5.8055251719681404E-004   7.0865419615084685E-021   5.9330309890332629E-011   3.0321793585378397E-007
   5.7993860905185377E-004   7.0873698603443504E-021   5.9329833923249360E-011   3.0321793585378397E-007
   5.7932513384632899E-004   7.0881976252294199E-021   5.9329358004275252E-011   3.0321793585378397E-007
   5.7871209142752733E-004   7.0890252561065264E-021   5.9328882212706681E-011   3.0321793585378397E-007
   5.7809948164273676E-004   7.0898527529402193E-021   5.9328406449888763E-011   3.0321793585378397E-007
   5.7748730433924446E-004   7.0906801156771278E-021   5.9327930812707780E-011   3.0321793585378397E-007
   5.7687555936433840E-004   7.0915073442737364E-021   5.9327455241038364E-011   3.0321793585378397E-007
   5.7626424656530620E-004   7.0923344386850941E-021   5.9326979758719291E-011   3.0321793585378397E-007
   5.7565336578943550E-004   7.0931613988661133E-021   5.9326504363581786E-011   3.0321793585378397E-007
   5.7504291688401403E-004   7.0939882247699681E-021   5.9326029061870414E-011   3.0321793585378397E-007
   5.7443289969632953E-004   7.0948149163479988E-021   5.9325553856088703E-011   3.0321793585378397E-007
   5.7382331407366952E-004   7.0956414735752360E-021   5.9325078646615866E-011   3.0321793585378397E-007
   5.7321415986332186E-004   7.0964678963941605E-021   5.9324603576458275E-011   3.0321793585378397E-007
   5.7260543691257406E-004   7.0972941847536255E-021   5.9324128592576151E-011   3.0321793585378397E-007
   5.7199714506871386E-004   7.0981203386118201E-021   5.9323653677254867E-011   3.0321793585378397E-007
   5.7138928417902900E-004   7.0989463579285300E-021   5.9323178823856698E-011   3.0321793585378397E-007
   5.7078185409080700E-004   7.0997722426546787E-021   5.9322704074769636E-011   3.0321793585378397E-007
   5.7017485465133571E-004   7.1005979927442319E-021   5.9322229408150258E-011   3.0321793585378397E-007
   5.6956828570790276E-004   7.1014236081545032E-021   5.9321754819493674E-011   3.0321793585378397E-007
   5.6896214710779568E-004   7.1022490888310804E-021   5.9321280357626934E-011   3.0321793585378397E-007
   5.6835643869830230E-004   7.1030744347480615E-021   5.9320805893069634E-011   3.0321793585378397E-007
   5.6775116032671026E-004   7.1038996458537366E-021   5.9320331550295175E-011   3.0321793585378397E-007
   5.6714631184030741E-004   7.1047247220889753E-021   5.9319857331056587E-011   3.0321793585378397E-007
   5.6654189308638105E-004   7.1055496634270596E-021   5.9319383115474434E-011   3.0321793585378397E-007
   5.6593790391221914E-004   7.1063744698102539E-021   5.9318909054004327E-011   3.0321793585378397E-007
   5.6533434416510930E-004   7.1071991412053344E-021   5.9318435010063973E-011   3.0321793585378397E-007
   5.6473121369233917E-004   7.1080236775609179E-021   5.9317961084276845E-011   3.0321793585378397E-007
   5.6412851234119627E-004   7.1088480788309911E-021   5.9317487227520757E-011   3.0321793585378397E-007
   5.6352623995896867E-004   7.1096723449612249E-021   5.9317013495110154E-011   3.0321793585378397E-007
   5.6292439639294388E-004   7.1104964759112905E-021   5.9316539814055590E-011   3.0321793585378397E-007
   5.6232298149040943E-004   7.1113204716473728E-021   5.9316066175149548E-011   3.0321793585378397E-007
   5.6172199509865294E-004   7.1121443321079609E-021   5.9315592697021530E-011   3.0321793585378397E-007
   5.6112143706496249E-004   7.1129680572553593E-021   5.9315119254186090E-011   3.0321793585378397E-007
   5.6052130723662538E-004   7.1137916470554715E-021   5.9314645858716059E-011   3.0321793585378397E-007
   5.5992160546092956E-004   7.1146151014523070E-021   5.9314172584200706E-011   3.0321793585378397E-007
   5.5932233158516233E-004   7.1154384203955616E-021   5.9313699393903029E-011   3.0321793585378397E-007
   5.5872348545661177E-004   7.1162616038381191E-021   5.9313226296823670E-011   3.0321793585378397E-007
   5.5812506692256539E-004   7.1170846517367423E-021   5.9312753281317786E-011   3.0321793585378397E-007
   5.5752707583031082E-004   7.1179075640559371E-021   5.9312280317653548E-011   3.0321793585378397E-007
   5.5692951202713560E-004   7.1187303407355422E-021   5.9311807505231749E-011   3.0321793585378397E-007
   5.5633237536032777E-004   7.1195529817387166E-021   5.9311334728412166E-011   3.0321793585378397E-007
   5.5573566567717497E-004   7.1203754870311863E-021   5.9310862001267544E-011   3.0321793585378397E-007
   5.5513938282496450E-004   7.1211978565612010E-021   5.9310389380458438E-011   3.0321793585378397E-007
   5.5454352665098433E-004   7.1220200902702966E-021   5.9309916890001313E-011   3.0321793585378397E-007
   5.5394809700252208E-004   7.1228421881303366E-021   5.9309444405952756E-011   3.0321793585378397E-007
   5.5335309372686538E-004   7.1236641500910571E-021   5.9308972042943535E-011   3.0321793585378397E-007
   5.5275851667130197E-004   7.1244859761021117E-021   5.9308499767820432E-011   3.0321793585378397E-007
   5.5216436568311959E-004   7.1253076661202452E-021   5.9308027568058949E-011   3.0321793585378397E-007
   5.5157064060960576E-004   7.1261292200888367E-021   5.9307555504183699E-011   3.0321793585378397E-007
   5.5097734129804822E-004   7.1269506379752567E-021   5.9307083464082318E-011   3.0321793585378397E-007
   5.5038446759573471E-004   7.1277719197443405E-021   5.9306611479560598E-011   3.0321793585378397E-007
   5.4979201934995286E-004   7.1285930653324618E-021   5.9306139644466898E-011   3.0321793585378397E-007
   5.4919999640799029E-004   7.1294140746946469E-021   5.9305667874170998E-011   3.0321793585378397E-007
   5.4860839861713476E-004   7.1302349477988593E-021   5.9305196141771757E-011   3.0321793585378397E-007
   5.4801722582467399E-004   7.1310556845894531E-021   5.9304724539807474E-011   3.0321793585378397E-007
   5.4742647787789540E-004   7.1318762850159269E-021   5.9304253025803961E-011   3.0321793585378397E-007
   5.4683615462408695E-004   7.1326967490430798E-021   5.9303781553453762E-011   3.0321793585378397E-007
   5.4624625591053627E-004   7.1335170766215116E-021   5.9303310191780121E-011   3.0321793585378397E-007
   5.4565678158453087E-004   7.1343372677005132E-021   5.9302838928611039E-011   3.0321793585378397E-007
   5.4506773149335861E-004   7.1351573222398703E-021   5.9302367728534020E-011   3.0321793585378397E-007
   5.4447910548430711E-004   7.1359772401949947E-021   5.9301896614149655E-011   3.0321793585378397E-007
   5.4389090340466401E-004   7.1367970215200311E-021   5.9301425582374656E-011   3.0321793585378397E-007
   5.4330312510171704E-004   7.1376166661634292E-021   5.9300954659106804E-011   3.0321793585378397E-007
   5.4271577042275384E-004   7.1384361740872815E-021   5.9300483781843443E-011   3.0321793585378397E-007
   5.4212883921506215E-004   7.1392555452436307E-021   5.9300013006726587E-011   3.0321793585378397E-007
   5.4154233132592947E-004   7.1400747795752060E-021   5.9299542362654565E-011   3.0321793585378397E-007
   5.4095624660264368E-004   7.1408938770570861E-021   5.9299071708943420E-011   3.0321793585378397E-007
   5.4037058489249227E-004   7.1417128376351434E-021   5.9298601195796512E-011   3.0321793585378397E-007
   5.3978534604276322E-004   7.1425316612617699E-021   5.9298130753305019E-011   3.0321793585378397E-007
   5.3920052990074382E-004   7.1433503478925396E-021   5.9297660393293993E-011   3.0321793585378397E-007
   5.3861613631372215E-004   7.1441688974713751E-021   5.9297190164287464E-011   3.0321793585378397E-007
   5.3803216512898560E-004   7.1449873099697167E-021   5.9296719939574183E-011   3.0321793585378397E-007
   5.3744861619382182E-004   7.1458055853360595E-021   5.9296249837432370E-011   3.0321793585378397E-007
   5.3686548935551865E-004   7.1466237235097682E-021   5.9295779866017044E-011   3.0321793585378397E-007
   5.3628278446136372E-004   7.1474417244646804E-021   5.9295309886991902E-011   3.0321793585378397E-007
   5.3570050135864466E-004   7.1482595881485505E-021   5.9294840040088015E-011   3.0321793585378397E-007
   5.3511863989464921E-004   7.1490773145110533E-021   5.9294370278886411E-011   3.0321793585378397E-007
   5.3453719991666511E-004   7.1498949035001855E-021   5.9293900637147653E-011   3.0321793585378397E-007
   5.3395618127197978E-004   7.1507123550874509E-021   5.9293430999946007E-011   3.0321793585378397E-007
   5.3337558380788116E-004   7.1515296692118111E-021   5.9292961527453688E-011   3.0321793585378397E-007
   5.3279540737165689E-004   7.1523468458388671E-021   5.9292492065234281E-011   3.0321793585378397E-007
   5.3221565181059448E-004   7.1531638849159494E-021   5.9292022738711346E-011   3.0321793585378397E-007
   5.3163631697198169E-004   7.1539807863913752E-021   5.9291553503443441E-011   3.0321793585378397E-007
   5.3105740270310625E-004   7.1547975502320126E-021   5.9291084300211130E-011   3.0321793585378397E-007
   5.3047890885125578E-004   7.1556141763843447E-021   5.9290615225450786E-011   3.0321793585378397E-007
   5.2990083526371814E-004   7.1564306648047252E-021   5.9290146210770224E-011   3.0321793585378397E-007
   5.2932318178778074E-004   7.1572470154421697E-021   5.9289677320274857E-011   3.0321793585378397E-007
   5.2874594827073131E-004   7.1580632282557971E-021   5.9289208490387349E-011   3.0321793585378397E-007
   5.2816913455985771E-004   7.1588793031994741E-021   5.9288739752241537E-011   3.0321793585378397E-007
   5.2759274050244746E-004   7.1596952402356103E-021   5.9288271054898168E-011   3.0321793585378397E-007
   5.2701676594578829E-004   7.1605110393082845E-021   5.9287802491168946E-011   3.0321793585378397E-007
   5.2644121073716784E-004   7.1613267003668765E-021   5.9287334020617795E-011   3.0321793585378397E-007
   5.2586607472387373E-004   7.1621422233784678E-021   5.9286865584396953E-011   3.0321793585378397E-007
   5.2529135775319382E-004   7.1629576082866167E-021   5.9286397289745385E-011   3.0321793585378397E-007
   5.2471705967241562E-004   7.1637728550515406E-021   5.9285929026972749E-011   3.0321793585378397E-007
   5.2414318032882688E-004   7.1645879636176570E-021   5.9285460900759594E-011   3.0321793585378397E-007
   5.2356971956971532E-004   7.1654029339462893E-021   5.9284992822598562E-011   3.0321793585378397E-007
   5.2299667724236838E-004   7.1662177659894711E-021   5.9284524853993596E-011   3.0321793585378397E-007
   5.2242405319407410E-004   7.1670324597005651E-021   5.9284056963943375E-011   3.0321793585378397E-007
   5.2185184727211991E-004   7.1678470150291027E-021   5.9283589181940016E-011   3.0321793585378397E-007
   5.2128005932379365E-004   7.1686614319385470E-021   5.9283121438924948E-011   3.0321793585378397E-007
   5.2070868919638273E-004   7.1694757103797928E-021   5.9282653805521884E-011   3.0321793585378397E-007
   5.2013773673717501E-004   7.1702898503048874E-021   5.9282186255944115E-011   3.0321793585378397E-007
   5.1956720179345832E-004   7.1711038516716771E-021   5.9281718776664910E-011   3.0321793585378397E-007
   5.1899708421252009E-004   7.1719177144278894E-021   5.9281251413017696E-011   3.0321793585378397E-007
   5.1842738384164793E-004   7.1727314385346490E-021   5.9280784098111609E-011   3.0321793585378397E-007
   5.1785810052812993E-004   7.1735450239423182E-021   5.9280316893122975E-011   3.0321793585378397E-007
   5.1728923411925338E-004   7.1743584705999366E-021   5.9279849784303419E-011   3.0321793585378397E-007
   5.1672078446230590E-004   7.1751717784656618E-021   5.9279382745121161E-011   3.0321793585378397E-007
   5.1615275140457558E-004   7.1759849474944225E-021   5.9278915789894530E-011   3.0321793585378397E-007
   5.1558513479334981E-004   7.1767979776312109E-021   5.9278448962616843E-011   3.0321793585378397E-007
   5.1501793447591624E-004   7.1776108688428213E-021   5.9277982158959091E-011   3.0321793585378397E-007
   5.1445115029956270E-004   7.1784236210780675E-021   5.9277515471884110E-011   3.0321793585378397E-007
   5.1388478211157683E-004   7.1792362342877164E-021   5.9277048861667236E-011   3.0321793585378397E-007
   5.1331882975924625E-004   7.1800487084215841E-021   5.9276582353359504E-011   3.0321793585378397E-007
   5.1275329308985860E-004   7.1808610434357713E-021   5.9276115917754060E-011   3.0321793585378397E-007
   5.1218817195070163E-004   7.1816732392794907E-021   5.9275649590314759E-011   3.0321793585378397E-007
   5.1162346618906305E-004   7.1824852959155463E-021   5.9275183306249798E-011   3.0321793585378397E-007
   5.1105917565223051E-004   7.1832972132919244E-021   5.9274717147686024E-011   3.0321793585378397E-007
   5.1049530018749153E-004   7.1841089913661763E-021   5.9274251048903820E-011   3.0321793585378397E-007
   5.0993183964213396E-004   7.1849206300822981E-021   5.9273785089159200E-011   3.0321793585378397E-007
   5.0936879386344564E-004   7.1857321294074978E-021   5.9273319137716217E-011   3.0321793585378397E-007
   5.0880616269871387E-004   7.1865434892902432E-021   5.9272853311452350E-011   3.0321793585378397E-007
   5.0824394599522651E-004   7.1873547096737330E-021   5.9272387610372394E-011   3.0321793585378397E-007
   5.0768214360027118E-004   7.1881657905281799E-021   5.9271921921268139E-011   3.0321793585378397E-007
   5.0712075536113574E-004   7.1889767318024716E-021   5.9271456356903315E-011   3.0321793585378397E-007
   5.0655978112510770E-004   7.1897875334460057E-021   5.9270990879049628E-011   3.0321793585378397E-007
   5.0599922073947469E-004   7.1905981954105649E-021   5.9270525502004157E-011   3.0321793585378397E-007
   5.0543907405152457E-004   7.1914087176513817E-021   5.9270060210654185E-011   3.0321793585378397E-007
   5.0487934090854495E-004   7.1922191001261007E-021   5.9269594990797472E-011   3.0321793585378397E-007
   5.0432002115782337E-004   7.1930293427878331E-021   5.9269129851041504E-011   3.0321793585378397E-007
   5.0376111464664757E-004   7.1938394455870900E-021   5.9268664791610344E-011   3.0321793585378397E-007
   5.0320262122230538E-004   7.1946494084719089E-021   5.9268199838600894E-011   3.0321793585378397E-007
   5.0264454073208444E-004   7.1954592313932794E-021   5.9267734987960435E-011   3.0321793585378397E-007
   5.0208687302327217E-004   7.1962689143162760E-021   5.9267270178609472E-011   3.0321793585378397E-007
   5.0152961794315651E-004   7.1970784571901203E-021   5.9266805491011649E-011   3.0321793585378397E-007
   5.0097277533902500E-004   7.1978878599661675E-021   5.9266340885066182E-011   3.0321793585378397E-007
   5.0041634505816547E-004   7.1986971225952071E-021   5.9265876384471859E-011   3.0321793585378397E-007
   4.9986032694786546E-004   7.1995062450406330E-021   5.9265411929775501E-011   3.0321793585378397E-007
   4.9930472085541269E-004   7.2003152272490697E-021   5.9264947601344618E-011   3.0321793585378397E-007
   4.9874952662809480E-004   7.2011240691749721E-021   5.9264483342109177E-011   3.0321793585378397E-007
   4.9819474411319953E-004   7.2019327707709938E-021   5.9264019186100190E-011   3.0321793585378397E-007
   4.9764037315801451E-004   7.2027413319942272E-021   5.9263555083215030E-011   3.0321793585378397E-007
   4.9708641360982748E-004   7.2035497527959735E-021   5.9263091071441707E-011   3.0321793585378397E-007
   4.9653286531592606E-004   7.2043580331229595E-021   5.9262627174031584E-011   3.0321793585378397E-007
   4.9597972812359789E-004   7.2051661729268384E-021   5.9262163373135641E-011   3.0321793585378397E-007
   4.9542700188013082E-004   7.2059741721740584E-021   5.9261699604692489E-011   3.0321793585378397E-007
   4.9487468643281225E-004   7.2067820308096072E-021   5.9261235972050937E-011   3.0321793585378397E-007
   4.9432278162893015E-004   7.2075897487849377E-021   5.9260772422279067E-011   3.0321793585378397E-007
   4.9377128731577203E-004   7.2083973260608302E-021   5.9260308931947956E-011   3.0321793585378397E-007
   4.9322020334062553E-004   7.2092047625845518E-021   5.9259845559686447E-011   3.0321793585378397E-007
   4.9266952955077839E-004   7.2100120583113457E-021   5.9259382256977670E-011   3.0321793585378397E-007
   4.9211926579351833E-004   7.2108192131926845E-021   5.9258919054342781E-011   3.0321793585378397E-007
   4.9156941191613312E-004   7.2116262271740839E-021   5.9258455973247878E-011   3.0321793585378397E-007
   4.9101996776591014E-004   7.2124331002235691E-021   5.9257992907627250E-011   3.0321793585378397E-007
   4.9047093319013726E-004   7.2132398322902397E-021   5.9257529964829243E-011   3.0321793585378397E-007
   4.8992230803610200E-004   7.2140464233181535E-021   5.9257067127624667E-011   3.0321793585378397E-007
   4.8937409215109241E-004   7.2148528732607482E-021   5.9256604374530064E-011   3.0321793585378397E-007
   4.8882628538239581E-004   7.2156591820816056E-021   5.9256141666718598E-011   3.0321793585378397E-007
   4.8827888757729994E-004   7.2164653497268554E-021   5.9255679078855662E-011   3.0321793585378397E-007
   4.8773189858309257E-004   7.2172713761474254E-021   5.9255216573448351E-011   3.0321793585378397E-007
   4.8718531824706136E-004   7.2180772612971100E-021   5.9254754161416548E-011   3.0321793585378397E-007
   4.8663914641649392E-004   7.2188830051226224E-021   5.9254291871488094E-011   3.0321793585378397E-007
   4.8609338293867800E-004   7.2196886075835288E-021   5.9253829639380314E-011   3.0321793585378397E-007
   4.8554802766090122E-004   7.2204940686440144E-021   5.9253367455544610E-011   3.0321793585378397E-007
   4.8500308043045133E-004   7.2212993882482768E-021   5.9252905404347964E-011   3.0321793585378397E-007
   4.8445854109461584E-004   7.2221045663470754E-021   5.9252443435886143E-011   3.0321793585378397E-007
   4.8391440950068277E-004   7.2229096028961470E-021   5.9251981545116601E-011   3.0321793585378397E-007
   4.8337068549593937E-004   7.2237144978418287E-021   5.9251519778423944E-011   3.0321793585378397E-007
   4.8282736892767358E-004   7.2245192511431029E-021   5.9251058057752670E-011   3.0321793585378397E-007
   4.8228445964317306E-004   7.2253238627527542E-021   5.9250596430886120E-011   3.0321793585378397E-007
   4.8174195748972536E-004   7.2261283326149952E-021   5.9250134936735013E-011   3.0321793585378397E-007
   4.8119986231461834E-004   7.2269326606930287E-021   5.9249673481416894E-011   3.0321793585378397E-007
   4.8065817396513951E-004   7.2277368469408611E-021   5.9249212126291622E-011   3.0321793585378397E-007
   4.8011689228857663E-004   7.2285408913090500E-021   5.9248750860182125E-011   3.0321793585378397E-007
   4.7957601713221736E-004   7.2293447937425005E-021   5.9248289713040716E-011   3.0321793585378397E-007
   4.7903554834334946E-004   7.2301485541997147E-021   5.9247828613574443E-011   3.0321793585378397E-007
   4.7849548576926049E-004   7.2309521726269411E-021   5.9247367642796497E-011   3.0321793585378397E-007
   4.7795582925723809E-004   7.2317556489865625E-021   5.9246906706838047E-011   3.0321793585378397E-007
   4.7741657865456999E-004   7.2325589832214372E-021   5.9246445925122841E-011   3.0321793585378397E-007
   4.7687773380854399E-004   7.2333621752927550E-021   5.9245985162832718E-011   3.0321793585378397E-007
   4.7633929456644762E-004   7.2341652251481650E-021   5.9245524524938126E-011   3.0321793585378397E-007
   4.7580126077556860E-004   7.2349681327337367E-021   5.9245064009560537E-011   3.0321793585378397E-007
   4.7526363228319463E-004   7.2357708980167112E-021   5.9244603521273397E-011   3.0321793585378397E-007
   4.7472640893661343E-004   7.2365735209442099E-021   5.9244143167913646E-011   3.0321793585378397E-007
   4.7418959058311244E-004   7.2373760014717751E-021   5.9243682874473113E-011   3.0321793585378397E-007
   4.7365317706997965E-004   7.2381783395461777E-021   5.9243222705967704E-011   3.0321793585378397E-007
   4.7311716824450248E-004   7.2389805351242149E-021   5.9242762587611554E-011   3.0321793585378397E-007
   4.7258156395396883E-004   7.2397825881525447E-021   5.9242302591550607E-011   3.0321793585378397E-007
   4.7204636404566628E-004   7.2405844985904004E-021   5.9241842647634441E-011   3.0321793585378397E-007
   4.7151156836688240E-004   7.2413862663883640E-021   5.9241382816979631E-011   3.0321793585378397E-007
   4.7097717676490515E-004   7.2421878914976763E-021   5.9240923071227117E-011   3.0321793585378397E-007
   4.7044318908702183E-004   7.2429893738666275E-021   5.9240463436215812E-011   3.0321793585378397E-007
   4.6990960518052041E-004   7.2437907134502563E-021   5.9240003884770118E-011   3.0321793585378397E-007
   4.6937642489268844E-004   7.2445919102103780E-021   5.9239544390910270E-011   3.0321793585378397E-007
   4.6884364807081363E-004   7.2453929640956772E-021   5.9239085009231066E-011   3.0321793585378397E-007
   4.6831127456218365E-004   7.2461938750550626E-021   5.9238625724138215E-011   3.0321793585378397E-007
   4.6777930421408619E-004   7.2469946430450939E-021   5.9238166520843341E-011   3.0321793585378397E-007
   4.6724773687380889E-004   7.2477952680209722E-021   5.9237707402042214E-011   3.0321793585378397E-007
   4.6671657238863941E-004   7.2485957499341474E-021   5.9237248378909048E-011   3.0321793585378397E-007
   4.6618581060586562E-004   7.2493960887370778E-021   5.9236789446364089E-011   3.0321793585378397E-007
   4.6565545137277492E-004   7.2501962843801329E-021   5.9236330603127442E-011   3.0321793585378397E-007
   4.6512549453665516E-004   7.2509963368128595E-021   5.9235871852098545E-011   3.0321793585378397E-007
   4.6459593994479403E-004   7.2517962459863298E-021   5.9235413187938307E-011   3.0321793585378397E-007
   4.6406678744447905E-004   7.2525960118520166E-021   5.9234954611253103E-011   3.0321793585378397E-007
   4.6353803688299800E-004   7.2533956343568152E-021   5.9234496147986382E-011   3.0321793585378397E-007
   4.6300968810763859E-004   7.2541951134600976E-021   5.9234037734777167E-011   3.0321793585378397E-007
   4.6248174096568854E-004   7.2549944491118649E-021   5.9233579433023302E-011   3.0321793585378397E-007
   4.6195419530443526E-004   7.2557936412597347E-021   5.9233121234881913E-011   3.0321793585378397E-007
   4.6142705097116678E-004   7.2565926898602938E-021   5.9232663108025773E-011   3.0321793585378397E-007
   4.6090030781317050E-004   7.2573915948630996E-021   5.9232205089368269E-011   3.0321793585378397E-007
   4.6037396567773421E-004   7.2581903562250381E-021   5.9231747127780424E-011   3.0321793585378397E-007
   4.5984802441214565E-004   7.2589889738911994E-021   5.9231289296505165E-011   3.0321793585378397E-007
   4.5932248386369235E-004   7.2597874478193228E-021   5.9230831514898884E-011   3.0321793585378397E-007
   4.5879734387966220E-004   7.2605857779598518E-021   5.9230373848006488E-011   3.0321793585378397E-007
   4.5827260430734258E-004   7.2613839642645718E-021   5.9229916264162664E-011   3.0321793585378397E-007
   4.5774826499402153E-004   7.2621820066837624E-021   5.9229458784284638E-011   3.0321793585378397E-007
   4.5722432578698636E-004   7.2629799051700215E-021   5.9229001399721250E-011   3.0321793585378397E-007
   4.5670078653352498E-004   7.2637776596804836E-021   5.9228544086370721E-011   3.0321793585378397E-007
   4.5617764708092502E-004   7.2645752701679109E-021   5.9228086866892577E-011   3.0321793585378397E-007
   4.5565490727647416E-004   7.2653727365839565E-021   5.9227629732380952E-011   3.0321793585378397E-007
   4.5513256696746003E-004   7.2661700588772326E-021   5.9227172697209673E-011   3.0321793585378397E-007
   4.5461062600117032E-004   7.2669672369954697E-021   5.9226715773373918E-011   3.0321793585378397E-007
   4.5408908422489265E-004   7.2677642708991203E-021   5.9226258900877103E-011   3.0321793585378397E-007
   4.5356794148591493E-004   7.2685611605342505E-021   5.9225802168597819E-011   3.0321793585378397E-007
   4.5304719763152458E-004   7.2693579058601031E-021   5.9225345478676076E-011   3.0321793585378397E-007
   4.5252685250900943E-004   7.2701545068206123E-021   5.9224888917519445E-011   3.0321793585378397E-007
   4.5200690596565706E-004   7.2709509633662472E-021   5.9224432426009159E-011   3.0321793585378397E-007
   4.5148735784875522E-004   7.2717472754571680E-021   5.9223976000771641E-011   3.0321793585378397E-007
   4.5096820800559148E-004   7.2725434430378102E-021   5.9223519708816262E-011   3.0321793585378397E-007
   4.5044945628345368E-004   7.2733394660634351E-021   5.9223063479240485E-011   3.0321793585378397E-007
   4.4993110252962941E-004   7.2741353444821795E-021   5.9222607373124388E-011   3.0321793585378397E-007
   4.4941314659140624E-004   7.2749310782519226E-021   5.9222151321562687E-011   3.0321793585378397E-007
   4.4889558831607212E-004   7.2757266673181862E-021   5.9221695402182199E-011   3.0321793585378397E-007
   4.4837842755091447E-004   7.2765221116359939E-021   5.9221239526819443E-011   3.0321793585378397E-007
   4.4786166414322102E-004   7.2773174111514737E-021   5.9220783784468815E-011   3.0321793585378397E-007
   4.4734529794027958E-004   7.2781125658233627E-021   5.9220328097120606E-011   3.0321793585378397E-007
   4.4682932878937766E-004   7.2789075756014542E-021   5.9219872529525970E-011   3.0321793585378397E-007
   4.4631375653780299E-004   7.2797024404395079E-021   5.9219417036849057E-011   3.0321793585378397E-007
   4.4579858103284322E-004   7.2804971602841123E-021   5.9218961672547124E-011   3.0321793585378397E-007
   4.4528380212178619E-004   7.2812917350968391E-021   5.9218506341978470E-011   3.0321793585378397E-007
   4.4476941965191936E-004   7.2820861648220830E-021   5.9218051158020522E-011   3.0321793585378397E-007
   4.4425543347053064E-004   7.2828804494159134E-021   5.9217596022800405E-011   3.0321793585378397E-007
   4.4374184342490749E-004   7.2836745888311314E-021   5.9217140988168578E-011   3.0321793585378397E-007
   4.4322864936233776E-004   7.2844685830122642E-021   5.9216686070063959E-011   3.0321793585378397E-007
   4.4271585113010893E-004   7.2852624319132143E-021   5.9216231223916505E-011   3.0321793585378397E-007
   4.4220344857550878E-004   7.2860561354857493E-021   5.9215776476878484E-011   3.0321793585378397E-007
   4.4169144154582499E-004   7.2868496936855366E-021   5.9215321799273823E-011   3.0321793585378397E-007
   4.4117982988834531E-004   7.2876431064560111E-021   5.9214867252342451E-011   3.0321793585378397E-007
   4.4066861345035731E-004   7.2884363737521843E-021   5.9214412756840853E-011   3.0321793585378397E-007
   4.4015779207914879E-004   7.2892294955202671E-021   5.9213958397609027E-011   3.0321793585378397E-007
   4.3964736562200721E-004   7.2900224717160036E-021   5.9213504106576252E-011   3.0321793585378397E-007
   4.3913733392622042E-004   7.2908153022984047E-021   5.9213049887880745E-011   3.0321793585378397E-007
   4.3862769683907611E-004   7.2916079872141898E-021   5.9212595789076874E-011   3.0321793585378397E-007
   4.3811845420786190E-004   7.2924005264163542E-021   5.9212141764465326E-011   3.0321793585378397E-007
   4.3760960587986537E-004   7.2931929198545680E-021   5.9211687849963098E-011   3.0321793585378397E-007
   4.3710115170237436E-004   7.2939851674785583E-021   5.9211234032248563E-011   3.0321793585378397E-007
   4.3659309152267658E-004   7.2947772692423346E-021   5.9210780297871506E-011   3.0321793585378397E-007
   4.3608542518805941E-004   7.2955692250987837E-021   5.9210326647517787E-011   3.0321793585378397E-007
   4.3557815254581083E-004   7.2963610349996642E-021   5.9209873075975847E-011   3.0321793585378397E-007
   4.3507127344321841E-004   7.2971526988922687E-021   5.9209419615969429E-011   3.0321793585378397E-007
   4.3456478772756988E-004   7.2979442167264373E-021   5.9208966262732976E-011   3.0321793585378397E-007
   4.3405869524615288E-004   7.2987355884620701E-021   5.9208512963401842E-011   3.0321793585378397E-007
   4.3355299584625493E-004   7.2995268140470767E-021   5.9208059796019923E-011   3.0321793585378397E-007
   4.3304768937516393E-004   7.3003178934329657E-021   5.9207606718677673E-011   3.0321793585378397E-007
   4.3254277568016757E-004   7.3011088265716656E-021   5.9207153719853023E-011   3.0321793585378397E-007
   4.3203825460855330E-004   7.3018996134154646E-021   5.9206700796025814E-011   3.0321793585378397E-007
   4.3153412600760899E-004   7.3026902539118810E-021   5.9206247977288568E-011   3.0321793585378397E-007
   4.3103038972462231E-004   7.3034807480093963E-021   5.9205795254796500E-011   3.0321793585378397E-007
   4.3052704560688090E-004   7.3042710956578639E-021   5.9205342628143387E-011   3.0321793585378397E-007
   4.3002409350167232E-004   7.3050612968072595E-021   5.9204890092209899E-011   3.0321793585378397E-007
   4.2952153325628444E-004   7.3058513514051766E-021   5.9204437674260568E-011   3.0321793585378397E-007
   4.2901936471800476E-004   7.3066412594120960E-021   5.9203985300432767E-011   3.0321793585378397E-007
   4.2851758773412119E-004   7.3074310207764014E-021   5.9203533044159222E-011   3.0321793585378397E-007
   4.2801620215192121E-004   7.3082206354473129E-021   5.9203080876672787E-011   3.0321793585378397E-007
   4.2751520781869243E-004   7.3090101033748600E-021   5.9202628815769066E-011   3.0321793585378397E-007
   4.2701460458172277E-004   7.3097994245107352E-021   5.9202176853691508E-011   3.0321793585378397E-007
   4.2651439228829973E-004   7.3105885988106600E-021   5.9201724970135698E-011   3.0321793585378397E-007
   4.2601457078571113E-004   7.3113776262289222E-021   5.9201273167617376E-011   3.0321793585378397E-007
   4.2551513992124441E-004   7.3121665067180762E-021   5.9200821459467994E-011   3.0321793585378397E-007
   4.2501609954218755E-004   7.3129552402276295E-021   5.9200369853527284E-011   3.0321793585378397E-007
   4.2451744949582794E-004   7.3137438267007282E-021   5.9199918365759910E-011   3.0321793585378397E-007
   4.2401918962945345E-004   7.3145322660961196E-021   5.9199466924587607E-011   3.0321793585378397E-007
   4.2352131979035170E-004   7.3153205583638274E-021   5.9199015598306167E-011   3.0321793585378397E-007
   4.2302383982581031E-004   7.3161087034517116E-021   5.9198564371202920E-011   3.0321793585378397E-007
   4.2252674958311709E-004   7.3168967013101674E-021   5.9198113245901399E-011   3.0321793585378397E-007
   4.2203004890955967E-004   7.3176845518919222E-021   5.9197662207072757E-011   3.0321793585378397E-007
   4.2153373765242572E-004   7.3184722551496269E-021   5.9197211262538169E-011   3.0321793585378397E-007
   4.2103781565900277E-004   7.3192598110397418E-021   5.9196760381808014E-011   3.0321793585378397E-007
   4.2054228277657867E-004   7.3200472195080610E-021   5.9196309617515720E-011   3.0321793585378397E-007
   4.2004713885244099E-004   7.3208344804991072E-021   5.9195858945551114E-011   3.0321793585378397E-007
   4.1955238373387758E-004   7.3216215939585225E-021   5.9195408372956453E-011   3.0321793585378397E-007
   4.1905801726817591E-004   7.3224085598361862E-021   5.9194957890401539E-011   3.0321793585378397E-007
   4.1856403930262378E-004   7.3231953780880847E-021   5.9194507489877027E-011   3.0321793585378397E-007
   4.1807044968450885E-004   7.3239820486646117E-021   5.9194057201502800E-011   3.0321793585378397E-007
   4.1757724826111878E-004   7.3247685715155998E-021   5.9193607004461139E-011   3.0321793585378397E-007
   4.1708443487974123E-004   7.3255549465970040E-021   5.9193156877853933E-011   3.0321793585378397E-007
   4.1659200938766390E-004   7.3263411738546152E-021   5.9192706879477171E-011   3.0321793585378397E-007
   4.1609997163217453E-004   7.3271272532444274E-021   5.9192256944374878E-011   3.0321793585378397E-007
   4.1560832146056057E-004   7.3279131847166314E-021   5.9191807120879361E-011   3.0321793585378397E-007
   4.1511705872011000E-004   7.3286989682210371E-021   5.9191357384828596E-011   3.0321793585378397E-007
   4.1462618325811037E-004   7.3294846037074965E-021   5.9190907739385722E-011   3.0321793585378397E-007
   4.1413569492184922E-004   7.3302700911203865E-021   5.9190458213253040E-011   3.0321793585378397E-007
   4.1364559355861440E-004   7.3310554304149351E-021   5.9190008753520007E-011   3.0321793585378397E-007
   4.1315587901569363E-004   7.3318406215442580E-021   5.9189559385276562E-011   3.0321793585378397E-007
   4.1266655114037434E-004   7.3326256644571646E-021   5.9189110122628512E-011   3.0321793585378397E-007
   4.1217760977994443E-004   7.3334105591048552E-021   5.9188660948208620E-011   3.0321793585378397E-007
   4.1168905478169157E-004   7.3341953054380996E-021   5.9188211876760538E-011   3.0321793585378397E-007
   4.1120088599290325E-004   7.3349799034080033E-021   5.9187762893600481E-011   3.0321793585378397E-007
   4.1071310326086741E-004   7.3357643529621614E-021   5.9187314014442643E-011   3.0321793585378397E-007
   4.1022570643287157E-004   7.3365486540524574E-021   5.9186865228803894E-011   3.0321793585378397E-007
   4.0973869535620332E-004   7.3373328066307218E-021   5.9186416540148336E-011   3.0321793585378397E-007
   4.0925206987815044E-004   7.3381168106517510E-021   5.9185967918637122E-011   3.0321793585378397E-007
   4.0876582984600068E-004   7.3389006660606335E-021   5.9185519420226785E-011   3.0321793585378397E-007
   4.0827997510704166E-004   7.3396843728091051E-021   5.9185070983627817E-011   3.0321793585378397E-007
   4.0779450550856101E-004   7.3404679308412732E-021   5.9184622683113204E-011   3.0321793585378397E-007
   4.0730942089784643E-004   7.3412513401114316E-021   5.9184174443715127E-011   3.0321793585378397E-007
   4.0682472112218564E-004   7.3420346005706978E-021   5.9183726307220568E-011   3.0321793585378397E-007
   4.0634040602886633E-004   7.3428177121678315E-021   5.9183278265767872E-011   3.0321793585378397E-007
   4.0585647546517603E-004   7.3436006748496591E-021   5.9182830344088899E-011   3.0321793585378397E-007
   4.0537292927840258E-004   7.3443834885719111E-021   5.9182382487320728E-011   3.0321793585378397E-007
   4.0488976731583361E-004   7.3451661532845752E-021   5.9181934733425133E-011   3.0321793585378397E-007
   4.0440698942475676E-004   7.3459486689350041E-021   5.9181487071449207E-011   3.0321793585378397E-007
   4.0392459545245975E-004   7.3467310354751911E-021   5.9181039500530383E-011   3.0321793585378397E-007
   4.0344258524623017E-004   7.3475132528565381E-021   5.9180592035503343E-011   3.0321793585378397E-007
   4.0296095865335581E-004   7.3482953210292794E-021   5.9180144671104273E-011   3.0321793585378397E-007
   4.0247971552112436E-004   7.3490772399475536E-021   5.9179697380220647E-011   3.0321793585378397E-007
   4.0199885569682333E-004   7.3498590095588282E-021   5.9179250199907520E-011   3.0321793585378397E-007
   4.0151837902774058E-004   7.3506406298127760E-021   5.9178803113205893E-011   3.0321793585378397E-007
   4.0103828536116367E-004   7.3514221006639543E-021   5.9178356105041136E-011   3.0321793585378397E-007
   4.0055857454438041E-004   7.3522034220590252E-021   5.9177909218511854E-011   3.0321793585378397E-007
   4.0007924642467831E-004   7.3529845939486775E-021   5.9177462427504665E-011   3.0321793585378397E-007
   3.9960030084934512E-004   7.3537656162874606E-021   5.9177015703515649E-011   3.0321793585378397E-007
   3.9912173766566851E-004   7.3545464890212470E-021   5.9176569106220472E-011   3.0321793585378397E-007
   3.9864355672093618E-004   7.3553272121027927E-021   5.9176122563776107E-011   3.0321793585378397E-007
   3.9816575786243586E-004   7.3561077854725925E-021   5.9175676152863825E-011   3.0321793585378397E-007
   3.9768834093745518E-004   7.3568882090794136E-021   5.9175229822461264E-011   3.0321793585378397E-007
   3.9721130579328166E-004   7.3576684828763475E-021   5.9174783576288102E-011   3.0321793585378397E-007
   3.9673465227720316E-004   7.3584486068104117E-021   5.9174337444961496E-011   3.0321793585378397E-007
   3.9625838023650740E-004   7.3592285808306217E-021   5.9173891410698268E-011   3.0321793585378397E-007
   3.9578248951848192E-004   7.3600084048968067E-021   5.9173445456378633E-011   3.0321793585378397E-007
   3.9530697997041444E-004   7.3607880789625188E-021   5.9172999615530446E-011   3.0321793585378397E-007
   3.9483185143959266E-004   7.3615676029784738E-021   5.9172553845761475E-011   3.0321793585378397E-007
   3.9435710377330426E-004   7.3623469768909757E-021   5.9172108184834067E-011   3.0321793585378397E-007
   3.9388273681883681E-004   7.3631262006424770E-021   5.9171662632967565E-011   3.0321793585378397E-007
   3.9340875042347822E-004   7.3639052741843147E-021   5.9171217146129661E-011   3.0321793585378397E-007
   3.9293514443451585E-004   7.3646841974651628E-021   5.9170771774856411E-011   3.0321793585378397E-007
   3.9246191869923776E-004   7.3654629704339978E-021   5.9170326508990812E-011   3.0321793585378397E-007
   3.9198907306493125E-004   7.3662415930407379E-021   5.9169881330756430E-011   3.0321793585378397E-007
   3.9151660737888423E-004   7.3670200652364856E-021   5.9169436221123923E-011   3.0321793585378397E-007
   3.9104452148838433E-004   7.3677983869681785E-021   5.9168991238055323E-011   3.0321793585378397E-007
   3.9057281524071912E-004   7.3685765581832914E-021   5.9168546352225229E-011   3.0321793585378397E-007
   3.9010148848317650E-004   7.3693545788341756E-021   5.9168101553443332E-011   3.0321793585378397E-007
   3.8963054106304395E-004   7.3701324488760441E-021   5.9167656825268874E-011   3.0321793585378397E-007
   3.8915997282760919E-004   7.3709101682570322E-021   5.9167212222947451E-011   3.0321793585378397E-007
   3.8868978362415987E-004   7.3716877369274556E-021   5.9166767708710528E-011   3.0321793585378397E-007
   3.8821997329998377E-004   7.3724651548336605E-021   5.9166323309380792E-011   3.0321793585378397E-007
   3.8775054170236853E-004   7.3732424219323676E-021   5.9165878978352768E-011   3.0321793585378397E-007
   3.8728148867860177E-004   7.3740195381713827E-021   5.9165434756078263E-011   3.0321793585378397E-007
   3.8681281407597123E-004   7.3747965034936969E-021   5.9164990630190862E-011   3.0321793585378397E-007
   3.8634451774176455E-004   7.3755733178505027E-021   5.9164546596983234E-011   3.0321793585378397E-007
   3.8587659952326952E-004   7.3763499811933060E-021   5.9164102654009054E-011   3.0321793585378397E-007
   3.8540905926777360E-004   7.3771264934697740E-021   5.9163658827981735E-011   3.0321793585378397E-007
   3.8494189682256464E-004   7.3779028546303548E-021   5.9163215083371075E-011   3.0321793585378397E-007
   3.8447511203493017E-004   7.3786790646247153E-021   5.9162771424455307E-011   3.0321793585378397E-007
   3.8400870475215803E-004   7.3794551233972834E-021   5.9162327882612090E-011   3.0321793585378397E-007
   3.8354267482153584E-004   7.3802310308972928E-021   5.9161884432258384E-011   3.0321793585378397E-007
   3.8307702209035131E-004   7.3810067870774378E-021   5.9161441072063488E-011   3.0321793585378397E-007
   3.8261174640589194E-004   7.3817823918901526E-021   5.9160997796949158E-011   3.0321793585378397E-007
   3.8214684761544559E-004   7.3825578452812493E-021   5.9160554636228904E-011   3.0321793585378397E-007
   3.8168232556629988E-004   7.3833331471987939E-021   5.9160111570588319E-011   3.0321793585378397E-007
   3.8121818010574256E-004   7.3841082975959803E-021   5.9159668584930968E-011   3.0321793585378397E-007
   3.8075441108106114E-004   7.3848832964229616E-021   5.9159225704272848E-011   3.0321793585378397E-007
   3.8029101833954347E-004   7.3856581436270214E-021   5.9158782927956802E-011   3.0321793585378397E-007
   3.7982800172847714E-004   7.3864328391568052E-021   5.9158340241627564E-011   3.0321793585378397E-007
   3.7936536109514976E-004   7.3872073829601307E-021   5.9157897660224921E-011   3.0321793585378397E-007
   3.7890309628684914E-004   7.3879817749887865E-021   5.9157455162328098E-011   3.0321793585378397E-007
   3.7844120715086295E-004   7.3887560151891806E-021   5.9157012780012525E-011   3.0321793585378397E-007
   3.7797969353447884E-004   7.3895301035130490E-021   5.9156570470686270E-011   3.0321793585378397E-007
   3.7751855528498436E-004   7.3903040399099983E-021   5.9156128276513716E-011   3.0321793585378397E-007
   3.7705779224966738E-004   7.3910778243306256E-021   5.9155686178510898E-011   3.0321793585378397E-007
   3.7659740427581541E-004   7.3918514567250643E-021   5.9155244169355653E-011   3.0321793585378397E-007
   3.7613739121071624E-004   7.3926249370410795E-021   5.9154802256788699E-011   3.0321793585378397E-007
   3.7567775290165751E-004   7.3933982652244910E-021   5.9154360455668577E-011   3.0321793585378397E-007
   3.7521848919592696E-004   7.3941714412268134E-021   5.9153918729953646E-011   3.0321793585378397E-007
   3.7475959994081215E-004   7.3949444649949226E-021   5.9153477121186181E-011   3.0321793585378397E-007
   3.7430108498360078E-004   7.3957173364795361E-021   5.9153035586656431E-011   3.0321793585378397E-007
   3.7384294417158070E-004   7.3964900556272271E-021   5.9152594169977753E-011   3.0321793585378397E-007
   3.7338517735203931E-004   7.3972626223899423E-021   5.9152152837051267E-011   3.0321793585378397E-007
   3.7292778437226452E-004   7.3980350367198344E-021   5.9151711603533189E-011   3.0321793585378397E-007
   3.7247076507954390E-004   7.3988072985653396E-021   5.9151270471555925E-011   3.0321793585378397E-007
   3.7201411932116514E-004   7.3995794078749513E-021   5.9150829436994016E-011   3.0321793585378397E-007
   3.7155784694441592E-004   7.4003513645966814E-021   5.9150388496981138E-011   3.0321793585378397E-007
   3.7110194779658388E-004   7.4011231686775969E-021   5.9149947657884192E-011   3.0321793585378397E-007
   3.7064642172495669E-004   7.4018948200680526E-021   5.9149506921339147E-011   3.0321793585378397E-007
   3.7019126857682215E-004   7.4026663187185910E-021   5.9149066272661336E-011   3.0321793585378397E-007
   3.6973648819946784E-004   7.4034376645715081E-021   5.9148625735054107E-011   3.0321793585378397E-007
   3.6928208044018145E-004   7.4042088575784871E-021   5.9148185270375644E-011   3.0321793585378397E-007
   3.6882804514625070E-004   7.4049798976875955E-021   5.9147744913287995E-011   3.0321793585378397E-007
   3.6837438216496323E-004   7.4057507848425376E-021   5.9147304665949804E-011   3.0321793585378397E-007
   3.6792109134360667E-004   7.4065215189954555E-021   5.9146864488802721E-011   3.0321793585378397E-007
   3.6746817252946877E-004   7.4072921000917370E-021   5.9146424448000801E-011   3.0321793585378397E-007
   3.6701562556983714E-004   7.4080625280855916E-021   5.9145984469065490E-011   3.0321793585378397E-007
   3.6656345031199953E-004   7.4088328029259281E-021   5.9145544602156994E-011   3.0321793585378397E-007
   3.6611164660324357E-004   7.4096029245601459E-021   5.9145104828241163E-011   3.0321793585378397E-007
   3.6566021429085700E-004   7.4103728929359607E-021   5.9144665152754862E-011   3.0321793585378397E-007
   3.6520915322212739E-004   7.4111427079975610E-021   5.9144225596006862E-011   3.0321793585378397E-007
   3.6475846324434254E-004   7.4119123696986809E-021   5.9143786105777844E-011   3.0321793585378397E-007
   3.6430814420479002E-004   7.4126818779865709E-021   5.9143346731452934E-011   3.0321793585378397E-007
   3.6385819595075752E-004   7.4134512328100120E-021   5.9142907439039855E-011   3.0321793585378397E-007
   3.6340861832953277E-004   7.4142204341174643E-021   5.9142468268998093E-011   3.0321793585378397E-007
   3.6295941118840347E-004   7.4149894818594977E-021   5.9142029186844271E-011   3.0321793585378397E-007
   3.6251057437465718E-004   7.4157583759875788E-021   5.9141590190427435E-011   3.0321793585378397E-007
   3.6206210773558170E-004   7.4165271164471044E-021   5.9141151309451590E-011   3.0321793585378397E-007
   3.6161401111846461E-004   7.4172957031872857E-021   5.9140712515731847E-011   3.0321793585378397E-007
   3.6116628437059370E-004   7.4180641361582245E-021   5.9140273813993542E-011   3.0321793585378397E-007
   3.6071892733925654E-004   7.4188324153045819E-021   5.9139835226435397E-011   3.0321793585378397E-007
   3.6027193987174083E-004   7.4196005405764432E-021   5.9139396715502728E-011   3.0321793585378397E-007
   3.5982532181533429E-004   7.4203685119195289E-021   5.9138958320173111E-011   3.0321793585378397E-007
   3.5937907301732456E-004   7.4211363292824978E-021   5.9138520023371265E-011   3.0321793585378397E-007
   3.5893319332499937E-004   7.4219039926165125E-021   5.9138081812485903E-011   3.0321793585378397E-007
   3.5848768258564626E-004   7.4226715018679917E-021   5.9137643705370479E-011   3.0321793585378397E-007
   3.5804254064655306E-004   7.4234388569815933E-021   5.9137205695755027E-011   3.0321793585378397E-007
   3.5759776735500736E-004   7.4242060579038909E-021   5.9136767787789215E-011   3.0321793585378397E-007
   3.5715336255829694E-004   7.4249731045847532E-021   5.9136329981707188E-011   3.0321793585378397E-007
   3.5670932610370928E-004   7.4257399969767826E-021   5.9135892265476324E-011   3.0321793585378397E-007
   3.5626565783853227E-004   7.4265067350278272E-021   5.9135454654852991E-011   3.0321793585378397E-007
   3.5582235761005349E-004   7.4272733186856114E-021   5.9135017142268449E-011   3.0321793585378397E-007
   3.5537942526556068E-004   7.4280397479012844E-021   5.9134579722046403E-011   3.0321793585378397E-007
   3.5493686065234131E-004   7.4288060226233139E-021   5.9134142405394078E-011   3.0321793585378397E-007
   3.5449466361768333E-004   7.4295721427972294E-021   5.9133705196540330E-011   3.0321793585378397E-007
   3.5405283400887421E-004   7.4303381083716144E-021   5.9133268062669019E-011   3.0321793585378397E-007
   3.5361137167320180E-004   7.4311039192912353E-021   5.9132831045107884E-011   3.0321793585378397E-007
   3.5317027645795362E-004   7.4318695755069390E-021   5.9132394116262322E-011   3.0321793585378397E-007
   3.5272954821041747E-004   7.4326350769692334E-021   5.9131957291762208E-011   3.0321793585378397E-007
   3.5228918677788096E-004   7.4334004236278849E-021   5.9131520581199593E-011   3.0321793585378397E-007
   3.5184919200763180E-004   7.4341656154332782E-021   5.9131083957497650E-011   3.0321793585378397E-007
   3.5140956374695760E-004   7.4349306523344153E-021   5.9130647422594890E-011   3.0321793585378397E-007
   3.5097030184314605E-004   7.4356955342767127E-021   5.9130210986189166E-011   3.0321793585378397E-007
   3.5053140614348495E-004   7.4364602612014129E-021   5.9129774653595629E-011   3.0321793585378397E-007
   3.5009287649526188E-004   7.4372248330506011E-021   5.9129338428032815E-011   3.0321793585378397E-007
   3.4965471274576450E-004   7.4379892497789487E-021   5.9128902296847766E-011   3.0321793585378397E-007
   3.4921691474228052E-004   7.4387535113430953E-021   5.9128466277089698E-011   3.0321793585378397E-007
   3.4877948233209762E-004   7.4395176176927575E-021   5.9128030340756621E-011   3.0321793585378397E-007
   3.4834241536250347E-004   7.4402815687731712E-021   5.9127594492370924E-011   3.0321793585378397E-007
   3.4790571368078566E-004   7.4410453645284949E-021   5.9127158757843162E-011   3.0321793585378397E-007
   3.4746937713423204E-004   7.4418090049063524E-021   5.9126723124411863E-011   3.0321793585378397E-007
   3.4703340557013017E-004   7.4425724898568321E-021   5.9126287589281028E-011   3.0321793585378397E-007
   3.4659779883576780E-004   7.4433358193255489E-021   5.9125852165390075E-011   3.0321793585378397E-007
   3.4616255677843251E-004   7.4440989932597519E-021   5.9125416809108936E-011   3.0321793585378397E-007
   3.4572767924541208E-004   7.4448620116024141E-021   5.9124981584541150E-011   3.0321793585378397E-007
   3.4529316608399409E-004   7.4456248743007740E-021   5.9124546428335317E-011   3.0321793585378397E-007
   3.4485901714146635E-004   7.4463875813003233E-021   5.9124111380681107E-011   3.0321793585378397E-007
   3.4442523226511636E-004   7.4471501325465400E-021   5.9123676443573355E-011   3.0321793585378397E-007
   3.4399181130223186E-004   7.4479125279861137E-021   5.9123241599597740E-011   3.0321793585378397E-007
   3.4355875410010061E-004   7.4486747675661924E-021   5.9122806843746716E-011   3.0321793585378397E-007
   3.4312606050601027E-004   7.4494368512306625E-021   5.9122372204380624E-011   3.0321793585378397E-007
   3.4269373036724843E-004   7.4501987789249825E-021   5.9121937654619698E-011   3.0321793585378397E-007
   3.4226176353110283E-004   7.4509605505999795E-021   5.9121503196520853E-011   3.0321793585378397E-007
   3.4183015984486114E-004   7.4517221662075504E-021   5.9121068850531425E-011   3.0321793585378397E-007
   3.4139891915581101E-004   7.4524836256994402E-021   5.9120634606231174E-011   3.0321793585378397E-007
   3.4096804131124011E-004   7.4532449290245454E-021   5.9120200466039681E-011   3.0321793585378397E-007
   3.4053752615843623E-004   7.4540060761313866E-021   5.9119766412958747E-011   3.0321793585378397E-007
   3.4010737354468691E-004   7.4547670669654704E-021   5.9119332471536351E-011   3.0321793585378397E-007
   3.3967758331727993E-004   7.4555279014757899E-021   5.9118898609088662E-011   3.0321793585378397E-007
   3.3924815532350287E-004   7.4562885796096167E-021   5.9118464858916150E-011   3.0321793585378397E-007
   3.3881908941064341E-004   7.4570491013122213E-021   5.9118031208361051E-011   3.0321793585378397E-007
   3.3839038542598935E-004   7.4578094665292608E-021   5.9117597670477360E-011   3.0321793585378397E-007
   3.3796204321682826E-004   7.4585696752101992E-021   5.9117164205522513E-011   3.0321793585378397E-007
   3.3753406263044782E-004   7.4593297272980680E-021   5.9116730867525014E-011   3.0321793585378397E-007
   3.3710644351413573E-004   7.4600896227416104E-021   5.9116297616785414E-011   3.0321793585378397E-007
   3.3667918571517966E-004   7.4608493614939436E-021   5.9115864456609852E-011   3.0321793585378397E-007
   3.3625228908086736E-004   7.4616089435010694E-021   5.9115431413696009E-011   3.0321793585378397E-007
   3.3582575345848640E-004   7.4623683687104864E-021   5.9114998470297369E-011   3.0321793585378397E-007
   3.3539957869532458E-004   7.4631276370734899E-021   5.9114565609068525E-011   3.0321793585378397E-007
   3.3497376463866935E-004   7.4638867485360499E-021   5.9114132864760123E-011   3.0321793585378397E-007
   3.3454831113580857E-004   1.2928524211124163E-022   2.0567787501607209E-013   3.0321793585378397E-007
   3.3412321803402998E-004   1.3900182186179574E-022   3.1912615298254305E-013   3.0321793585378397E-007
   3.3369848518062110E-004   1.4973951544306888E-022   3.9006492947923484E-013   3.0321793585378397E-007
   3.3327411242286967E-004   1.5951361235341963E-022   4.3552975217870278E-013   3.0321793585378397E-007
   3.3285009960806332E-004   1.6847487003276502E-022   4.6517209680759793E-013   3.0321793585378397E-007
   3.3242644658348984E-004   1.7675149803622544E-022   4.8462536928138466E-013   3.0321793585378397E-007
   3.3200315319643680E-004   1.8443628747329025E-022   4.9738675227740443E-013   3.0321793585378397E-007
   3.3158021929419190E-004   1.9159966680464965E-022   5.0570285985305646E-013   3.0321793585378397E-007
   3.3115764472404293E-004   1.9829695789736186E-022   5.1104572750648326E-013   3.0321793585378397E-007
   3.3073542933327734E-004   2.0457275097161318E-022   5.1439148244775898E-013   3.0321793585378397E-007
   3.3031357296918294E-004   2.1046378284444812E-022   5.1639222540517750E-013   3.0321793585378397E-007
   3.2989207547904747E-004   2.1600094626302761E-022   5.1748596191148295E-013   3.0321793585378397E-007
   3.2947093671015855E-004   2.2121070228500093E-022   5.1796774698159773E-013   3.0321793585378397E-007
   3.2905015650980376E-004   2.2611606745869980E-022   5.1803624930015243E-013   3.0321793585378397E-007
   3.2862973472527095E-004   2.3073739425401085E-022   5.1782559045697026E-013   3.0321793585378397E-007
   3.2820967120384764E-004   2.3509293639419352E-022   5.1742675168786051E-013   3.0321793585378397E-007
   3.2778996579282157E-004   2.3919920678613190E-022   5.1690087575820499E-013   3.0321793585378397E-007
   3.2737061833948053E-004   2.4307131572903608E-022   5.1628947220915644E-013   3.0321793585378397E-007
   3.2695162869111200E-004   2.4672317813940551E-022   5.1562055765643443E-013   3.0321793585378397E-007
   3.2653299669500375E-004   2.5016768626740007E-022   5.1491306237757315E-013   3.0321793585378397E-007
   3.2611472219844348E-004   2.5341683964086526E-022   5.1417977366156261E-013   3.0321793585378397E-007
   3.2569680504871887E-004   2.5648184623861068E-022   5.1342932644207507E-013   3.0321793585378397E-007
   3.2527924509311755E-004   2.5937320275821346E-022   5.1266754959617155E-013   3.0321793585378397E-007
   3.2486204217892722E-004   2.6210075962198787E-022   5.1189837632547125E-013   3.0321793585378397E-007
   3.2444519615343554E-004   2.6467377476355893E-022   5.1112445961835720E-013   3.0321793585378397E-007
   3.2402870686393020E-004   2.6710095908486323E-022   5.1034758820963863E-013   3.0321793585378397E-007
   3.2361257415769890E-004   2.6939051564765549E-022   5.0956896761252884E-013   3.0321793585378397E-007
   3.2319679788202926E-004   2.7155017407470084E-022   5.0878940992182097E-013   3.0321793585378397E-007
   3.2278137788420896E-004   2.7358722120584516E-022   5.0800946161229693E-013   3.0321793585378397E-007
   3.2236631401152580E-004   2.7550852878899792E-022   5.0722949021029308E-013   3.0321793585378397E-007
   3.2195160611126736E-004   2.7732057882156457E-022   5.0644974418386025E-013   3.0321793585378397E-007
