  0.89822189602621094     
   1.7775320094941271E-003
   1.7520715154231415E-003
   9.9999999999976608E-002
   5.7428647116490383E-022
   1.4342043746806829E-011
   2.5460191957953822E-005
   3.9731757206435330E-008
   5.4625957231179229E-016
   2.1225638540046163E-010
   2.8778267899652410E-010
   8.1998872686318468E-023
   7.3981535605257285E-013
   2.8592694197395505E-007
   1.7564703272785850E-014
   1.0325406474556141E-018
   2.3792925580033068E-017
   9.4494687122646689E-011
   1.0376183643609256E-018
   6.6427950464542971E-022
   1.3162542110655090E-033
   5.6716040014750960E-038
   3.1745665431507093E-019
   172.61047704043034     
