  0.89866611107448646     
   1.3309686190623113E-003
   1.3054683615618416E-003
   9.9999999999961162E-002
   4.1669022302023475E-022
   1.4249950564927287E-012
   2.5499392804173527E-005
   5.6470804741671799E-013
   3.9262383864510067E-017
   2.5682166941285613E-010
   2.1161634411643381E-010
   3.8766856515147418E-021
   1.3419371145430621E-013
   1.4598009620206480E-006
   3.6521849071223967E-014
   1.7535532158062995E-019
   4.5298574947618380E-018
   6.2476781121933512E-010
   1.2078979518985844E-018
   1.6716443190139922E-022
   1.8990230277644922E-033
   1.5696053068267267E-051
   3.1408520687081602E-019
   3.6955805362603499E-014
   1.1221875034589140E-022
   6.3648332016904706E-027
   2.9629091057382455E-032
