  0.89822189602679459     
   1.7775320091310816E-003
   1.7520715215517580E-003
   9.9999999999974221E-002
   5.7428647389065790E-022
   1.4342043801975927E-011
   2.5460191944461227E-005
   3.9731757175462286E-008
   5.4625862353284718E-016
   2.0576185008726044E-010
   2.6984798065058029E-010
   7.9489904519583673E-023
   7.3981535559906078E-013
   2.8592693730316307E-007
   1.7564703263664125E-014
   1.0325406184135643E-018
   2.3792338440663784E-017
   9.4491224383152112E-011
   1.0375981268074967E-018
   6.6424913940181924E-022
   1.3162542173086681E-033
   5.5728480161843150E-038
   3.0774805116246256E-019
   8.4946633260546243E-015
   6.1729950751826275E-022
   5.4570037689036411E-026
   2.6881380439383358E-030
