# z             x_e = ne/nH
4.000000e+03 1.099162e+00
3.999999e+03 1.099162e+00
3.999989e+03 1.099162e+00
3.999907e+03 1.099162e+00
3.999654e+03 1.099162e+00
3.999061e+03 1.099162e+00
3.998001e+03 1.099162e+00
3.995604e+03 1.099162e+00
3.988594e+03 1.099162e+00
3.978594e+03 1.099162e+00
3.978457e+03 1.099162e+00
3.978348e+03 1.099162e+00
3.978175e+03 1.099162e+00
3.978083e+03 1.099162e+00
3.977995e+03 1.099162e+00
3.977860e+03 1.099162e+00
3.977648e+03 1.099162e+00
3.977457e+03 1.099162e+00
3.977394e+03 1.099162e+00
3.977326e+03 1.099162e+00
3.977098e+03 1.099162e+00
3.976747e+03 1.099162e+00
3.976480e+03 1.099162e+00
3.976028e+03 1.099162e+00
3.975400e+03 1.099162e+00
3.974314e+03 1.099162e+00
3.973291e+03 1.099162e+00
3.971215e+03 1.099162e+00
3.966977e+03 1.099162e+00
3.958556e+03 1.099162e+00
3.948556e+03 1.099162e+00
3.938556e+03 1.099162e+00
3.933801e+03 1.099162e+00
3.931114e+03 1.099162e+00
3.929005e+03 1.099162e+00
3.924303e+03 1.099162e+00
3.915314e+03 1.099162e+00
3.905314e+03 1.099162e+00
3.896710e+03 1.099162e+00
3.886710e+03 1.099162e+00
3.876710e+03 1.099162e+00
3.866710e+03 1.099162e+00
3.856710e+03 1.099162e+00
3.846710e+03 1.099162e+00
3.836710e+03 1.099162e+00
3.826710e+03 1.099162e+00
3.816710e+03 1.099162e+00
3.806710e+03 1.099162e+00
3.804932e+03 1.099162e+00
3.803513e+03 1.099162e+00
3.798791e+03 1.099162e+00
3.789527e+03 1.099162e+00
3.779527e+03 1.099162e+00
3.769527e+03 1.099162e+00
3.759527e+03 1.099162e+00
3.749527e+03 1.099162e+00
3.739527e+03 1.099162e+00
3.729527e+03 1.099162e+00
3.719527e+03 1.099162e+00
3.709527e+03 1.099162e+00
3.699527e+03 1.099162e+00
3.691188e+03 1.099162e+00
3.681188e+03 1.099162e+00
3.671188e+03 1.099162e+00
3.661188e+03 1.099162e+00
3.651188e+03 1.099162e+00
3.643253e+03 1.099162e+00
3.640170e+03 1.099162e+00
3.637503e+03 1.099162e+00
3.633337e+03 1.099162e+00
3.626332e+03 1.099162e+00
3.619773e+03 1.099162e+00
3.610088e+03 1.099162e+00
3.600174e+03 1.099162e+00
3.590174e+03 1.099161e+00
3.580174e+03 1.099161e+00
3.570174e+03 1.099161e+00
3.562415e+03 1.099161e+00
3.552415e+03 1.099161e+00
3.543695e+03 1.099161e+00
3.533695e+03 1.099161e+00
3.525666e+03 1.099161e+00
3.519628e+03 1.099161e+00
3.513768e+03 1.099161e+00
3.504962e+03 1.099161e+00
3.497480e+03 1.099161e+00
3.487480e+03 1.099161e+00
3.481663e+03 1.099161e+00
3.478986e+03 1.099161e+00
3.475998e+03 1.099161e+00
3.470870e+03 1.099161e+00
3.465481e+03 1.099161e+00
3.455481e+03 1.099161e+00
3.445481e+03 1.099160e+00
3.435481e+03 1.099160e+00
3.425481e+03 1.099160e+00
3.415481e+03 1.099160e+00
3.405481e+03 1.099160e+00
3.395481e+03 1.099160e+00
3.385481e+03 1.099159e+00
3.375481e+03 1.099159e+00
3.365481e+03 1.099159e+00
3.355481e+03 1.099158e+00
3.345481e+03 1.099158e+00
3.335481e+03 1.099158e+00
3.325481e+03 1.099157e+00
3.315481e+03 1.099157e+00
3.305481e+03 1.099156e+00
3.295481e+03 1.099156e+00
3.285481e+03 1.099155e+00
3.275481e+03 1.099155e+00
3.265481e+03 1.099154e+00
3.255481e+03 1.099153e+00
3.245481e+03 1.099152e+00
3.235481e+03 1.099151e+00
3.225481e+03 1.099150e+00
3.215481e+03 1.099149e+00
3.205481e+03 1.099148e+00
3.195481e+03 1.099146e+00
3.185481e+03 1.099145e+00
3.175481e+03 1.099143e+00
3.165481e+03 1.099141e+00
3.155481e+03 1.099139e+00
3.145481e+03 1.099136e+00
3.135481e+03 1.099133e+00
3.125481e+03 1.099130e+00
3.115481e+03 1.099127e+00
3.105481e+03 1.099123e+00
3.095481e+03 1.099119e+00
3.085481e+03 1.099114e+00
3.075481e+03 1.099109e+00
3.065481e+03 1.099103e+00
3.055481e+03 1.099096e+00
3.045481e+03 1.099089e+00
3.035481e+03 1.099081e+00
3.025481e+03 1.099071e+00
3.015481e+03 1.099061e+00
3.005481e+03 1.099049e+00
2.995481e+03 1.099036e+00
2.985481e+03 1.099021e+00
2.975481e+03 1.099005e+00
2.965481e+03 1.098986e+00
2.955481e+03 1.098965e+00
2.945481e+03 1.098941e+00
2.935481e+03 1.098914e+00
2.925481e+03 1.098884e+00
2.915481e+03 1.098850e+00
2.905481e+03 1.098812e+00
2.895481e+03 1.098770e+00
2.885481e+03 1.098722e+00
2.875481e+03 1.098668e+00
2.865481e+03 1.098607e+00
2.855481e+03 1.098540e+00
2.845481e+03 1.098464e+00
2.835481e+03 1.098381e+00
2.825481e+03 1.098288e+00
2.815481e+03 1.098185e+00
2.805481e+03 1.098072e+00
2.795481e+03 1.097949e+00
2.785481e+03 1.097814e+00
2.775481e+03 1.097668e+00
2.765481e+03 1.097510e+00
2.755481e+03 1.097341e+00
2.745481e+03 1.097160e+00
2.735481e+03 1.096967e+00
2.725481e+03 1.096764e+00
2.715481e+03 1.096549e+00
2.705481e+03 1.096324e+00
2.695481e+03 1.096090e+00
2.685481e+03 1.095845e+00
2.675481e+03 1.095592e+00
2.665481e+03 1.095330e+00
2.655481e+03 1.095061e+00
2.645481e+03 1.094784e+00
2.635481e+03 1.094500e+00
2.625481e+03 1.094210e+00
2.615481e+03 1.093915e+00
2.605481e+03 1.093614e+00
2.595481e+03 1.093308e+00
2.585481e+03 1.092997e+00
2.575481e+03 1.092683e+00
2.565481e+03 1.092364e+00
2.555481e+03 1.092042e+00
2.545481e+03 1.091716e+00
2.535481e+03 1.091388e+00
2.525481e+03 1.091056e+00
2.515481e+03 1.090721e+00
2.505481e+03 1.090384e+00
2.495481e+03 1.090044e+00
2.485481e+03 1.089701e+00
2.475481e+03 1.089355e+00
2.465481e+03 1.089007e+00
2.455481e+03 1.088656e+00
2.445481e+03 1.088303e+00
2.435481e+03 1.087947e+00
2.425481e+03 1.087588e+00
2.415481e+03 1.087226e+00
2.405481e+03 1.086861e+00
2.395481e+03 1.086492e+00
2.385481e+03 1.086121e+00
2.375481e+03 1.085745e+00
2.365481e+03 1.085367e+00
2.355481e+03 1.084984e+00
2.345481e+03 1.084598e+00
2.335481e+03 1.084207e+00
2.325481e+03 1.083812e+00
2.315481e+03 1.083412e+00
2.305481e+03 1.083008e+00
2.295481e+03 1.082599e+00
2.285481e+03 1.082184e+00
2.275481e+03 1.081764e+00
2.265481e+03 1.081338e+00
2.255481e+03 1.080907e+00
2.245481e+03 1.080469e+00
2.235481e+03 1.080024e+00
2.225481e+03 1.079573e+00
2.215481e+03 1.079115e+00
2.205481e+03 1.078650e+00
2.195481e+03 1.078177e+00
2.185481e+03 1.077696e+00
2.175481e+03 1.077207e+00
2.165481e+03 1.076710e+00
2.155481e+03 1.076203e+00
2.145481e+03 1.075688e+00
2.135481e+03 1.075163e+00
2.125481e+03 1.074629e+00
2.115481e+03 1.074084e+00
2.105481e+03 1.073529e+00
2.095481e+03 1.072963e+00
2.085481e+03 1.072385e+00
2.075481e+03 1.071796e+00
2.065481e+03 1.071195e+00
2.055481e+03 1.070582e+00
2.045481e+03 1.069956e+00
2.035481e+03 1.069316e+00
2.025481e+03 1.068663e+00
2.015481e+03 1.067996e+00
2.005481e+03 1.067314e+00
1.995481e+03 1.066616e+00
1.985481e+03 1.065904e+00
1.975481e+03 1.065175e+00
1.965481e+03 1.064430e+00
1.955481e+03 1.063668e+00
1.945481e+03 1.062888e+00
1.935481e+03 1.062090e+00
1.925481e+03 1.061274e+00
1.915481e+03 1.060438e+00
1.905481e+03 1.059583e+00
1.895481e+03 1.058707e+00
1.885481e+03 1.057810e+00
1.875481e+03 1.056892e+00
1.865481e+03 1.055952e+00
1.855481e+03 1.054989e+00
1.845481e+03 1.054002e+00
1.835481e+03 1.052992e+00
1.825481e+03 1.051956e+00
1.815481e+03 1.050895e+00
1.805481e+03 1.049807e+00
1.795481e+03 1.048692e+00
1.785481e+03 1.047548e+00
1.775481e+03 1.046375e+00
1.765481e+03 1.045171e+00
1.755481e+03 1.043935e+00
1.745481e+03 1.042665e+00
1.735481e+03 1.041359e+00
1.725481e+03 1.040015e+00
1.715481e+03 1.038629e+00
1.705481e+03 1.037198e+00
1.695481e+03 1.035718e+00
1.685481e+03 1.034182e+00
1.675481e+03 1.032583e+00
1.665481e+03 1.030914e+00
1.655481e+03 1.029161e+00
1.645481e+03 1.027311e+00
1.635481e+03 1.025346e+00
1.625481e+03 1.023242e+00
1.615481e+03 1.020971e+00
1.605481e+03 1.018496e+00
1.595481e+03 1.015772e+00
1.585481e+03 1.012745e+00
1.575481e+03 1.009346e+00
1.565481e+03 1.005498e+00
1.555481e+03 1.001109e+00
1.545481e+03 9.960796e-01
1.535481e+03 9.903042e-01
1.525481e+03 9.836763e-01
1.515481e+03 9.760956e-01
1.505481e+03 9.674737e-01
1.495481e+03 9.577399e-01
1.485481e+03 9.468443e-01
1.475481e+03 9.347588e-01
1.465481e+03 9.214764e-01
1.455481e+03 9.070100e-01
1.445481e+03 8.913895e-01
1.435481e+03 8.746589e-01
1.425481e+03 8.568741e-01
1.415481e+03 8.380995e-01
1.405481e+03 8.184065e-01
1.395481e+03 7.978713e-01
1.385481e+03 7.765727e-01
1.375481e+03 7.545914e-01
1.365481e+03 7.320084e-01
1.355481e+03 7.089044e-01
1.345481e+03 6.853586e-01
1.335481e+03 6.614492e-01
1.325481e+03 6.372522e-01
1.315481e+03 6.128419e-01
1.305481e+03 5.882904e-01
1.295481e+03 5.636681e-01
1.285481e+03 5.390435e-01
1.275481e+03 5.144832e-01
1.265481e+03 4.900523e-01
1.255481e+03 4.658145e-01
1.245481e+03 4.418314e-01
1.235481e+03 4.181635e-01
1.225481e+03 3.948695e-01
1.215481e+03 3.720060e-01
1.205481e+03 3.496279e-01
1.195481e+03 3.277875e-01
1.185481e+03 3.065346e-01
1.175481e+03 2.859159e-01
1.165481e+03 2.659748e-01
1.155481e+03 2.467505e-01
1.145481e+03 2.282785e-01
1.135481e+03 2.105892e-01
1.125481e+03 1.937081e-01
1.115481e+03 1.776557e-01
1.105481e+03 1.624466e-01
1.095481e+03 1.480900e-01
1.085481e+03 1.345892e-01
1.075481e+03 1.219421e-01
1.065481e+03 1.101409e-01
1.055481e+03 9.917263e-02
1.045481e+03 8.901927e-02
1.035481e+03 7.965836e-02
1.025481e+03 7.106336e-02
1.015481e+03 6.320414e-02
1.005481e+03 5.604762e-02
9.954812e+02 4.955827e-02
9.854812e+02 4.369870e-02
9.754812e+02 3.843024e-02
9.654812e+02 3.371346e-02
9.554812e+02 2.950867e-02
9.454812e+02 2.577639e-02
9.354812e+02 2.247776e-02
9.254812e+02 1.957486e-02
9.154812e+02 1.703108e-02
9.054812e+02 1.481131e-02
8.954812e+02 1.288217e-02
8.854812e+02 1.121216e-02
8.754812e+02 9.771796e-03
8.654812e+02 8.533650e-03
8.554812e+02 7.472452e-03
8.454812e+02 6.565093e-03
8.354812e+02 5.790638e-03
8.254812e+02 5.130300e-03
8.154812e+02 4.567388e-03
8.054812e+02 4.087229e-03
7.954812e+02 3.677054e-03
7.854812e+02 3.325861e-03
7.754812e+02 3.024257e-03
7.654812e+02 2.764291e-03
7.554812e+02 2.539275e-03
7.454812e+02 2.343615e-03
7.354812e+02 2.172654e-03
7.254812e+02 2.022524e-03
7.154812e+02 1.890014e-03
7.054812e+02 1.772465e-03
6.954812e+02 1.667668e-03
6.854812e+02 1.573787e-03
6.754812e+02 1.489295e-03
6.654812e+02 1.412913e-03
6.554812e+02 1.343570e-03
6.454812e+02 1.280365e-03
6.354812e+02 1.222537e-03
6.254812e+02 1.169439e-03
6.154812e+02 1.120522e-03
6.054812e+02 1.075315e-03
5.954812e+02 1.033413e-03
5.854812e+02 9.944663e-04
5.754812e+02 9.581736e-04
5.654812e+02 9.242712e-04
5.554812e+02 8.925290e-04
5.454812e+02 8.627452e-04
5.354812e+02 8.347421e-04
5.254812e+02 8.083627e-04
5.154812e+02 7.834677e-04
5.054812e+02 7.599331e-04
4.954812e+02 7.376481e-04
4.854812e+02 7.165136e-04
4.754812e+02 6.964404e-04
4.654812e+02 6.773484e-04
4.554812e+02 6.591648e-04
4.454812e+02 6.418240e-04
4.354812e+02 6.252662e-04
4.254812e+02 6.094370e-04
4.154812e+02 5.942867e-04
4.054812e+02 5.797697e-04
3.954812e+02 5.658445e-04
3.854812e+02 5.524725e-04
3.754812e+02 5.396184e-04
3.654812e+02 5.272494e-04
3.554812e+02 5.153351e-04
3.454812e+02 5.038475e-04
3.354812e+02 4.927602e-04
3.254812e+02 4.820486e-04
3.154812e+02 4.716898e-04
3.054812e+02 4.616620e-04
2.954812e+02 4.519449e-04
2.854812e+02 4.425190e-04
2.754812e+02 4.333658e-04
2.654812e+02 4.244676e-04
2.554812e+02 4.158074e-04
2.454812e+02 4.073685e-04
2.354812e+02 3.991346e-04
2.334812e+02 3.975110e-04
2.314812e+02 3.958949e-04
2.294812e+02 3.942860e-04
2.274812e+02 3.926843e-04
2.254812e+02 3.910897e-04
2.234812e+02 3.895020e-04
2.214812e+02 3.879210e-04
2.194812e+02 3.863467e-04
2.174812e+02 3.847790e-04
2.154812e+02 3.832176e-04
2.134812e+02 3.816625e-04
2.114812e+02 3.801135e-04
2.094812e+02 3.785705e-04
2.074812e+02 3.770333e-04
2.054812e+02 3.755019e-04
2.034812e+02 3.739760e-04
2.014812e+02 3.724556e-04
1.994812e+02 3.709405e-04
1.974812e+02 3.694306e-04
1.954812e+02 3.679257e-04
1.934812e+02 3.664256e-04
1.914812e+02 3.649303e-04
1.894812e+02 3.634395e-04
1.874812e+02 3.619532e-04
1.854812e+02 3.604711e-04
1.834812e+02 3.589932e-04
1.814812e+02 3.575192e-04
1.794812e+02 3.560489e-04
1.774812e+02 3.545823e-04
1.754812e+02 3.531192e-04
1.734812e+02 3.516593e-04
1.714812e+02 3.502025e-04
1.694812e+02 3.487486e-04
1.674812e+02 3.472974e-04
1.654812e+02 3.458487e-04
1.634812e+02 3.444023e-04
1.614812e+02 3.429581e-04
1.594812e+02 3.415158e-04
1.574812e+02 3.400751e-04
1.554812e+02 3.386359e-04
1.534812e+02 3.371979e-04
1.514812e+02 3.357609e-04
1.494812e+02 3.343246e-04
1.474812e+02 3.328888e-04
1.454812e+02 3.314532e-04
1.434812e+02 3.300174e-04
1.414812e+02 3.285813e-04
1.394812e+02 3.271447e-04
1.374812e+02 3.257201e-04
1.354812e+02 3.244087e-04
1.334812e+02 3.231987e-04
1.314812e+02 3.219873e-04
1.294812e+02 3.207742e-04
1.274812e+02 3.195594e-04
1.254812e+02 3.183425e-04
1.234812e+02 3.171234e-04
1.214812e+02 3.159019e-04
1.194812e+02 3.146777e-04
1.174812e+02 3.134505e-04
1.154812e+02 3.122202e-04
1.134812e+02 3.109864e-04
1.114812e+02 3.097489e-04
1.094812e+02 3.085074e-04
1.074812e+02 3.072615e-04
1.054812e+02 3.060109e-04
1.034812e+02 3.047552e-04
1.014812e+02 3.034940e-04
9.948117e+01 3.022270e-04
9.748117e+01 3.009537e-04
9.548117e+01 2.996736e-04
9.348117e+01 2.983861e-04
9.148117e+01 2.970908e-04
8.948117e+01 2.957870e-04
8.748117e+01 2.944740e-04
8.548117e+01 2.931512e-04
8.348117e+01 2.918243e-04
8.148117e+01 2.906074e-04
7.948117e+01 2.894041e-04
7.748117e+01 2.881905e-04
7.548117e+01 2.869661e-04
7.348117e+01 2.857303e-04
7.148117e+01 2.844823e-04
6.948117e+01 2.832212e-04
6.748117e+01 2.819462e-04
6.548117e+01 2.806562e-04
6.348117e+01 2.793501e-04
6.148117e+01 2.780266e-04
5.948117e+01 2.766972e-04
5.748117e+01 2.754550e-04
5.548117e+01 2.741949e-04
5.348117e+01 2.729156e-04
5.148117e+01 2.716157e-04
4.948117e+01 2.702934e-04
4.748117e+01 2.689466e-04
4.548117e+01 2.676286e-04
4.348117e+01 2.663307e-04
4.148117e+01 2.650063e-04
3.948117e+01 2.636525e-04
3.748117e+01 2.622850e-04
3.548117e+01 2.609552e-04
3.348117e+01 2.595915e-04
3.148117e+01 2.582324e-04
2.948117e+01 2.568720e-04
2.748117e+01 2.554985e-04
2.548117e+01 2.541247e-04
2.348117e+01 2.527573e-04
2.148117e+01 2.513777e-04
1.948117e+01 2.500029e-04
1.748117e+01 2.486294e-04
1.548117e+01 2.472534e-04
1.348117e+01 2.458915e-04
1.148117e+01 2.445634e-04
9.481173e+00 2.432663e-04
