4.000000e+03 1.099162e+00 1.000000e+00 1.036340e-11 8.098693e-16 1.221721e-11 1.366032e+10
3.999999e+03 1.099162e+00 1.000000e+00 1.036343e-11 8.098698e-16 1.221722e-11 1.366031e+10
3.999989e+03 1.099162e+00 1.000000e+00 1.036377e-11 8.098741e-16 1.221759e-11 1.366021e+10
3.999907e+03 1.099162e+00 1.000000e+00 1.036651e-11 8.099090e-16 1.222030e-11 1.365937e+10
3.999654e+03 1.099162e+00 1.000000e+00 1.037501e-11 8.100175e-16 1.222862e-11 1.365678e+10
3.999061e+03 1.099162e+00 1.000000e+00 1.039496e-11 8.102714e-16 1.224817e-11 1.365071e+10
3.998001e+03 1.099162e+00 1.000000e+00 1.043073e-11 8.107258e-16 1.228323e-11 1.363986e+10
3.995604e+03 1.099162e+00 1.000000e+00 1.051218e-11 8.117559e-16 1.236292e-11 1.361534e+10
3.988594e+03 1.099162e+00 1.000000e+00 1.075456e-11 8.147846e-16 1.260057e-11 1.354383e+10
3.978594e+03 1.099162e+00 1.000000e+00 1.111169e-11 8.191503e-16 1.295078e-11 1.344225e+10
3.978457e+03 1.099162e+00 1.000000e+00 1.111669e-11 8.192106e-16 1.295567e-11 1.344085e+10
3.978348e+03 1.099162e+00 1.000000e+00 1.112067e-11 8.192585e-16 1.295957e-11 1.343975e+10
3.978175e+03 1.099162e+00 1.000000e+00 1.112696e-11 8.193344e-16 1.296566e-11 1.343800e+10
3.978083e+03 1.099162e+00 1.000000e+00 1.113031e-11 8.193748e-16 1.296897e-11 1.343707e+10
3.977995e+03 1.099162e+00 1.000000e+00 1.113353e-11 8.194136e-16 1.297210e-11 1.343617e+10
3.977860e+03 1.099162e+00 1.000000e+00 1.113846e-11 8.194730e-16 1.297697e-11 1.343481e+10
3.977648e+03 1.099162e+00 1.000000e+00 1.114621e-11 8.195663e-16 1.298459e-11 1.343266e+10
3.977457e+03 1.099162e+00 1.000000e+00 1.115319e-11 8.196503e-16 1.299143e-11 1.343072e+10
3.977394e+03 1.099162e+00 1.000000e+00 1.115550e-11 8.196781e-16 1.299375e-11 1.343008e+10
3.977326e+03 1.099162e+00 1.000000e+00 1.115798e-11 8.197079e-16 1.299612e-11 1.342939e+10
3.977098e+03 1.099162e+00 1.000000e+00 1.116632e-11 8.198082e-16 1.300432e-11 1.342709e+10
3.976747e+03 1.099162e+00 1.000000e+00 1.117918e-11 8.199627e-16 1.301700e-11 1.342353e+10
3.976480e+03 1.099162e+00 1.000000e+00 1.118897e-11 8.200802e-16 1.302658e-11 1.342083e+10
3.976028e+03 1.099162e+00 1.000000e+00 1.120557e-11 8.202793e-16 1.304283e-11 1.341625e+10
3.975400e+03 1.099162e+00 1.000000e+00 1.122868e-11 8.205561e-16 1.306551e-11 1.340990e+10
3.974314e+03 1.099162e+00 1.000000e+00 1.126876e-11 8.210352e-16 1.310483e-11 1.339892e+10
3.973291e+03 1.099162e+00 1.000000e+00 1.130668e-11 8.214871e-16 1.314202e-11 1.338858e+10
3.971215e+03 1.099162e+00 1.000000e+00 1.138411e-11 8.224062e-16 1.321800e-11 1.336760e+10
3.966977e+03 1.099162e+00 1.000000e+00 1.154404e-11 8.242892e-16 1.337505e-11 1.332486e+10
3.958556e+03 1.099162e+00 1.000000e+00 1.186966e-11 8.280599e-16 1.369495e-11 1.324021e+10
3.948556e+03 1.099162e+00 1.000000e+00 1.227030e-11 8.325886e-16 1.408867e-11 1.314015e+10
3.938556e+03 1.099162e+00 1.000000e+00 1.268671e-11 8.371732e-16 1.449826e-11 1.304059e+10
3.933801e+03 1.099162e+00 1.000000e+00 1.289045e-11 8.393731e-16 1.469871e-11 1.299343e+10
3.931114e+03 1.099162e+00 1.000000e+00 1.300728e-11 8.406221e-16 1.481359e-11 1.296683e+10
3.929005e+03 1.099162e+00 1.000000e+00 1.309984e-11 8.416054e-16 1.490479e-11 1.294597e+10
3.924303e+03 1.099162e+00 1.000000e+00 1.330892e-11 8.438065e-16 1.511056e-11 1.289956e+10
3.915314e+03 1.099162e+00 1.000000e+00 1.371951e-11 8.480505e-16 1.551499e-11 1.281114e+10
3.905314e+03 1.099162e+00 1.000000e+00 1.419366e-11 8.528280e-16 1.598237e-11 1.271326e+10
3.896710e+03 1.099162e+00 1.000000e+00 1.461686e-11 8.569868e-16 1.639970e-11 1.262944e+10
3.886710e+03 1.099162e+00 1.000000e+00 1.512722e-11 8.618769e-16 1.690325e-11 1.253248e+10
3.876710e+03 1.099162e+00 1.000000e+00 1.565833e-11 8.668290e-16 1.742746e-11 1.243602e+10
3.866710e+03 1.099162e+00 1.000000e+00 1.621114e-11 8.718442e-16 1.797351e-11 1.234006e+10
3.856710e+03 1.099162e+00 1.000000e+00 1.678665e-11 8.769234e-16 1.854217e-11 1.224459e+10
3.846710e+03 1.099162e+00 1.000000e+00 1.738593e-11 8.820677e-16 1.913469e-11 1.214961e+10
3.836710e+03 1.099162e+00 1.000000e+00 1.801007e-11 8.872782e-16 1.975204e-11 1.205513e+10
3.826710e+03 1.099162e+00 1.000000e+00 1.866024e-11 8.925562e-16 2.039553e-11 1.196114e+10
3.816710e+03 1.099162e+00 1.000000e+00 1.933768e-11 8.979026e-16 2.106618e-11 1.186764e+10
3.806710e+03 1.099162e+00 1.000000e+00 2.004367e-11 9.033187e-16 2.176537e-11 1.177462e+10
3.804932e+03 1.099162e+00 1.000000e+00 2.017234e-11 9.042894e-16 2.189290e-11 1.175813e+10
3.803513e+03 1.099162e+00 1.000000e+00 2.027562e-11 9.050651e-16 2.199518e-11 1.174499e+10
3.798791e+03 1.099162e+00 1.000000e+00 2.062392e-11 9.076581e-16 2.234021e-11 1.170131e+10
3.789527e+03 1.099162e+00 1.000000e+00 2.132743e-11 9.127914e-16 2.303757e-11 1.161594e+10
3.779527e+03 1.099162e+00 1.000000e+00 2.211812e-11 9.184030e-16 2.382149e-11 1.152425e+10
3.769527e+03 1.099162e+00 1.000000e+00 2.294280e-11 9.240889e-16 2.463947e-11 1.143304e+10
3.759527e+03 1.099162e+00 1.000000e+00 2.380312e-11 9.298504e-16 2.549306e-11 1.134231e+10
3.749527e+03 1.099162e+00 1.000000e+00 2.470080e-11 9.356888e-16 2.638404e-11 1.125207e+10
3.739527e+03 1.099162e+00 1.000000e+00 2.563769e-11 9.416054e-16 2.731423e-11 1.116230e+10
3.729527e+03 1.099162e+00 1.000000e+00 2.661570e-11 9.476016e-16 2.828549e-11 1.107302e+10
3.719527e+03 1.099162e+00 1.000000e+00 2.763689e-11 9.536788e-16 2.930009e-11 1.098421e+10
3.709527e+03 1.099162e+00 1.000000e+00 2.870340e-11 9.598385e-16 3.035985e-11 1.089588e+10
3.699527e+03 1.099162e+00 1.000000e+00 2.981749e-11 9.660822e-16 3.146731e-11 1.080802e+10
3.691188e+03 1.099162e+00 1.000000e+00 3.078463e-11 9.713541e-16 3.242901e-11 1.073512e+10
3.681188e+03 1.099162e+00 1.000000e+00 3.199229e-11 9.777557e-16 3.362987e-11 1.064813e+10
3.671188e+03 1.099162e+00 1.000000e+00 3.325467e-11 9.842456e-16 3.488561e-11 1.056161e+10
3.661188e+03 1.099162e+00 1.000000e+00 3.457455e-11 9.908254e-16 3.619889e-11 1.047556e+10
3.651188e+03 1.099162e+00 1.000000e+00 3.595488e-11 9.974968e-16 3.757263e-11 1.038998e+10
3.643253e+03 1.099162e+00 1.000000e+00 3.709532e-11 1.002857e-15 3.870794e-11 1.032240e+10
3.640170e+03 1.099162e+00 1.000000e+00 3.754950e-11 1.004956e-15 3.915998e-11 1.029623e+10
3.637503e+03 1.099162e+00 1.000000e+00 3.794762e-11 1.006778e-15 3.955639e-11 1.027362e+10
3.633337e+03 1.099162e+00 1.000000e+00 3.857907e-11 1.009639e-15 4.018512e-11 1.023837e+10
3.626332e+03 1.099162e+00 1.000000e+00 3.966835e-11 1.014487e-15 4.126964e-11 1.017929e+10
3.619773e+03 1.099162e+00 1.000000e+00 4.072026e-11 1.019070e-15 4.231723e-11 1.012417e+10
3.610088e+03 1.099162e+00 1.000000e+00 4.233248e-11 1.025914e-15 4.392308e-11 1.004315e+10
3.600174e+03 1.099162e+00 1.000000e+00 4.405903e-11 1.033018e-15 4.564315e-11 9.960654e+09
3.590174e+03 1.099161e+00 1.000000e+00 4.588268e-11 1.040286e-15 4.746038e-11 9.877906e+09
3.580174e+03 1.099161e+00 1.000000e+00 4.779319e-11 1.047659e-15 4.936421e-11 9.795617e+09
3.570174e+03 1.099161e+00 1.000000e+00 4.979522e-11 1.055137e-15 5.135974e-11 9.713787e+09
3.562415e+03 1.099161e+00 1.000000e+00 5.141493e-11 1.061015e-15 5.297434e-11 9.650603e+09
3.552415e+03 1.099161e+00 1.000000e+00 5.359180e-11 1.068688e-15 5.514471e-11 9.569584e+09
3.543695e+03 1.099161e+00 1.000000e+00 5.557609e-11 1.075469e-15 5.712341e-11 9.499312e+09
3.533695e+03 1.099161e+00 1.000000e+00 5.795591e-11 1.083353e-15 5.949667e-11 9.419143e+09
3.525666e+03 1.099161e+00 1.000000e+00 5.995127e-11 1.089768e-15 6.148675e-11 9.355096e+09
3.519628e+03 1.099161e+00 1.000000e+00 6.150315e-11 1.094641e-15 6.303485e-11 9.307134e+09
3.513768e+03 1.099161e+00 1.000000e+00 6.305351e-11 1.099412e-15 6.458128e-11 9.260735e+09
3.504962e+03 1.099161e+00 1.000000e+00 6.546773e-11 1.106661e-15 6.698990e-11 9.191304e+09
3.497480e+03 1.099161e+00 1.000000e+00 6.760219e-11 1.112895e-15 6.911945e-11 9.132581e+09
3.487480e+03 1.099161e+00 1.000000e+00 7.057976e-11 1.121335e-15 7.209045e-11 9.054491e+09
3.481663e+03 1.099161e+00 1.000000e+00 7.238044e-11 1.126303e-15 7.388747e-11 9.009272e+09
3.478986e+03 1.099161e+00 1.000000e+00 7.322654e-11 1.128603e-15 7.473182e-11 8.988515e+09
3.475998e+03 1.099161e+00 1.000000e+00 7.418434e-11 1.131182e-15 7.568776e-11 8.965383e+09
3.470870e+03 1.099161e+00 1.000000e+00 7.586169e-11 1.135636e-15 7.736176e-11 8.925774e+09
3.465481e+03 1.099161e+00 1.000000e+00 7.767115e-11 1.140353e-15 7.916778e-11 8.884273e+09
3.455481e+03 1.099161e+00 1.000000e+00 8.116041e-11 1.149209e-15 8.265048e-11 8.807607e+09
3.445481e+03 1.099160e+00 1.000000e+00 8.482912e-11 1.158200e-15 8.631274e-11 8.731384e+09
3.435481e+03 1.099160e+00 1.000000e+00 8.868760e-11 1.167329e-15 9.016493e-11 8.655602e+09
3.425481e+03 1.099160e+00 1.000000e+00 9.274685e-11 1.176599e-15 9.421773e-11 8.580259e+09
3.415481e+03 1.099160e+00 1.000000e+00 9.701854e-11 1.186013e-15 9.848303e-11 8.505355e+09
3.405481e+03 1.099160e+00 1.000000e+00 1.015151e-10 1.195573e-15 1.029732e-10 8.430888e+09
3.395481e+03 1.099160e+00 1.000000e+00 1.062498e-10 1.205283e-15 1.077015e-10 8.356858e+09
3.385481e+03 1.099159e+00 1.000000e+00 1.112367e-10 1.215146e-15 1.126821e-10 8.283261e+09
3.375481e+03 1.099159e+00 1.000000e+00 1.164909e-10 1.225164e-15 1.179299e-10 8.210098e+09
3.365481e+03 1.099159e+00 1.000000e+00 1.220283e-10 1.235342e-15 1.234610e-10 8.137368e+09
3.355481e+03 1.099158e+00 1.000000e+00 1.278660e-10 1.245682e-15 1.292923e-10 8.065068e+09
3.345481e+03 1.099158e+00 1.000000e+00 1.340221e-10 1.256188e-15 1.354422e-10 7.993197e+09
3.335481e+03 1.099158e+00 1.000000e+00 1.405162e-10 1.266864e-15 1.419298e-10 7.921755e+09
3.325481e+03 1.099157e+00 1.000000e+00 1.473688e-10 1.277712e-15 1.487762e-10 7.850740e+09
3.315481e+03 1.099157e+00 1.000000e+00 1.546020e-10 1.288737e-15 1.560032e-10 7.780150e+09
3.305481e+03 1.099156e+00 1.000000e+00 1.622396e-10 1.299943e-15 1.636344e-10 7.709985e+09
3.295481e+03 1.099156e+00 1.000000e+00 1.703066e-10 1.311332e-15 1.716951e-10 7.640243e+09
3.285481e+03 1.099155e+00 1.000000e+00 1.788299e-10 1.322910e-15 1.802122e-10 7.570923e+09
3.275481e+03 1.099155e+00 1.000000e+00 1.878385e-10 1.334681e-15 1.892144e-10 7.502023e+09
3.265481e+03 1.099154e+00 1.000000e+00 1.973629e-10 1.346648e-15 1.987326e-10 7.433543e+09
3.255481e+03 1.099153e+00 1.000000e+00 2.074363e-10 1.358816e-15 2.087997e-10 7.365480e+09
3.245481e+03 1.099152e+00 1.000000e+00 2.180937e-10 1.371189e-15 2.194509e-10 7.297835e+09
3.235481e+03 1.099151e+00 1.000000e+00 2.293729e-10 1.383772e-15 2.307240e-10 7.230605e+09
3.225481e+03 1.099150e+00 1.000000e+00 2.413143e-10 1.396569e-15 2.426591e-10 7.163789e+09
3.215481e+03 1.099149e+00 1.000000e+00 2.539612e-10 1.409586e-15 2.552998e-10 7.097386e+09
3.205481e+03 1.099148e+00 1.000000e+00 2.673599e-10 1.422826e-15 2.686923e-10 7.031394e+09
3.195481e+03 1.099146e+00 1.000000e+00 2.815602e-10 1.436297e-15 2.828863e-10 6.965813e+09
3.185481e+03 1.099145e+00 1.000000e+00 2.966153e-10 1.450001e-15 2.979353e-10 6.900641e+09
3.175481e+03 1.099143e+00 1.000000e+00 3.125825e-10 1.463945e-15 3.138963e-10 6.835877e+09
3.165481e+03 1.099141e+00 1.000000e+00 3.295232e-10 1.478135e-15 3.308309e-10 6.771519e+09
3.155481e+03 1.099139e+00 1.000000e+00 3.475034e-10 1.492575e-15 3.488049e-10 6.707566e+09
3.145481e+03 1.099136e+00 1.000000e+00 3.665938e-10 1.507272e-15 3.678892e-10 6.644018e+09
3.135481e+03 1.099133e+00 1.000000e+00 3.868707e-10 1.522232e-15 3.881600e-10 6.580872e+09
3.125481e+03 1.099130e+00 1.000000e+00 4.084160e-10 1.537460e-15 4.096992e-10 6.518127e+09
3.115481e+03 1.099127e+00 1.000000e+00 4.313176e-10 1.552964e-15 4.325947e-10 6.455782e+09
3.105481e+03 1.099123e+00 1.000000e+00 4.556703e-10 1.568748e-15 4.569413e-10 6.393837e+09
3.095481e+03 1.099119e+00 1.000000e+00 4.815762e-10 1.584821e-15 4.828410e-10 6.332289e+09
3.085481e+03 1.099114e+00 1.000000e+00 5.091450e-10 1.601189e-15 5.104039e-10 6.271137e+09
3.075481e+03 1.099109e+00 1.000000e+00 5.384951e-10 1.617859e-15 5.397479e-10 6.210380e+09
3.065481e+03 1.099103e+00 1.000000e+00 5.697542e-10 1.634837e-15 5.710008e-10 6.150016e+09
3.055481e+03 1.099096e+00 1.000000e+00 6.030597e-10 1.652133e-15 6.043002e-10 6.090046e+09
3.045481e+03 1.099089e+00 1.000000e+00 6.385600e-10 1.669752e-15 6.397946e-10 6.030466e+09
3.035481e+03 1.099081e+00 1.000000e+00 6.764154e-10 1.687703e-15 6.776440e-10 5.971276e+09
3.025481e+03 1.099071e+00 1.000000e+00 7.167988e-10 1.705994e-15 7.180214e-10 5.912475e+09
3.015481e+03 1.099061e+00 1.000000e+00 7.598970e-10 1.724633e-15 7.611135e-10 5.854061e+09
3.005481e+03 1.099049e+00 1.000000e+00 8.059119e-10 1.743629e-15 8.071225e-10 5.796033e+09
2.995481e+03 1.099036e+00 1.000000e+00 8.550619e-10 1.762990e-15 8.562665e-10 5.738389e+09
2.985481e+03 1.099021e+00 1.000000e+00 9.075830e-10 1.782725e-15 9.087815e-10 5.681130e+09
2.975481e+03 1.099005e+00 1.000000e+00 9.637308e-10 1.802844e-15 9.649234e-10 5.624252e+09
2.965481e+03 1.098986e+00 1.000000e+00 1.023782e-09 1.823355e-15 1.024969e-09 5.567755e+09
2.955481e+03 1.098965e+00 1.000000e+00 1.088036e-09 1.844269e-15 1.089217e-09 5.511638e+09
2.945481e+03 1.098941e+00 1.000000e+00 1.156819e-09 1.865594e-15 1.157993e-09 5.455900e+09
2.935481e+03 1.098914e+00 1.000000e+00 1.230481e-09 1.887342e-15 1.231649e-09 5.400538e+09
2.925481e+03 1.098884e+00 1.000000e+00 1.309405e-09 1.909523e-15 1.310567e-09 5.345552e+09
2.915481e+03 1.098850e+00 1.000000e+00 1.394005e-09 1.932147e-15 1.395162e-09 5.290941e+09
2.905481e+03 1.098812e+00 1.000000e+00 1.484732e-09 1.955225e-15 1.485883e-09 5.236703e+09
2.895481e+03 1.098770e+00 1.000000e+00 1.582074e-09 1.978767e-15 1.583219e-09 5.182836e+09
2.885481e+03 1.098722e+00 1.000000e+00 1.686563e-09 2.002787e-15 1.687702e-09 5.129341e+09
2.875481e+03 1.098668e+00 1.000000e+00 1.798775e-09 2.027294e-15 1.799908e-09 5.076215e+09
2.865481e+03 1.098607e+00 1.000000e+00 1.919340e-09 2.052301e-15 1.920468e-09 5.023456e+09
2.855481e+03 1.098540e+00 1.000000e+00 2.048942e-09 2.077820e-15 2.050063e-09 4.971065e+09
2.845481e+03 1.098464e+00 1.000000e+00 2.188325e-09 2.103865e-15 2.189441e-09 4.919039e+09
2.835481e+03 1.098381e+00 1.000000e+00 2.338301e-09 2.130446e-15 2.339411e-09 4.867378e+09
2.825481e+03 1.098288e+00 1.000000e+00 2.499756e-09 2.157580e-15 2.500860e-09 4.816080e+09
2.815481e+03 1.098185e+00 1.000000e+00 2.673654e-09 2.185278e-15 2.674752e-09 4.765143e+09
2.805481e+03 1.098072e+00 1.000000e+00 2.861050e-09 2.213556e-15 2.862142e-09 4.714566e+09
2.795481e+03 1.097949e+00 1.000000e+00 3.063096e-09 2.242428e-15 3.064182e-09 4.664349e+09
2.785481e+03 1.097814e+00 1.000000e+00 3.281048e-09 2.271911e-15 3.282128e-09 4.614490e+09
2.775481e+03 1.097668e+00 1.000000e+00 3.516284e-09 2.302021e-15 3.517358e-09 4.564987e+09
2.765481e+03 1.097510e+00 1.000000e+00 3.770310e-09 2.332775e-15 3.771378e-09 4.515840e+09
2.755481e+03 1.097341e+00 1.000000e+00 4.044774e-09 2.364191e-15 4.045836e-09 4.467046e+09
2.745481e+03 1.097160e+00 1.000000e+00 4.341484e-09 2.396289e-15 4.342540e-09 4.418606e+09
2.735481e+03 1.096967e+00 1.000000e+00 4.662421e-09 2.429088e-15 4.663471e-09 4.370516e+09
2.725481e+03 1.096764e+00 1.000000e+00 5.009758e-09 2.462608e-15 5.010803e-09 4.322777e+09
2.715481e+03 1.096549e+00 1.000000e+00 5.385883e-09 2.496873e-15 5.386922e-09 4.275387e+09
2.705481e+03 1.096324e+00 1.000000e+00 5.793417e-09 2.531903e-15 5.794450e-09 4.228345e+09
2.695481e+03 1.096090e+00 1.000000e+00 6.235240e-09 2.567724e-15 6.236267e-09 4.181649e+09
2.685481e+03 1.095845e+00 1.000000e+00 6.714522e-09 2.604359e-15 6.715543e-09 4.135298e+09
2.675481e+03 1.095592e+00 1.000000e+00 7.234750e-09 2.641835e-15 7.235766e-09 4.089290e+09
2.665481e+03 1.095330e+00 1.000000e+00 7.799767e-09 2.680177e-15 7.800777e-09 4.043626e+09
2.655481e+03 1.095061e+00 1.000000e+00 8.413805e-09 2.719414e-15 8.414809e-09 3.998302e+09
2.645481e+03 1.094784e+00 1.000000e+00 9.081532e-09 2.759573e-15 9.082530e-09 3.953318e+09
2.635481e+03 1.094500e+00 1.000000e+00 9.808098e-09 2.800685e-15 9.809091e-09 3.908673e+09
2.625481e+03 1.094210e+00 1.000000e+00 1.059919e-08 2.842780e-15 1.060018e-08 3.864366e+09
2.615481e+03 1.093915e+00 1.000000e+00 1.146110e-08 2.885891e-15 1.146208e-08 3.820394e+09
2.605481e+03 1.093614e+00 1.000000e+00 1.240077e-08 2.930050e-15 1.240175e-08 3.776758e+09
2.595481e+03 1.093308e+00 1.000000e+00 1.342590e-08 2.975291e-15 1.342686e-08 3.733455e+09
2.585481e+03 1.092997e+00 1.000000e+00 1.454499e-08 3.021649e-15 1.454595e-08 3.690484e+09
2.575481e+03 1.092683e+00 1.000000e+00 1.576748e-08 3.069162e-15 1.576844e-08 3.647844e+09
2.565481e+03 1.092364e+00 1.000000e+00 1.710384e-08 3.117868e-15 1.710479e-08 3.605534e+09
2.555481e+03 1.092042e+00 1.000000e+00 1.856568e-08 3.167806e-15 1.856663e-08 3.563552e+09
2.545481e+03 1.091716e+00 1.000000e+00 2.016590e-08 3.219017e-15 2.016684e-08 3.521898e+09
2.535481e+03 1.091388e+00 1.000000e+00 2.191881e-08 3.271542e-15 2.191975e-08 3.480569e+09
2.525481e+03 1.091056e+00 1.000000e+00 2.384037e-08 3.325428e-15 2.384130e-08 3.439565e+09
2.515481e+03 1.090721e+00 1.000000e+00 2.594832e-08 3.380718e-15 2.594924e-08 3.398885e+09
2.505481e+03 1.090384e+00 1.000000e+00 2.826242e-08 3.437461e-15 2.826334e-08 3.358526e+09
2.495481e+03 1.090044e+00 1.000000e+00 3.080470e-08 3.495706e-15 3.080561e-08 3.318488e+09
2.485481e+03 1.089701e+00 1.000000e+00 3.359974e-08 3.555504e-15 3.360065e-08 3.278770e+09
2.475481e+03 1.089355e+00 1.000000e+00 3.667500e-08 3.616909e-15 3.667590e-08 3.239369e+09
2.465481e+03 1.089007e+00 1.000000e+00 4.006115e-08 3.679975e-15 4.006205e-08 3.200286e+09
2.455481e+03 1.088656e+00 1.000000e+00 4.379250e-08 3.744761e-15 4.379339e-08 3.161518e+09
2.445481e+03 1.088303e+00 1.000000e+00 4.790746e-08 3.811327e-15 4.790834e-08 3.123065e+09
2.435481e+03 1.087947e+00 9.999999e-01 5.244905e-08 3.879734e-15 5.244992e-08 3.084925e+09
2.425481e+03 1.087588e+00 9.999999e-01 5.746551e-08 3.950049e-15 5.746638e-08 3.047096e+09
2.415481e+03 1.087226e+00 9.999999e-01 6.301099e-08 4.022338e-15 6.301186e-08 3.009578e+09
2.405481e+03 1.086861e+00 9.999999e-01 6.914632e-08 4.096673e-15 6.914718e-08 2.972369e+09
2.395481e+03 1.086492e+00 9.999999e-01 7.593985e-08 4.173126e-15 7.594070e-08 2.935469e+09
2.385481e+03 1.086121e+00 9.999999e-01 8.346852e-08 4.251776e-15 8.346937e-08 2.898874e+09
2.375481e+03 1.085745e+00 9.999999e-01 9.181899e-08 4.332701e-15 9.181984e-08 2.862586e+09
2.365481e+03 1.085367e+00 9.999999e-01 1.010889e-07 4.415985e-15 1.010898e-07 2.826601e+09
2.355481e+03 1.084984e+00 9.999999e-01 1.113886e-07 4.501716e-15 1.113894e-07 2.790919e+09
2.345481e+03 1.084598e+00 9.999999e-01 1.228424e-07 4.589983e-15 1.228432e-07 2.755539e+09
2.335481e+03 1.084207e+00 9.999999e-01 1.355911e-07 4.680884e-15 1.355919e-07 2.720459e+09
2.325481e+03 1.083812e+00 9.999999e-01 1.497940e-07 4.774516e-15 1.497948e-07 2.685678e+09
2.315481e+03 1.083412e+00 9.999998e-01 1.656314e-07 4.870984e-15 1.656322e-07 2.651195e+09
2.305481e+03 1.083008e+00 9.999998e-01 1.833078e-07 4.970395e-15 1.833086e-07 2.617008e+09
2.295481e+03 1.082599e+00 9.999998e-01 2.030554e-07 5.072864e-15 2.030562e-07 2.583117e+09
2.285481e+03 1.082184e+00 9.999998e-01 2.251378e-07 5.178509e-15 2.251385e-07 2.549519e+09
2.275481e+03 1.081764e+00 9.999998e-01 2.498548e-07 5.287455e-15 2.498556e-07 2.516214e+09
2.265481e+03 1.081338e+00 9.999997e-01 2.775481e-07 5.399830e-15 2.775489e-07 2.483200e+09
2.255481e+03 1.080907e+00 9.999997e-01 3.086065e-07 5.515771e-15 3.086073e-07 2.450476e+09
2.245481e+03 1.080469e+00 9.999997e-01 3.434740e-07 5.635421e-15 3.434748e-07 2.418041e+09
2.235481e+03 1.080024e+00 9.999996e-01 3.826575e-07 5.758929e-15 3.826583e-07 2.385894e+09
2.225481e+03 1.079573e+00 9.999996e-01 4.267367e-07 5.886452e-15 4.267375e-07 2.354032e+09
2.215481e+03 1.079115e+00 9.999995e-01 4.763749e-07 6.018153e-15 4.763757e-07 2.322456e+09
2.205481e+03 1.078650e+00 9.999995e-01 5.323325e-07 6.154204e-15 5.323333e-07 2.291163e+09
2.195481e+03 1.078177e+00 9.999994e-01 5.954815e-07 6.294787e-15 5.954823e-07 2.260153e+09
2.185481e+03 1.077696e+00 9.999993e-01 6.668236e-07 6.440090e-15 6.668244e-07 2.229424e+09
2.175481e+03 1.077207e+00 9.999993e-01 7.475106e-07 6.590312e-15 7.475113e-07 2.198974e+09
2.165481e+03 1.076710e+00 9.999992e-01 8.388683e-07 6.745662e-15 8.388690e-07 2.168803e+09
2.155481e+03 1.076203e+00 9.999991e-01 9.424250e-07 6.906360e-15 9.424257e-07 2.138909e+09
2.145481e+03 1.075688e+00 9.999989e-01 1.059944e-06 7.072636e-15 1.059945e-06 2.109292e+09
2.135481e+03 1.075163e+00 9.999988e-01 1.193464e-06 7.244733e-15 1.193465e-06 2.079948e+09
2.125481e+03 1.074629e+00 9.999987e-01 1.345341e-06 7.422904e-15 1.345342e-06 2.050879e+09
2.115481e+03 1.074084e+00 9.999985e-01 1.518306e-06 7.607419e-15 1.518307e-06 2.022081e+09
2.105481e+03 1.073529e+00 9.999983e-01 1.715527e-06 7.798561e-15 1.715527e-06 1.993554e+09
2.095481e+03 1.072963e+00 9.999981e-01 1.940680e-06 7.996625e-15 1.940680e-06 1.965297e+09
2.085481e+03 1.072385e+00 9.999978e-01 2.198042e-06 8.201925e-15 2.198043e-06 1.937308e+09
2.075481e+03 1.071796e+00 9.999975e-01 2.492594e-06 8.414791e-15 2.492595e-06 1.909587e+09
2.065481e+03 1.071195e+00 9.999972e-01 2.830141e-06 8.635570e-15 2.830142e-06 1.882130e+09
2.055481e+03 1.070582e+00 9.999968e-01 3.217463e-06 8.864630e-15 3.217464e-06 1.854939e+09
2.045481e+03 1.069956e+00 9.999963e-01 3.662486e-06 9.102357e-15 3.662487e-06 1.828010e+09
2.035481e+03 1.069316e+00 9.999958e-01 4.174491e-06 9.349159e-15 4.174492e-06 1.801344e+09
2.025481e+03 1.068663e+00 9.999952e-01 4.764360e-06 9.605466e-15 4.764360e-06 1.774938e+09
2.015481e+03 1.067996e+00 9.999946e-01 5.444870e-06 9.871736e-15 5.444870e-06 1.748791e+09
2.005481e+03 1.067314e+00 9.999938e-01 6.231047e-06 1.014845e-14 6.231048e-06 1.722902e+09
1.995481e+03 1.066616e+00 9.999929e-01 7.140588e-06 1.043611e-14 7.140589e-06 1.697270e+09
1.985481e+03 1.065904e+00 9.999918e-01 8.194368e-06 1.073526e-14 8.194368e-06 1.671894e+09
1.975481e+03 1.065175e+00 9.999906e-01 9.417043e-06 1.104647e-14 9.417044e-06 1.646772e+09
1.965481e+03 1.064430e+00 9.999892e-01 1.083779e-05 1.137033e-14 1.083779e-05 1.621902e+09
1.955481e+03 1.063668e+00 9.999875e-01 1.249118e-05 1.170750e-14 1.249118e-05 1.597285e+09
1.945481e+03 1.062888e+00 9.999856e-01 1.441825e-05 1.205864e-14 1.441825e-05 1.572918e+09
1.935481e+03 1.062090e+00 9.999833e-01 1.666779e-05 1.242447e-14 1.666780e-05 1.548799e+09
1.925481e+03 1.061274e+00 9.999807e-01 1.929790e-05 1.280574e-14 1.929790e-05 1.524929e+09
1.915481e+03 1.060438e+00 9.999776e-01 2.237788e-05 1.320327e-14 2.237789e-05 1.501305e+09
1.905481e+03 1.059583e+00 9.999740e-01 2.599055e-05 1.361791e-14 2.599055e-05 1.477927e+09
1.895481e+03 1.058707e+00 9.999698e-01 3.023500e-05 1.405057e-14 3.023501e-05 1.454792e+09
1.885481e+03 1.057810e+00 9.999648e-01 3.523011e-05 1.450221e-14 3.523011e-05 1.431900e+09
1.875481e+03 1.056892e+00 9.999589e-01 4.111861e-05 1.497386e-14 4.111861e-05 1.409250e+09
1.865481e+03 1.055952e+00 9.999519e-01 4.807230e-05 1.546661e-14 4.807230e-05 1.386840e+09
1.855481e+03 1.054989e+00 9.999437e-01 5.629827e-05 1.598161e-14 5.629827e-05 1.364668e+09
1.845481e+03 1.054002e+00 9.999340e-01 6.604665e-05 1.652010e-14 6.604665e-05 1.342734e+09
1.835481e+03 1.052992e+00 9.999224e-01 7.762013e-05 1.708339e-14 7.762013e-05 1.321036e+09
1.825481e+03 1.051956e+00 9.999086e-01 9.138567e-05 1.767288e-14 9.138567e-05 1.299574e+09
1.815481e+03 1.050895e+00 9.998922e-01 1.077890e-04 1.829006e-14 1.077890e-04 1.278345e+09
1.805481e+03 1.049807e+00 9.998726e-01 1.273727e-04 1.893650e-14 1.273727e-04 1.257349e+09
1.795481e+03 1.048692e+00 9.998492e-01 1.507985e-04 1.961391e-14 1.507985e-04 1.236583e+09
1.785481e+03 1.047548e+00 9.998211e-01 1.788748e-04 2.032407e-14 1.788748e-04 1.216048e+09
1.775481e+03 1.046375e+00 9.997874e-01 2.125918e-04 2.106890e-14 2.125918e-04 1.195741e+09
1.765481e+03 1.045171e+00 9.997468e-01 2.531641e-04 2.185044e-14 2.531641e-04 1.175662e+09
1.755481e+03 1.043935e+00 9.996979e-01 3.020853e-04 2.267085e-14 3.020853e-04 1.155808e+09
1.745481e+03 1.042665e+00 9.996388e-01 3.611955e-04 2.353244e-14 3.611955e-04 1.136180e+09
1.735481e+03 1.041359e+00 9.995672e-01 4.327663e-04 2.443765e-14 4.327663e-04 1.116775e+09
1.725481e+03 1.040015e+00 9.994804e-01 5.196081e-04 2.538906e-14 5.196081e-04 1.097592e+09
1.715481e+03 1.038629e+00 9.993748e-01 6.252047e-04 2.638943e-14 6.252047e-04 1.078630e+09
1.705481e+03 1.037198e+00 9.992461e-01 7.538827e-04 2.744163e-14 7.538827e-04 1.059888e+09
1.695481e+03 1.035717e+00 9.990890e-01 9.110261e-04 2.854868e-14 9.110261e-04 1.041364e+09
1.685481e+03 1.034181e+00 9.988967e-01 1.103346e-03 2.971374e-14 1.103346e-03 1.023057e+09
1.675481e+03 1.032583e+00 9.986608e-01 1.339222e-03 3.094006e-14 1.339222e-03 1.004967e+09
1.665481e+03 1.030913e+00 9.983709e-01 1.629128e-03 3.223099e-14 1.629128e-03 9.870902e+08
1.655481e+03 1.029160e+00 9.980138e-01 1.986171e-03 3.358987e-14 1.986171e-03 9.694270e+08
1.645481e+03 1.027311e+00 9.975732e-01 2.426754e-03 3.502005e-14 2.426754e-03 9.519758e+08
1.635481e+03 1.025345e+00 9.970286e-01 2.971407e-03 3.652467e-14 2.971407e-03 9.347353e+08
1.625481e+03 1.023241e+00 9.963542e-01 3.645776e-03 3.810666e-14 3.645776e-03 9.177042e+08
1.615481e+03 1.020970e+00 9.955182e-01 4.481823e-03 3.976842e-14 4.481823e-03 9.008813e+08
1.605481e+03 1.018495e+00 9.944808e-01 5.519195e-03 4.151168e-14 5.519195e-03 8.842652e+08
1.595481e+03 1.015772e+00 9.931933e-01 6.806719e-03 4.333716e-14 6.806719e-03 8.678547e+08
1.585481e+03 1.012744e+00 9.915961e-01 8.403900e-03 4.524419e-14 8.403900e-03 8.516485e+08
1.575481e+03 1.009346e+00 9.896179e-01 1.038214e-02 4.723032e-14 1.038214e-02 8.356453e+08
1.565481e+03 1.005497e+00 9.871747e-01 1.282529e-02 4.929087e-14 1.282529e-02 8.198438e+08
1.555481e+03 1.001108e+00 9.841708e-01 1.582916e-02 5.141855e-14 1.582916e-02 8.042429e+08
1.545481e+03 9.960791e-01 9.805006e-01 1.949941e-02 5.360322e-14 1.949941e-02 7.888411e+08
1.535481e+03 9.903037e-01 9.760522e-01 2.394778e-02 5.583182e-14 2.394778e-02 7.736372e+08
1.525481e+03 9.836758e-01 9.707133e-01 2.928666e-02 5.808862e-14 2.928666e-02 7.586299e+08
1.515481e+03 9.760950e-01 9.643774e-01 3.562258e-02 6.035563e-14 3.562258e-02 7.438180e+08
1.505481e+03 9.674732e-01 9.569502e-01 4.304976e-02 6.261340e-14 4.304976e-02 7.292001e+08
1.495481e+03 9.577394e-01 9.483553e-01 5.164467e-02 6.484170e-14 5.164467e-02 7.147750e+08
1.485481e+03 9.468439e-01 9.385373e-01 6.146268e-02 6.702032e-14 6.146268e-02 7.005414e+08
1.475481e+03 9.347583e-01 9.274634e-01 7.253662e-02 6.912966e-14 7.253662e-02 6.864981e+08
1.465481e+03 9.214759e-01 9.151228e-01 8.487718e-02 7.115115e-14 8.487718e-02 6.726437e+08
1.455481e+03 9.070095e-01 9.015254e-01 9.847456e-02 7.306761e-14 9.847456e-02 6.589769e+08
1.445481e+03 8.913890e-01 8.866991e-01 1.133009e-01 7.486334e-14 1.133009e-01 6.454966e+08
1.435481e+03 8.746585e-01 8.706871e-01 1.293129e-01 7.652422e-14 1.293129e-01 6.322013e+08
1.425481e+03 8.568736e-01 8.535454e-01 1.464546e-01 7.803773e-14 1.464546e-01 6.190899e+08
1.415481e+03 8.380991e-01 8.353402e-01 1.646598e-01 7.939287e-14 1.646598e-01 6.061610e+08
1.405481e+03 8.184061e-01 8.161453e-01 1.838547e-01 8.058013e-14 1.838547e-01 5.934134e+08
1.395481e+03 7.978709e-01 7.960403e-01 2.039597e-01 8.159136e-14 2.039597e-01 5.808458e+08
1.385481e+03 7.765724e-01 7.751086e-01 2.248914e-01 8.241969e-14 2.248914e-01 5.684569e+08
1.375481e+03 7.545911e-01 7.534359e-01 2.465641e-01 8.305940e-14 2.465641e-01 5.562454e+08
1.365481e+03 7.320081e-01 7.311087e-01 2.688913e-01 8.350584e-14 2.688913e-01 5.442100e+08
1.355481e+03 7.089040e-01 7.082136e-01 2.917864e-01 8.375531e-14 2.917864e-01 5.323495e+08
1.345481e+03 6.853583e-01 6.848359e-01 3.151641e-01 8.380501e-14 3.151641e-01 5.206626e+08
1.335481e+03 6.614489e-01 6.610595e-01 3.389405e-01 8.365298e-14 3.389405e-01 5.091481e+08
1.325481e+03 6.372520e-01 6.369660e-01 3.630340e-01 8.329806e-14 3.630340e-01 4.978045e+08
1.315481e+03 6.128416e-01 6.126349e-01 3.873651e-01 8.273992e-14 3.873651e-01 4.866307e+08
1.305481e+03 5.882902e-01 5.881430e-01 4.118570e-01 8.197908e-14 4.118570e-01 4.756254e+08
1.295481e+03 5.636679e-01 5.635648e-01 4.364352e-01 8.101694e-14 4.364352e-01 4.647872e+08
1.285481e+03 5.390432e-01 5.389721e-01 4.610279e-01 7.985591e-14 4.610279e-01 4.541150e+08
1.275481e+03 5.144830e-01 5.144346e-01 4.855654e-01 7.849949e-14 4.855654e-01 4.436074e+08
1.265481e+03 4.900521e-01 4.900198e-01 5.099802e-01 7.695233e-14 5.099802e-01 4.332632e+08
1.255481e+03 4.658142e-01 4.657929e-01 5.342071e-01 7.522040e-14 5.342071e-01 4.230810e+08
1.245481e+03 4.418312e-01 4.418173e-01 5.581827e-01 7.331105e-14 5.581827e-01 4.130596e+08
1.235481e+03 4.181633e-01 4.181544e-01 5.818456e-01 7.123311e-14 5.818456e-01 4.031977e+08
1.225481e+03 3.948693e-01 3.948636e-01 6.051364e-01 6.899696e-14 6.051364e-01 3.934941e+08
1.215481e+03 3.720059e-01 3.720022e-01 6.279978e-01 6.661453e-14 6.279978e-01 3.839474e+08
1.205481e+03 3.496277e-01 3.496255e-01 6.503745e-01 6.409932e-14 6.503745e-01 3.745564e+08
1.195481e+03 3.277874e-01 3.277860e-01 6.722140e-01 6.146632e-14 6.722140e-01 3.653198e+08
1.185481e+03 3.065345e-01 3.065336e-01 6.934664e-01 5.873195e-14 6.934664e-01 3.562362e+08
1.175481e+03 2.859158e-01 2.859153e-01 7.140847e-01 5.591385e-14 7.140847e-01 3.473046e+08
1.165481e+03 2.659746e-01 2.659743e-01 7.340257e-01 5.303071e-14 7.340257e-01 3.385234e+08
1.155481e+03 2.467504e-01 2.467502e-01 7.532498e-01 5.010202e-14 7.532498e-01 3.298916e+08
1.145481e+03 2.282784e-01 2.282782e-01 7.717218e-01 4.714775e-14 7.717218e-01 3.214077e+08
1.135481e+03 2.105891e-01 2.105890e-01 7.894110e-01 4.418806e-14 7.894110e-01 3.130706e+08
1.125481e+03 1.937080e-01 1.937080e-01 8.062920e-01 4.124296e-14 8.062920e-01 3.048789e+08
1.115481e+03 1.776556e-01 1.776556e-01 8.223444e-01 3.833193e-14 8.223444e-01 2.968313e+08
1.105481e+03 1.624465e-01 1.624465e-01 8.375535e-01 3.547358e-14 8.375535e-01 2.889267e+08
1.095481e+03 1.480899e-01 1.480899e-01 8.519101e-01 3.268538e-14 8.519101e-01 2.811636e+08
1.085481e+03 1.345892e-01 1.345891e-01 8.654109e-01 2.998328e-14 8.654109e-01 2.735408e+08
1.075481e+03 1.219421e-01 1.219421e-01 8.780579e-01 2.738153e-14 8.780579e-01 2.660571e+08
1.065481e+03 1.101409e-01 1.101409e-01 8.898591e-01 2.489245e-14 8.898591e-01 2.587111e+08
1.055481e+03 9.917258e-02 9.917258e-02 9.008274e-01 2.252630e-14 9.008274e-01 2.515016e+08
1.045481e+03 8.901923e-02 8.901923e-02 9.109808e-01 2.029118e-14 9.109808e-01 2.444274e+08
1.035481e+03 7.965833e-02 7.965833e-02 9.203417e-01 1.819303e-14 9.203417e-01 2.374870e+08
1.025481e+03 7.106332e-02 7.106332e-02 9.289367e-01 1.623564e-14 9.289367e-01 2.306792e+08
1.015481e+03 6.320411e-02 6.320411e-02 9.367959e-01 1.442078e-14 9.367959e-01 2.240029e+08
1.005481e+03 5.604760e-02 5.604760e-02 9.439524e-01 1.274830e-14 9.439524e-01 2.174566e+08
9.954812e+02 4.955825e-02 4.955825e-02 9.504418e-01 1.121631e-14 9.504418e-01 2.110391e+08
9.854812e+02 4.369868e-02 4.369868e-02 9.563013e-01 9.821396e-15 9.563013e-01 2.047491e+08
9.754812e+02 3.843022e-02 3.843022e-02 9.615698e-01 8.558819e-15 9.615698e-01 1.985853e+08
9.654812e+02 3.371345e-02 3.371345e-02 9.662866e-01 7.422758e-15 9.662866e-01 1.925466e+08
9.554812e+02 2.950866e-02 2.950866e-02 9.704913e-01 6.406531e-15 9.704913e-01 1.866314e+08
9.454812e+02 2.577638e-02 2.577638e-02 9.742236e-01 5.502818e-15 9.742236e-01 1.808387e+08
9.354812e+02 2.247775e-02 2.247775e-02 9.775223e-01 4.703870e-15 9.775223e-01 1.751672e+08
9.254812e+02 1.957485e-02 1.957485e-02 9.804251e-01 4.001697e-15 9.804251e-01 1.696154e+08
9.154812e+02 1.703107e-02 1.703107e-02 9.829689e-01 3.388235e-15 9.829689e-01 1.641822e+08
9.054812e+02 1.481130e-02 1.481130e-02 9.851887e-01 2.855489e-15 9.851887e-01 1.588663e+08
8.954812e+02 1.288216e-02 1.288216e-02 9.871178e-01 2.395652e-15 9.871178e-01 1.536665e+08
8.854812e+02 1.121216e-02 1.121216e-02 9.887878e-01 2.001193e-15 9.887878e-01 1.485813e+08
8.754812e+02 9.771792e-03 9.771792e-03 9.902282e-01 1.664933e-15 9.902282e-01 1.436096e+08
8.654812e+02 8.533647e-03 8.533647e-03 9.914664e-01 1.380091e-15 9.914664e-01 1.387500e+08
8.554812e+02 7.472449e-03 7.472449e-03 9.925276e-01 1.140324e-15 9.925276e-01 1.340013e+08
8.454812e+02 6.565090e-03 6.565091e-03 9.934349e-01 9.397477e-16 9.934349e-01 1.293622e+08
8.354812e+02 5.790636e-03 5.790636e-03 9.942094e-01 7.729545e-16 9.942094e-01 1.248315e+08
8.254812e+02 5.130297e-03 5.130298e-03 9.948697e-01 6.350238e-16 9.948697e-01 1.204078e+08
8.154812e+02 4.567386e-03 4.567386e-03 9.954326e-01 5.215283e-16 9.954326e-01 1.160898e+08
8.054812e+02 4.087227e-03 4.087227e-03 9.959128e-01 4.285333e-16 9.959128e-01 1.118763e+08
7.954812e+02 3.677052e-03 3.677052e-03 9.963229e-01 3.525890e-16 9.963229e-01 1.077661e+08
7.854812e+02 3.325859e-03 3.325859e-03 9.966741e-01 2.907127e-16 9.966741e-01 1.037577e+08
7.754812e+02 3.024256e-03 3.024256e-03 9.969757e-01 2.403615e-16 9.969757e-01 9.985006e+07
7.654812e+02 2.764290e-03 2.764290e-03 9.972357e-01 1.993963e-16 9.972357e-01 9.604174e+07
7.554812e+02 2.539274e-03 2.539274e-03 9.974607e-01 1.660400e-16 9.974607e-01 9.233151e+07
7.454812e+02 2.343614e-03 2.343614e-03 9.976564e-01 1.388317e-16 9.976564e-01 8.871808e+07
7.354812e+02 2.172653e-03 2.172654e-03 9.978273e-01 1.165818e-16 9.978273e-01 8.520018e+07
7.254812e+02 2.022523e-03 2.022523e-03 9.979775e-01 9.832799e-17 9.979775e-01 8.177652e+07
7.154812e+02 1.890013e-03 1.890013e-03 9.981100e-01 8.329647e-17 9.981100e-01 7.844584e+07
7.054812e+02 1.772464e-03 1.772464e-03 9.982275e-01 7.086710e-17 9.982275e-01 7.520684e+07
6.954812e+02 1.667667e-03 1.667667e-03 9.983323e-01 6.054400e-17 9.983323e-01 7.205825e+07
6.854812e+02 1.573787e-03 1.573787e-03 9.984262e-01 5.193094e-17 9.984262e-01 6.899879e+07
6.754812e+02 1.489294e-03 1.489294e-03 9.985107e-01 4.471120e-17 9.985107e-01 6.602717e+07
6.654812e+02 1.412912e-03 1.412912e-03 9.985871e-01 3.863128e-17 9.985871e-01 6.314213e+07
6.554812e+02 1.343570e-03 1.343570e-03 9.986564e-01 3.348782e-17 9.986564e-01 6.034237e+07
6.454812e+02 1.280365e-03 1.280365e-03 9.987196e-01 2.911721e-17 9.987196e-01 5.762663e+07
6.354812e+02 1.222537e-03 1.222537e-03 9.987775e-01 2.538738e-17 9.987775e-01 5.499361e+07
6.254812e+02 1.169439e-03 1.169439e-03 9.988306e-01 2.219135e-17 9.988306e-01 5.244205e+07
6.154812e+02 1.120522e-03 1.120522e-03 9.988795e-01 1.944207e-17 9.988795e-01 4.997065e+07
6.054812e+02 1.075314e-03 1.075314e-03 9.989247e-01 1.706840e-17 9.989247e-01 4.757815e+07
5.954812e+02 1.033412e-03 1.033412e-03 9.989666e-01 1.501199e-17 9.989666e-01 4.526325e+07
5.854812e+02 9.944659e-04 9.944659e-04 9.990055e-01 1.322473e-17 9.990055e-01 4.302469e+07
5.754812e+02 9.581732e-04 9.581732e-04 9.990418e-01 1.166675e-17 9.990418e-01 4.086118e+07
5.654812e+02 9.242708e-04 9.242708e-04 9.990757e-01 1.030492e-17 9.990757e-01 3.877145e+07
5.554812e+02 8.925286e-04 8.925286e-04 9.991075e-01 9.111526e-18 9.991075e-01 3.675420e+07
5.454812e+02 8.627448e-04 8.627448e-04 9.991373e-01 8.063319e-18 9.991373e-01 3.480817e+07
5.354812e+02 8.347418e-04 8.347418e-04 9.991653e-01 7.140694e-18 9.991653e-01 3.293207e+07
5.254812e+02 8.083624e-04 8.083624e-04 9.991916e-01 6.327054e-18 9.991916e-01 3.112462e+07
5.154812e+02 7.834674e-04 7.834674e-04 9.992165e-01 5.608290e-18 9.992165e-01 2.938455e+07
5.054812e+02 7.599327e-04 7.599327e-04 9.992401e-01 4.972362e-18 9.992401e-01 2.771057e+07
4.954812e+02 7.376477e-04 7.376477e-04 9.992624e-01 4.408955e-18 9.992624e-01 2.610141e+07
4.854812e+02 7.165132e-04 7.165132e-04 9.992835e-01 3.909203e-18 9.992835e-01 2.455578e+07
4.754812e+02 6.964401e-04 6.964401e-04 9.993036e-01 3.465455e-18 9.993036e-01 2.307240e+07
4.654812e+02 6.773481e-04 6.773481e-04 9.993227e-01 3.071089e-18 9.993227e-01 2.165000e+07
4.554812e+02 6.591645e-04 6.591645e-04 9.993408e-01 2.720355e-18 9.993408e-01 2.028730e+07
4.454812e+02 6.418237e-04 6.418237e-04 9.993582e-01 2.408247e-18 9.993582e-01 1.898301e+07
4.354812e+02 6.252659e-04 6.252659e-04 9.993747e-01 2.130391e-18 9.993747e-01 1.773585e+07
4.254812e+02 6.094367e-04 6.094367e-04 9.993906e-01 1.882957e-18 9.993906e-01 1.654456e+07
4.154812e+02 5.942864e-04 5.942864e-04 9.994057e-01 1.662583e-18 9.994057e-01 1.540784e+07
4.054812e+02 5.797695e-04 5.797695e-04 9.994202e-01 1.466310e-18 9.994202e-01 1.432441e+07
3.954812e+02 5.658443e-04 5.658443e-04 9.994342e-01 1.291527e-18 9.994342e-01 1.329301e+07
3.854812e+02 5.524723e-04 5.524723e-04 9.994475e-01 1.135926e-18 9.994475e-01 1.231234e+07
3.754812e+02 5.396182e-04 5.396182e-04 9.994604e-01 9.974631e-19 9.994604e-01 1.138113e+07
3.654812e+02 5.272492e-04 5.272492e-04 9.994728e-01 8.743231e-19 9.994728e-01 1.049810e+07
3.554812e+02 5.153349e-04 5.153349e-04 9.994847e-01 7.648917e-19 9.994847e-01 9.661962e+06
3.454812e+02 5.038473e-04 5.038473e-04 9.994962e-01 6.677310e-19 9.994962e-01 8.871447e+06
3.354812e+02 4.927600e-04 4.927600e-04 9.995072e-01 5.815575e-19 9.995072e-01 8.125271e+06
3.254812e+02 4.820484e-04 4.820484e-04 9.995180e-01 5.052241e-19 9.995180e-01 7.422154e+06
3.154812e+02 4.716896e-04 4.716896e-04 9.995283e-01 4.377041e-19 9.995283e-01 6.760817e+06
3.054812e+02 4.616618e-04 4.616618e-04 9.995383e-01 3.780770e-19 9.995383e-01 6.139980e+06
2.954812e+02 4.519447e-04 4.519447e-04 9.995481e-01 3.255166e-19 9.995481e-01 5.558363e+06
2.854812e+02 4.425188e-04 4.425188e-04 9.995575e-01 2.792806e-19 9.995575e-01 5.014687e+06
2.754812e+02 4.333656e-04 4.333656e-04 9.995666e-01 2.387012e-19 9.995666e-01 4.507671e+06
2.654812e+02 4.244675e-04 4.244675e-04 9.995755e-01 2.031769e-19 9.995755e-01 4.036037e+06
2.554812e+02 4.158072e-04 4.158072e-04 9.995842e-01 1.721659e-19 9.995842e-01 3.598504e+06
2.454812e+02 4.073683e-04 4.073683e-04 9.995926e-01 1.451794e-19 9.995926e-01 3.193793e+06
2.354812e+02 3.991345e-04 3.991345e-04 9.996009e-01 1.217764e-19 9.996009e-01 2.820624e+06
2.334812e+02 3.975109e-04 3.975109e-04 9.996025e-01 1.173011e-19 9.996025e-01 2.749663e+06
2.314812e+02 3.958947e-04 3.958947e-04 9.996041e-01 1.131343e-19 9.996041e-01 2.679902e+06
2.294812e+02 3.942859e-04 3.942859e-04 9.996057e-01 1.090947e-19 9.996057e-01 2.611331e+06
2.274812e+02 3.926842e-04 3.926842e-04 9.996073e-01 1.051739e-19 9.996073e-01 2.543940e+06
2.254812e+02 3.910895e-04 3.910895e-04 9.996089e-01 1.013687e-19 9.996089e-01 2.477718e+06
2.234812e+02 3.895018e-04 3.895018e-04 9.996105e-01 9.767645e-20 9.996105e-01 2.412656e+06
2.214812e+02 3.879209e-04 3.879209e-04 9.996121e-01 9.409443e-20 9.996121e-01 2.348742e+06
2.194812e+02 3.863466e-04 3.863466e-04 9.996137e-01 9.061999e-20 9.996137e-01 2.285968e+06
2.174812e+02 3.847788e-04 3.847788e-04 9.996152e-01 8.725053e-20 9.996152e-01 2.224322e+06
2.154812e+02 3.832174e-04 3.832174e-04 9.996168e-01 8.398350e-20 9.996168e-01 2.163794e+06
2.134812e+02 3.816623e-04 3.816623e-04 9.996183e-01 8.081643e-20 9.996183e-01 2.104375e+06
2.114812e+02 3.801133e-04 3.801133e-04 9.996199e-01 7.774686e-20 9.996199e-01 2.046053e+06
2.094812e+02 3.785703e-04 3.785703e-04 9.996214e-01 7.477240e-20 9.996214e-01 1.988819e+06
2.074812e+02 3.770331e-04 3.770331e-04 9.996230e-01 7.189072e-20 9.996230e-01 1.932663e+06
2.054812e+02 3.755017e-04 3.755017e-04 9.996245e-01 6.909951e-20 9.996245e-01 1.877573e+06
2.034812e+02 3.739759e-04 3.739759e-04 9.996260e-01 6.639652e-20 9.996260e-01 1.823541e+06
2.014812e+02 3.724555e-04 3.724555e-04 9.996275e-01 6.377955e-20 9.996275e-01 1.770555e+06
1.994812e+02 3.709404e-04 3.709404e-04 9.996291e-01 6.124644e-20 9.996291e-01 1.718606e+06
1.974812e+02 3.694304e-04 3.694304e-04 9.996306e-01 5.879508e-20 9.996306e-01 1.667683e+06
1.954812e+02 3.679255e-04 3.679255e-04 9.996321e-01 5.642338e-20 9.996321e-01 1.617776e+06
1.934812e+02 3.664254e-04 3.664254e-04 9.996336e-01 5.412932e-20 9.996336e-01 1.568875e+06
1.914812e+02 3.649301e-04 3.649301e-04 9.996351e-01 5.191091e-20 9.996351e-01 1.520969e+06
1.894812e+02 3.634394e-04 3.634394e-04 9.996366e-01 4.976619e-20 9.996366e-01 1.474048e+06
1.874812e+02 3.619530e-04 3.619530e-04 9.996380e-01 4.769326e-20 9.996380e-01 1.428103e+06
1.854812e+02 3.604710e-04 3.604710e-04 9.996395e-01 4.569024e-20 9.996395e-01 1.383122e+06
1.834812e+02 3.589930e-04 3.589930e-04 9.996410e-01 4.375530e-20 9.996410e-01 1.339096e+06
1.814812e+02 3.575190e-04 3.575190e-04 9.996425e-01 4.188665e-20 9.996425e-01 1.296014e+06
1.794812e+02 3.560488e-04 3.560488e-04 9.996440e-01 4.008252e-20 9.996440e-01 1.253866e+06
1.774812e+02 3.545822e-04 3.545822e-04 9.996454e-01 3.834119e-20 9.996454e-01 1.212643e+06
1.754812e+02 3.531190e-04 3.531190e-04 9.996469e-01 3.666097e-20 9.996469e-01 1.172332e+06
1.734812e+02 3.516591e-04 3.516591e-04 9.996483e-01 3.504021e-20 9.996483e-01 1.132925e+06
1.714812e+02 3.502023e-04 3.502023e-04 9.996498e-01 3.347728e-20 9.996498e-01 1.094411e+06
1.694812e+02 3.487484e-04 3.487484e-04 9.996513e-01 3.197060e-20 9.996513e-01 1.056781e+06
1.674812e+02 3.472972e-04 3.472972e-04 9.996527e-01 3.051862e-20 9.996527e-01 1.020022e+06
1.654812e+02 3.458485e-04 3.458485e-04 9.996542e-01 2.911981e-20 9.996542e-01 9.841265e+05
1.634812e+02 3.444022e-04 3.444022e-04 9.996556e-01 2.777268e-20 9.996556e-01 9.490829e+05
1.614812e+02 3.429580e-04 3.429580e-04 9.996570e-01 2.647576e-20 9.996570e-01 9.148812e+05
1.594812e+02 3.415156e-04 3.415156e-04 9.996585e-01 2.522764e-20 9.996585e-01 8.815112e+05
1.574812e+02 3.400750e-04 3.400750e-04 9.996599e-01 2.402691e-20 9.996599e-01 8.489626e+05
1.554812e+02 3.386358e-04 3.386358e-04 9.996614e-01 2.287219e-20 9.996614e-01 8.172254e+05
1.534812e+02 3.371978e-04 3.371978e-04 9.996628e-01 2.176215e-20 9.996628e-01 7.862890e+05
1.514812e+02 3.357608e-04 3.357608e-04 9.996642e-01 2.069547e-20 9.996642e-01 7.561435e+05
1.494812e+02 3.343245e-04 3.343245e-04 9.996657e-01 1.967086e-20 9.996657e-01 7.267785e+05
1.474812e+02 3.328887e-04 3.328887e-04 9.996671e-01 1.868706e-20 9.996671e-01 6.981837e+05
1.454812e+02 3.314530e-04 3.314530e-04 9.996685e-01 1.774284e-20 9.996685e-01 6.703490e+05
1.434812e+02 3.300173e-04 3.300173e-04 9.996700e-01 1.683698e-20 9.996700e-01 6.432641e+05
1.414812e+02 3.285812e-04 3.285812e-04 9.996714e-01 1.596805e-20 9.996714e-01 6.169188e+05
1.394812e+02 3.271446e-04 3.271446e-04 9.996729e-01 1.513221e-20 9.996729e-01 5.913028e+05
1.374812e+02 3.257199e-04 3.257199e-04 9.996743e-01 1.405578e-20 9.996743e-01 5.664059e+05
1.354812e+02 3.244085e-04 3.244085e-04 9.996756e-01 1.118191e-20 9.996756e-01 5.422178e+05
1.334812e+02 3.231986e-04 3.231986e-04 9.996768e-01 1.077086e-20 9.996768e-01 5.187284e+05
1.314812e+02 3.219871e-04 3.219871e-04 9.996780e-01 1.019211e-20 9.996780e-01 4.959273e+05
1.294812e+02 3.207741e-04 3.207741e-04 9.996792e-01 9.627198e-21 9.996792e-01 4.738044e+05
1.274812e+02 3.195592e-04 3.195592e-04 9.996804e-01 9.085829e-21 9.996804e-01 4.523494e+05
1.254812e+02 3.183424e-04 3.183424e-04 9.996817e-01 8.567889e-21 9.996817e-01 4.315521e+05
1.234812e+02 3.171233e-04 3.171233e-04 9.996829e-01 8.072701e-21 9.996829e-01 4.114022e+05
1.214812e+02 3.159017e-04 3.159017e-04 9.996841e-01 7.599567e-21 9.996841e-01 3.918894e+05
1.194812e+02 3.146775e-04 3.146775e-04 9.996853e-01 7.147801e-21 9.996853e-01 3.730037e+05
1.174812e+02 3.134504e-04 3.134504e-04 9.996865e-01 6.716729e-21 9.996865e-01 3.547346e+05
1.154812e+02 3.122201e-04 3.122201e-04 9.996878e-01 6.305691e-21 9.996878e-01 3.370721e+05
1.134812e+02 3.109863e-04 3.109863e-04 9.996890e-01 5.914039e-21 9.996890e-01 3.200057e+05
1.114812e+02 3.097488e-04 3.097488e-04 9.996903e-01 5.541138e-21 9.996903e-01 3.035254e+05
1.094812e+02 3.085072e-04 3.085072e-04 9.996915e-01 5.186365e-21 9.996915e-01 2.876209e+05
1.074812e+02 3.072613e-04 3.072613e-04 9.996927e-01 4.849110e-21 9.996927e-01 2.722818e+05
1.054812e+02 3.060107e-04 3.060107e-04 9.996940e-01 4.528775e-21 9.996940e-01 2.574981e+05
1.034812e+02 3.047550e-04 3.047550e-04 9.996952e-01 4.224774e-21 9.996952e-01 2.432594e+05
1.014812e+02 3.034939e-04 3.034939e-04 9.996965e-01 3.936531e-21 9.996965e-01 2.295556e+05
9.948117e+01 3.022269e-04 3.022269e-04 9.996978e-01 3.663484e-21 9.996978e-01 2.163763e+05
9.748117e+01 3.009536e-04 3.009536e-04 9.996990e-01 3.405082e-21 9.996990e-01 2.037113e+05
9.548117e+01 2.996734e-04 2.996734e-04 9.997003e-01 3.160783e-21 9.997003e-01 1.915505e+05
9.348117e+01 2.983860e-04 2.983860e-04 9.997016e-01 2.930058e-21 9.997016e-01 1.798835e+05
9.148117e+01 2.970906e-04 2.970906e-04 9.997029e-01 2.712387e-21 9.997029e-01 1.687002e+05
8.948117e+01 2.957868e-04 2.957868e-04 9.997042e-01 2.507263e-21 9.997042e-01 1.579902e+05
8.748117e+01 2.944739e-04 2.944739e-04 9.997055e-01 2.314187e-21 9.997055e-01 1.477434e+05
8.548117e+01 2.931510e-04 2.931510e-04 9.997068e-01 2.132645e-21 9.997068e-01 1.379495e+05
8.348117e+01 2.918242e-04 2.918242e-04 9.997082e-01 1.938918e-21 9.997082e-01 1.285983e+05
8.148117e+01 2.906073e-04 2.906073e-04 9.997094e-01 1.630724e-21 9.997094e-01 1.196796e+05
7.948117e+01 2.894039e-04 2.894039e-04 9.997106e-01 1.467045e-21 9.997106e-01 1.111830e+05
7.748117e+01 2.881904e-04 2.881904e-04 9.997118e-01 1.338305e-21 9.997118e-01 1.030984e+05
7.548117e+01 2.869660e-04 2.869660e-04 9.997130e-01 1.220167e-21 9.997130e-01 9.541555e+04
7.348117e+01 2.857302e-04 2.857302e-04 9.997143e-01 1.110119e-21 9.997143e-01 8.812418e+04
7.148117e+01 2.844822e-04 2.844822e-04 9.997155e-01 1.007620e-21 9.997155e-01 8.121405e+04
6.948117e+01 2.832211e-04 2.832211e-04 9.997168e-01 9.123175e-22 9.997168e-01 7.467495e+04
6.748117e+01 2.819461e-04 2.819461e-04 9.997181e-01 8.238833e-22 9.997181e-01 6.849662e+04
6.548117e+01 2.806561e-04 2.806561e-04 9.997193e-01 7.419962e-22 9.997193e-01 6.266883e+04
6.348117e+01 2.793500e-04 2.793500e-04 9.997206e-01 6.663414e-22 9.997206e-01 5.718134e+04
6.148117e+01 2.780265e-04 2.780265e-04 9.997220e-01 5.966053e-22 9.997220e-01 5.202392e+04
5.948117e+01 2.766971e-04 2.766971e-04 9.997233e-01 4.791298e-22 9.997233e-01 4.718633e+04
5.748117e+01 2.754548e-04 2.754548e-04 9.997245e-01 4.305954e-22 9.997245e-01 4.265832e+04
5.548117e+01 2.741948e-04 2.741948e-04 9.997258e-01 3.814024e-22 9.997258e-01 3.842967e+04
5.348117e+01 2.729155e-04 2.729155e-04 9.997271e-01 3.359996e-22 9.997271e-01 3.449014e+04
5.148117e+01 2.716156e-04 2.716156e-04 9.997284e-01 2.946531e-22 9.997284e-01 3.082948e+04
4.948117e+01 2.702933e-04 2.702933e-04 9.997297e-01 2.571838e-22 9.997297e-01 2.743746e+04
4.748117e+01 2.689465e-04 2.689465e-04 9.997311e-01 2.233537e-22 9.997311e-01 2.430384e+04
4.548117e+01 2.676285e-04 2.676285e-04 9.997324e-01 1.876265e-22 9.997324e-01 2.141839e+04
4.348117e+01 2.663306e-04 2.663306e-04 9.997337e-01 1.539789e-22 9.997337e-01 1.877086e+04
4.148117e+01 2.650061e-04 2.650061e-04 9.997350e-01 1.303700e-22 9.997350e-01 1.635103e+04
3.948117e+01 2.636523e-04 2.636523e-04 9.997363e-01 1.100988e-22 9.997363e-01 1.414864e+04
3.748117e+01 2.622848e-04 2.622848e-04 9.997377e-01 8.333099e-23 9.997377e-01 1.215347e+04
3.548117e+01 2.609551e-04 2.609551e-04 9.997390e-01 7.143065e-23 9.997390e-01 1.035528e+04
3.348117e+01 2.595914e-04 2.595914e-04 9.997404e-01 5.877227e-23 9.997404e-01 8.743829e+03
3.148117e+01 2.582323e-04 2.582323e-04 9.997418e-01 4.506975e-23 9.997418e-01 7.308877e+03
2.948117e+01 2.568719e-04 2.568719e-04 9.997431e-01 3.596208e-23 9.997431e-01 6.040190e+03
2.748117e+01 2.554983e-04 2.554983e-04 9.997445e-01 2.661136e-23 9.997445e-01 4.927529e+03
2.548117e+01 2.541246e-04 2.541246e-04 9.997459e-01 2.081975e-23 9.997459e-01 3.960657e+03
2.348117e+01 2.527572e-04 2.527572e-04 9.997472e-01 1.462238e-23 9.997472e-01 3.129336e+03
2.148117e+01 2.513776e-04 2.513776e-04 9.997486e-01 1.048528e-23 9.997486e-01 2.423329e+03
1.948117e+01 2.500027e-04 2.500027e-04 9.997500e-01 6.992097e-24 9.997500e-01 1.832399e+03
1.748117e+01 2.486293e-04 2.486293e-04 9.997514e-01 4.664033e-24 9.997514e-01 1.346307e+03
1.548117e+01 2.472532e-04 2.472532e-04 9.997527e-01 3.246774e-24 9.997527e-01 9.548166e+02
1.348117e+01 2.458913e-04 2.458913e-04 9.997541e-01 1.081562e-24 9.997541e-01 6.476895e+02
1.148117e+01 2.445632e-04 2.445632e-04 9.997554e-01 1.964002e-24 9.997554e-01 4.146885e+02
9.481173e+00 2.432660e-04 2.432660e-04 9.997567e-01 1.170348e-24 9.997567e-01 2.455758e+02
# z            x_e = ne/nh   np/nH        H(n=1)/nH    H(n=2)/nH    H(all n)/nH  nH=H(all n)+np
